0 0 0 0 0 0 0 0 0 0 0 0 0 0 0 0 0 0 0 0 0 0 0 0 0 0 0 0 0.129032167400704 0.207413768509558 0.301966205404137 0.404646899200858 0.506370776476777 0.599341703750742 0.678413050833265 0.741292464496538 0.78792343075865 0.819525188934035 0.837665753786066 0.843562292621571 0.837665753786066 0.819525188934035 0.78792343075865 0.741292464496538 0.678413050833265 0.599341703750742 0.506370776476777 0.404646899200858 0.301966205404137 0.207413768509558 0.129032167400704 0 0 0 0 0 0 0 0 0 0 0 0 0 0 0 0 0 0 0 0 0 0.100692484575402 0.132168997898845 0.163021388703181 0.190399311582767 0.211824785804258 0.225436948126087 0.230100793631598 0.225436948126087 0.211824785804258 0.190399311582767 0.163021388703181 0.132168997898845 0.100692484575402 0 0 0 0 0 0 0 0 0 0 0 0 0 0 0 0 
0 0 0 0 0 0 0 0 0 0 0 0 0 0 0 0 0 0 0 0 0 0 0 0 0 0 0 0.100692484575402 0.174384737139833 0.269678742919249 0.379110887283382 0.492360316662318 0.599341703750742 0.692595282575667 0.768242837728334 0.825644960902086 0.866337904026611 0.892822829742286 0.907556242773421 0.912262624816315 0.907556242773421 0.892822829742286 0.866337904026611 0.825644960902086 0.768242837728334 0.692595282575667 0.599341703750742 0.492360316662318 0.379110887283382 0.269678742919249 0.174384737139833 0.100692484575402 0 0 0 0 0 0 0 0 0 0 0 0 0 0 0 0 0 0 0 0.129032167400704 0.174384737139833 0.220836336046566 0.264512403739173 0.301966205404137 0.330515821523994 0.348332566942387 0.354381957135243 0.348332566942387 0.330515821523994 0.301966205404137 0.264512403739173 0.220836336046566 0.174384737139833 0.129032167400704 0 0 0 0 0 0 0 0 0 0 0 0 0 0 0 
0 0 0 0 0 0 0 0 0 0 0 0 0 0 0 0 0 0 0 0 0 0 0 0 0 0 0 0.132168997898845 0.220836336046566 0.330515821523994 0.451075486675191 0.570502297635273 0.678413050833265 0.768242837728334 0.837665753786066 0.88771340782359 0.921356957472602 0.942152063951673 0.953231386473442 0.956682192461664 0.953231386473442 0.942152063951673 0.921356957472602 0.88771340782359 0.837665753786066 0.768242837728334 0.678413050833265 0.570502297635273 0.451075486675191 0.330515821523994 0.220836336046566 0.132168997898845 0 0 0 0 0 0 0 0 0 0 0 0 0 0 0 0 0 0 0.148718319959564 0.207413768509558 0.269678742919249 0.330515821523994 0.385421610472514 0.4309247939071 0.464700712742793 0.48539794290909 0.492360316662318 0.48539794290909 0.464700712742793 0.4309247939071 0.385421610472514 0.330515821523994 0.269678742919249 0.207413768509558 0.148718319959564 0 0 0 0 0 0 0 0 0 0 0 0 0 0 
0 0 0 0 0 0 0 0 0 0 0 0 0 0 0 0 0 0 0 0 0 0 0 0 0 0 0 0.163021388703181 0.264512403739173 0.385421610472514 0.513415663919192 0.635420390446752 0.741292464496538 0.825644960902086 0.88771340782359 0.930014636571424 0.956682192461664 0.972056081486504 0.979731293265429 0.982024778087707 0.979731293265429 0.972056081486504 0.956682192461664 0.930014636571424 0.88771340782359 0.825644960902086 0.741292464496538 0.635420390446752 0.513415663919192 0.385421610472514 0.264512403739173 0.163021388703181 0 0 0 0 0 0 0 0 0 0 0 0 0 0 0 0 0 0.155749842549783 0.225436948126087 0.301966205404137 0.379110887283382 0.451075486675191 0.513415663919192 0.563312339004762 0.599341703750742 0.620999310052938 0.628212978004615 0.620999310052938 0.599341703750742 0.563312339004762 0.513415663919192 0.451075486675191 0.379110887283382 0.301966205404137 0.225436948126087 0.155749842549783 0 0 0 0 0 0 0 0 0 0 0 0 0 
0 0 0 0 0 0 0 0 0 0 0 0 0 0 0 0 0 0 0 0 0 0 0 0 0 0 0.105932590152189 0.190399311582767 0.301966205404137 0.4309247939071 0.563312339004762 0.685516059264436 0.78792343075865 0.866337904026611 0.921356957472602 0.956682192461664 0.977304662219488 0.988097006136808 0.992939597787242 0.994277227520972 0.992939597787242 0.988097006136808 0.977304662219488 0.956682192461664 0.921356957472602 0.866337904026611 0.78792343075865 0.685516059264436 0.563312339004762 0.4309247939071 0.301966205404137 0.190399311582767 0.105932590152189 0 0 0 0 0 0 0 0 0 0 0 0 0 0 0 0.148718319959564 0.225436948126087 0.313210661355389 0.404646899200858 0.492360316662318 0.570502297635273 0.635420390446752 0.685516059264436 0.720628906228449 0.741292464496538 0.748099103226458 0.741292464496538 0.720628906228449 0.685516059264436 0.635420390446752 0.570502297635273 0.492360316662318 0.404646899200858 0.313210661355389 0.225436948126087 0.148718319959564 0 0 0 0 0 0 0 0 0 0 0 0 
0 0 0 0 0 0 0 0 0 0 0 0 0 0 0 0 0 0 0 0 0 0 0 0 0 0 0.119959298492964 0.211824785804258 0.330515821523994 0.464700712742793 0.599341703750742 0.720628906228449 0.819525188934035 0.892822829742286 0.942152063951673 0.972056081486504 0.988097006136808 0.995475581489367 0.998230206735349 0.998866971195051 0.998230206735349 0.995475581489367 0.988097006136808 0.972056081486504 0.942152063951673 0.892822829742286 0.819525188934035 0.720628906228449 0.599341703750742 0.464700712742793 0.330515821523994 0.211824785804258 0.119959298492964 0 0 0 0 0 0 0 0 0 0 0 0 0 0 0.129032167400704 0.207413768509558 0.301966205404137 0.404646899200858 0.506370776476777 0.599341703750742 0.678413050833265 0.741292464496538 0.78792343075865 0.819525188934035 0.837665753786066 0.843562292621571 0.837665753786066 0.819525188934035 0.78792343075865 0.741292464496538 0.678413050833265 0.599341703750742 0.506370776476777 0.404646899200858 0.301966205404137 0.207413768509558 0.129032167400704 0 0 0 0 0 0 0 0 0 0 0 
0 0 0 0 0 0 0 0 0 0 0 0 0 0 0 0 0 0 0 0 0 0 0 0 0 0 0.129032167400704 0.225436948126087 0.348332566942387 0.48539794290909 0.620999310052938 0.741292464496538 0.837665753786066 0.907556242773421 0.953231386473442 0.979731293265429 0.992939597787242 0.998230206735349 0.999716622367193 0.999929148062158 0.999716622367193 0.998230206735349 0.992939597787242 0.979731293265429 0.953231386473442 0.907556242773421 0.837665753786066 0.741292464496538 0.620999310052938 0.48539794290909 0.348332566942387 0.225436948126087 0.129032167400704 0 0 0 0 0 0 0 0 0 0 0 0 0 0.100692484575402 0.174384737139833 0.269678742919249 0.379110887283382 0.492360316662318 0.599341703750742 0.692595282575667 0.768242837728334 0.825644960902086 0.866337904026611 0.892822829742286 0.907556242773421 0.912262624816315 0.907556242773421 0.892822829742286 0.866337904026611 0.825644960902086 0.768242837728334 0.692595282575667 0.599341703750742 0.492360316662318 0.379110887283382 0.269678742919249 0.174384737139833 0.100692484575402 0 0 0 0 0 0 0 0 0 0 
0 0 0 0 0 0 0 0 0 0 0 0 0 0 0 0 0 0 0 0 0 0 0 0 0 0 0.132168997898845 0.230100793631598 0.354381957135243 0.492360316662318 0.628212978004615 0.748099103226458 0.843562292621571 0.912262624816315 0.956682192461664 0.982024778087707 0.994277227520972 0.998866971195051 0.999929148062158 1 0.999929148062158 0.998866971195051 0.994277227520972 0.982024778087707 0.956682192461664 0.912262624816315 0.843562292621571 0.748099103226458 0.628212978004615 0.492360316662318 0.354381957135243 0.230100793631598 0.132168997898845 0 0 0 0 0 0 0 0 0 0 0 0 0 0.132168997898845 0.220836336046566 0.330515821523994 0.451075486675191 0.570502297635273 0.678413050833265 0.768242837728334 0.837665753786066 0.88771340782359 0.921356957472602 0.942152063951673 0.953231386473442 0.956682192461664 0.953231386473442 0.942152063951673 0.921356957472602 0.88771340782359 0.837665753786066 0.768242837728334 0.678413050833265 0.570502297635273 0.451075486675191 0.330515821523994 0.220836336046566 0.132168997898845 0 0 0 0 0 0 0 0 0 0 
0 0 0 0 0 0 0 0 0 0 0 0 0 0 0 0 0 0 0 0 0 0 0 0 0 0 0.129032167400704 0.225436948126087 0.348332566942387 0.48539794290909 0.620999310052938 0.741292464496538 0.837665753786066 0.907556242773421 0.953231386473442 0.979731293265429 0.992939597787242 0.998230206735349 0.999716622367193 0.999929148062158 0.999716622367193 0.998230206735349 0.992939597787242 0.979731293265429 0.953231386473442 0.907556242773421 0.837665753786066 0.741292464496538 0.620999310052938 0.48539794290909 0.348332566942387 0.225436948126087 0.129032167400704 0 0 0 0 0 0 0 0 0 0 0 0 0 0.163021388703181 0.264512403739173 0.385421610472514 0.513415663919192 0.635420390446752 0.741292464496538 0.825644960902086 0.88771340782359 0.930014636571424 0.956682192461664 0.972056081486504 0.979731293265429 0.982024778087707 0.979731293265429 0.972056081486504 0.956682192461664 0.930014636571424 0.88771340782359 0.825644960902086 0.741292464496538 0.635420390446752 0.513415663919192 0.385421610472514 0.264512403739173 0.163021388703181 0 0 0 0 0 0 0 0 0 0 
0 0 0 0 0 0 0 0 0 0 0 0 0 0 0 0 0 0 0 0 0 0 0 0 0 0 0.119959298492964 0.211824785804258 0.330515821523994 0.464700712742793 0.599341703750742 0.720628906228449 0.819525188934035 0.892822829742286 0.942152063951673 0.972056081486504 0.988097006136808 0.995475581489367 0.998230206735349 0.998866971195051 0.998230206735349 0.995475581489367 0.988097006136808 0.972056081486504 0.942152063951673 0.892822829742286 0.819525188934035 0.720628906228449 0.599341703750742 0.464700712742793 0.330515821523994 0.211824785804258 0.119959298492964 0 0 0 0 0 0 0 0 0 0 0 0 0.105932590152189 0.190399311582767 0.301966205404137 0.4309247939071 0.563312339004762 0.685516059264436 0.78792343075865 0.866337904026611 0.921356957472602 0.956682192461664 0.977304662219488 0.988097006136808 0.992939597787242 0.994277227520972 0.992939597787242 0.988097006136808 0.977304662219488 0.956682192461664 0.921356957472602 0.866337904026611 0.78792343075865 0.685516059264436 0.563312339004762 0.4309247939071 0.301966205404137 0.190399311582767 0.105932590152189 0 0 0 0 0 0 0 0 0 
0 0 0 0 0 0 0 0 0 0 0 0 0 0 0 0 0 0 0 0 0 0 0 0 0 0 0.105932590152189 0.190399311582767 0.301966205404137 0.4309247939071 0.563312339004762 0.685516059264436 0.78792343075865 0.866337904026611 0.921356957472602 0.956682192461664 0.977304662219488 0.988097006136808 0.992939597787242 0.994277227520972 0.992939597787242 0.988097006136808 0.977304662219488 0.956682192461664 0.921356957472602 0.866337904026611 0.78792343075865 0.685516059264436 0.563312339004762 0.4309247939071 0.301966205404137 0.190399311582767 0.105932590152189 0 0 0 0 0 0 0 0 0 0 0 0 0.119959298492964 0.211824785804258 0.330515821523994 0.464700712742793 0.599341703750742 0.720628906228449 0.819525188934035 0.892822829742286 0.942152063951673 0.972056081486504 0.988097006136808 0.995475581489367 0.998230206735349 0.998866971195051 0.998230206735349 0.995475581489367 0.988097006136808 0.972056081486504 0.942152063951673 0.892822829742286 0.819525188934035 0.720628906228449 0.599341703750742 0.464700712742793 0.330515821523994 0.211824785804258 0.119959298492964 0 0 0 0 0 0 0 0 0 
0 0 0 0 0 0 0 0 0 0 0 0 0 0 0 0 0 0 0 0 0 0 0.109542130756352 0.126461397256951 0.139711023149307 0.148143100518045 0.151035674181538 0.163021388703181 0.264512403739173 0.385421610472514 0.513415663919192 0.635420390446752 0.741292464496538 0.825644960902086 0.88771340782359 0.930014636571424 0.956682192461664 0.972056081486504 0.979731293265429 0.982024778087707 0.979731293265429 0.972056081486504 0.956682192461664 0.930014636571424 0.88771340782359 0.825644960902086 0.741292464496538 0.635420390446752 0.513415663919192 0.385421610472514 0.264512403739173 0.163021388703181 0 0 0 0 0 0 0 0 0 0 0 0 0 0.129032167400704 0.225436948126087 0.348332566942387 0.48539794290909 0.620999310052938 0.741292464496538 0.837665753786066 0.907556242773421 0.953231386473442 0.979731293265429 0.992939597787242 0.998230206735349 0.999716622367193 0.999929148062158 0.999716622367193 0.998230206735349 0.992939597787242 0.979731293265429 0.953231386473442 0.907556242773421 0.837665753786066 0.741292464496538 0.620999310052938 0.48539794290909 0.348332566942387 0.225436948126087 0.129032167400704 0 0 0 0 0 0 0 0 0 
0 0 0 0 0 0 0 0 0 0 0 0 0 0 0 0 0 0 0 0 0.126461397256951 0.156945020232209 0.185625653115165 0.21034743289174 0.229319095652364 0.24122880273085 0.245286322140164 0.24122880273085 0.229319095652364 0.330515821523994 0.451075486675191 0.570502297635273 0.678413050833265 0.768242837728334 0.837665753786066 0.88771340782359 0.921356957472602 0.942152063951673 0.953231386473442 0.956682192461664 0.953231386473442 0.942152063951673 0.921356957472602 0.88771340782359 0.837665753786066 0.768242837728334 0.678413050833265 0.570502297635273 0.451075486675191 0.330515821523994 0.220836336046566 0.132168997898845 0 0 0 0 0 0 0 0 0 0 0 0 0 0.132168997898845 0.230100793631598 0.354381957135243 0.492360316662318 0.628212978004615 0.748099103226458 0.843562292621571 0.912262624816315 0.956682192461664 0.982024778087707 0.994277227520972 0.998866971195051 0.999929148062158 1 0.999929148062158 0.998866971195051 0.994277227520972 0.982024778087707 0.956682192461664 0.912262624816315 0.843562292621571 0.748099103226458 0.628212978004615 0.492360316662318 0.354381957135243 0.230100793631598 0.132168997898845 0 0 0 0 0 0 0 0 0 
0 0 0 0 0 0 0 0 0 0 0 0 0 0 0 0 0 0 0.118982063354973 0.159962223991193 0.203065827506706 0.245286322140164 0.283757683999393 0.316058606295583 0.340352007550202 0.355395457514136 0.360485317728838 0.355395457514136 0.340352007550202 0.316058606295583 0.379110887283382 0.492360316662318 0.599341703750742 0.692595282575667 0.768242837728334 0.825644960902086 0.866337904026611 0.892822829742286 0.907556242773421 0.912262624816315 0.907556242773421 0.892822829742286 0.866337904026611 0.825644960902086 0.768242837728334 0.692595282575667 0.599341703750742 0.492360316662318 0.379110887283382 0.269678742919249 0.174384737139833 0.100692484575402 0 0 0 0 0 0 0 0 0 0 0 0 0 0.129032167400704 0.225436948126087 0.348332566942387 0.48539794290909 0.620999310052938 0.741292464496538 0.837665753786066 0.907556242773421 0.953231386473442 0.979731293265429 0.992939597787242 0.998230206735349 0.999716622367193 0.999929148062158 0.999716622367193 0.998230206735349 0.992939597787242 0.979731293265429 0.953231386473442 0.907556242773421 0.837665753786066 0.741292464496538 0.620999310052938 0.48539794290909 0.348332566942387 0.225436948126087 0.129032167400704 0 0 0 0 0 0 0 0 0 
0 0 0 0 0 0 0 0 0 0 0 0 0 0 0 0 0 0.134291897304334 0.185625653115165 0.24122880273085 0.297351252081012 0.350342984824392 0.397119179587248 0.435371463173613 0.463559762511294 0.480773291793291 0.486556251715438 0.480773291793291 0.463559762511294 0.435371463173613 0.397119179587248 0.404646899200858 0.506370776476777 0.599341703750742 0.678413050833265 0.741292464496538 0.78792343075865 0.819525188934035 0.837665753786066 0.843562292621571 0.837665753786066 0.819525188934035 0.78792343075865 0.741292464496538 0.678413050833265 0.599341703750742 0.506370776476777 0.404646899200858 0.301966205404137 0.207413768509558 0.129032167400704 0 0 0 0 0 0 0 0 0 0 0 0 0 0 0.119959298492964 0.211824785804258 0.330515821523994 0.464700712742793 0.599341703750742 0.720628906228449 0.819525188934035 0.892822829742286 0.942152063951673 0.972056081486504 0.988097006136808 0.995475581489367 0.998230206735349 0.998866971195051 0.998230206735349 0.995475581489367 0.988097006136808 0.972056081486504 0.942152063951673 0.892822829742286 0.819525188934035 0.720628906228449 0.599341703750742 0.464700712742793 0.330515821523994 0.211824785804258 0.119959298492964 0 0 0 0 0 0 0 0 0 
0 0 0 0 0 0 0 0 0 0 0 0 0 0 0 0 0.139711023149307 0.199490653067651 0.266227616881784 0.335414361828048 0.402489600208388 0.463559762511294 0.515769430957295 0.557329640381079 0.587314027897617 0.605358231792299 0.61137498938089 0.605358231792299 0.587314027897617 0.557329640381079 0.515769430957295 0.463559762511294 0.404646899200858 0.492360316662318 0.570502297635273 0.635420390446752 0.685516059264436 0.720628906228449 0.741292464496538 0.748099103226458 0.741292464496538 0.720628906228449 0.685516059264436 0.635420390446752 0.570502297635273 0.492360316662318 0.404646899200858 0.313210661355389 0.225436948126087 0.148718319959564 0 0 0 0 0 0 0 0 0 0 0 0 0 0 0 0.105932590152189 0.190399311582767 0.301966205404137 0.4309247939071 0.563312339004762 0.685516059264436 0.78792343075865 0.866337904026611 0.921356957472602 0.956682192461664 0.977304662219488 0.988097006136808 0.992939597787242 0.994277227520972 0.992939597787242 0.988097006136808 0.977304662219488 0.956682192461664 0.921356957472602 0.866337904026611 0.78792343075865 0.685516059264436 0.563312339004762 0.4309247939071 0.301966205404137 0.190399311582767 0.105932590152189 0 0 0 0 0 0 0 0 0 
0 0 0 0 0 0 0 0 0 0 0 0 0 0 0 0.134291897304334 0.199490653067651 0.274907029217263 0.355395457514136 0.435371463173613 0.509890085097244 0.575301221433991 0.629414704975999 0.671288506280403 0.700821295969133 0.718312255391395 0.724096521486238 0.718312255391395 0.700821295969133 0.671288506280403 0.629414704975999 0.575301221433991 0.509890085097244 0.435371463173613 0.451075486675191 0.513415663919192 0.563312339004762 0.599341703750742 0.620999310052938 0.628212978004615 0.620999310052938 0.599341703750742 0.563312339004762 0.513415663919192 0.451075486675191 0.379110887283382 0.301966205404137 0.225436948126087 0.155749842549783 0 0 0 0 0 0 0 0 0 0 0 0 0 0 0 0 0 0.163021388703181 0.264512403739173 0.385421610472514 0.513415663919192 0.635420390446752 0.741292464496538 0.825644960902086 0.88771340782359 0.930014636571424 0.956682192461664 0.972056081486504 0.979731293265429 0.982024778087707 0.979731293265429 0.972056081486504 0.956682192461664 0.930014636571424 0.88771340782359 0.825644960902086 0.741292464496538 0.635420390446752 0.513415663919192 0.385421610472514 0.264512403739173 0.163021388703181 0 0 0 0 0 0 0 0 0 0 
0 0 0 0 0 0 0 0 0 0 0 0 0 0 0.118982063354973 0.185625653115165 0.266227616881784 0.355395457514136 0.446566852851368 0.533502257702619 0.61137498938089 0.677227061772247 0.729855537984702 0.769348934107357 0.796505292377609 0.812297262906902 0.817469618463246 0.812297262906902 0.796505292377609 0.769348934107357 0.729855537984702 0.677227061772247 0.61137498938089 0.533502257702619 0.446566852851368 0.385421610472514 0.4309247939071 0.464700712742793 0.48539794290909 0.492360316662318 0.48539794290909 0.464700712742793 0.4309247939071 0.385421610472514 0.330515821523994 0.269678742919249 0.207413768509558 0.148718319959564 0 0 0 0 0 0 0 0 0 0 0 0 0 0 0 0 0 0 0.132168997898845 0.220836336046566 0.330515821523994 0.451075486675191 0.570502297635273 0.678413050833265 0.768242837728334 0.837665753786066 0.88771340782359 0.921356957472602 0.942152063951673 0.953231386473442 0.956682192461664 0.953231386473442 0.942152063951673 0.921356957472602 0.88771340782359 0.837665753786066 0.768242837728334 0.678413050833265 0.570502297635273 0.451075486675191 0.330515821523994 0.220836336046566 0.132168997898845 0 0 0 0 0 0 0 0 0 0 
0 0 0 0 0 0 0 0 0 0 0 0 0 0 0.159962223991193 0.24122880273085 0.335414361828048 0.435371463173613 0.533502257702619 0.623404430735078 0.700821295969133 0.76380426509875 0.812297262906902 0.847449640147229 0.870911096456656 0.884253763838992 0.888571687348732 0.884253763838992 0.870911096456656 0.847449640147229 0.812297262906902 0.76380426509875 0.700821295969133 0.623404430735078 0.533502257702619 0.435371463173613 0.335414361828048 0.330515821523994 0.348332566942387 0.354381957135243 0.348332566942387 0.330515821523994 0.301966205404137 0.264512403739173 0.220836336046566 0.174384737139833 0.129032167400704 0 0 0 0 0 0 0 0 0 0 0 0 0 0 0 0 0 0 0 0.100692484575402 0.174384737139833 0.269678742919249 0.379110887283382 0.492360316662318 0.599341703750742 0.692595282575667 0.768242837728334 0.825644960902086 0.866337904026611 0.892822829742286 0.907556242773421 0.912262624816315 0.907556242773421 0.892822829742286 0.866337904026611 0.825644960902086 0.768242837728334 0.692595282575667 0.599341703750742 0.492360316662318 0.379110887283382 0.269678742919249 0.174384737139833 0.100692484575402 0 0 0 0 0 0 0 0 0 0 
0 0 0 0 0 0 0 0 0 0 0 0 0 0.126461397256951 0.203065827506706 0.297351252081012 0.402489600208388 0.509890085097244 0.61137498938089 0.700821295969133 0.774857596741818 0.832693325133238 0.875422276054583 0.905164062264459 0.924292069829058 0.934857722203471 0.938221700746449 0.934857722203471 0.924292069829058 0.905164062264459 0.875422276054583 0.832693325133238 0.774857596741818 0.700821295969133 0.61137498938089 0.509890085097244 0.402489600208388 0.297351252081012 0.225436948126087 0.230100793631598 0.225436948126087 0.211824785804258 0.190399311582767 0.163021388703181 0.132168997898845 0.100692484575402 0 0 0 0 0 0 0 0 0 0 0 0 0 0 0 0 0 0 0 0 0 0.129032167400704 0.207413768509558 0.301966205404137 0.404646899200858 0.506370776476777 0.599341703750742 0.678413050833265 0.741292464496538 0.78792343075865 0.819525188934035 0.837665753786066 0.843562292621571 0.837665753786066 0.819525188934035 0.78792343075865 0.741292464496538 0.678413050833265 0.599341703750742 0.506370776476777 0.404646899200858 0.301966205404137 0.207413768509558 0.129032167400704 0 0 0 0 0 0 0 0 0 0 0 
0 0 0 0 0 0 0 0 0 0 0 0 0 0.156945020232209 0.245286322140164 0.350342984824392 0.463559762511294 0.575301221433991 0.677227061772247 0.76380426509875 0.832693325133238 0.884253763838992 0.920615577146496 0.944707071983589 0.959463537531385 0.967284878157878 0.969715258425567 0.967284878157878 0.959463537531385 0.944707071983589 0.920615577146496 0.884253763838992 0.832693325133238 0.76380426509875 0.677227061772247 0.575301221433991 0.463559762511294 0.350342984824392 0.245286322140164 0.156945020232209 0.129032167400704 0.119959298492964 0.105932590152189 0 0 0 0 0 0 0 0 0 0 0 0 0 0 0 0 0 0 0 0 0 0 0 0 0 0.148718319959564 0.225436948126087 0.313210661355389 0.404646899200858 0.492360316662318 0.570502297635273 0.635420390446752 0.685516059264436 0.720628906228449 0.741292464496538 0.748099103226458 0.741292464496538 0.720628906228449 0.685516059264436 0.635420390446752 0.570502297635273 0.492360316662318 0.404646899200858 0.313210661355389 0.225436948126087 0.148718319959564 0 0 0 0 0 0 0 0 0 0 0 0 
0 0 0 0 0 0 0 0 0 0 0 0 0.109542130756352 0.185625653115165 0.283757683999393 0.397119179587248 0.515769430957295 0.629414704975999 0.729855537984702 0.812297262906902 0.875422276054583 0.920615577146496 0.950862905374344 0.969715258425567 0.980510630879895 0.985880533923628 0.9874826556066 0.985880533923628 0.980510630879895 0.969715258425567 0.950862905374344 0.920615577146496 0.875422276054583 0.812297262906902 0.729855537984702 0.629414704975999 0.515769430957295 0.397119179587248 0.283757683999393 0.185625653115165 0.109542130756352 0 0 0 0 0 0 0 0 0 0 0 0 0 0 0 0 0 0 0 0 0 0 0 0 0 0 0 0 0.155749842549783 0.225436948126087 0.301966205404137 0.379110887283382 0.451075486675191 0.513415663919192 0.563312339004762 0.599341703750742 0.620999310052938 0.628212978004615 0.620999310052938 0.599341703750742 0.563312339004762 0.513415663919192 0.451075486675191 0.379110887283382 0.301966205404137 0.225436948126087 0.155749842549783 0 0 0 0 0 0 0 0 0 0 0 0 0 
0 0 0 0 0 0 0 0 0 0 0 0 0.126461397256951 0.21034743289174 0.316058606295583 0.435371463173613 0.557329640381079 0.671288506280403 0.769348934107357 0.847449640147229 0.905164062264459 0.944707071983589 0.969715258425567 0.984184154270883 0.991718921866541 0.995091637797966 0.996022369116245 0.995091637797966 0.991718921866541 0.984184154270883 0.969715258425567 0.944707071983589 0.905164062264459 0.847449640147229 0.769348934107357 0.671288506280403 0.557329640381079 0.435371463173613 0.316058606295583 0.21034743289174 0.126461397256951 0 0 0 0 0 0 0 0 0 0 0 0 0 0 0 0 0 0 0 0 0 0 0 0 0 0 0 0 0 0.148718319959564 0.207413768509558 0.269678742919249 0.330515821523994 0.385421610472514 0.4309247939071 0.464700712742793 0.48539794290909 0.492360316662318 0.48539794290909 0.464700712742793 0.4309247939071 0.385421610472514 0.330515821523994 0.269678742919249 0.207413768509558 0.148718319959564 0 0 0 0 0 0 0 0 0 0 0 0 0 0 
0 0 0 0 0 0 0 0 0 0 0 0 0.139711023149307 0.229319095652364 0.340352007550202 0.463559762511294 0.587314027897617 0.700821295969133 0.796505292377609 0.870911096456656 0.924292069829058 0.959463537531385 0.980510630879895 0.991718921866541 0.996855866596497 0.998770644333834 0.999213038173025 0.998770644333834 0.996855866596497 0.991718921866541 0.980510630879895 0.959463537531385 0.924292069829058 0.870911096456656 0.796505292377609 0.700821295969133 0.587314027897617 0.463559762511294 0.340352007550202 0.229319095652364 0.139711023149307 0 0 0 0 0 0 0 0 0 0 0 0 0 0 0 0 0 0 0 0 0 0 0 0 0 0 0 0 0 0 0.129032167400704 0.174384737139833 0.220836336046566 0.264512403739173 0.301966205404137 0.330515821523994 0.348332566942387 0.354381957135243 0.348332566942387 0.330515821523994 0.301966205404137 0.264512403739173 0.220836336046566 0.174384737139833 0.129032167400704 0 0 0 0 0 0 0 0 0 0 0 0 0 0 0 
0 0 0 0 0 0 0 0 0 0 0 0 0.148143100518045 0.24122880273085 0.355395457514136 0.480773291793291 0.605358231792299 0.718312255391395 0.812297262906902 0.884253763838992 0.934857722203471 0.967284878157878 0.985880533923628 0.995091637797966 0.998770644333834 0.999803201456378 0.999950796732771 0.999803201456378 0.998770644333834 0.995091637797966 0.985880533923628 0.967284878157878 0.934857722203471 0.884253763838992 0.812297262906902 0.718312255391395 0.605358231792299 0.480773291793291 0.355395457514136 0.24122880273085 0.148143100518045 0 0 0 0 0 0 0 0 0 0 0 0 0 0 0 0 0 0 0 0 0 0 0 0 0 0 0 0 0 0 0 0.100692484575402 0.132168997898845 0.163021388703181 0.190399311582767 0.211824785804258 0.225436948126087 0.230100793631598 0.225436948126087 0.211824785804258 0.190399311582767 0.163021388703181 0.132168997898845 0.100692484575402 0 0 0 0 0 0 0 0 0 0 0 0 0 0 0 0 
0 0 0 0 0 0 0 0 0 0 0 0 0.151035674181538 0.245286322140164 0.360485317728838 0.486556251715438 0.61137498938089 0.724096521486238 0.817469618463246 0.888571687348732 0.938221700746449 0.969715258425567 0.9874826556066 0.996022369116245 0.999213038173025 0.999950796732771 1 0.999950796732771 0.999213038173025 0.996022369116245 0.9874826556066 0.969715258425567 0.938221700746449 0.888571687348732 0.817469618463246 0.724096521486238 0.61137498938089 0.486556251715438 0.360485317728838 0.245286322140164 0.151035674181538 0 0 0 0 0 0 0 0 0 0 0 0 0 0 0 0 0 0 0 0 0 0 0 0 0 0 0 0 0 0 0 0 0 0 0.105932590152189 0.119959298492964 0.129032167400704 0.132168997898845 0.129032167400704 0.119959298492964 0.105932590152189 0 0 0 0 0 0 0 0 0 0 0 0 0 0 0 0 0 0 0 
0 0 0 0 0 0 0 0 0 0 0 0 0.148143100518045 0.24122880273085 0.355395457514136 0.480773291793291 0.605358231792299 0.718312255391395 0.812297262906902 0.884253763838992 0.934857722203471 0.967284878157878 0.985880533923628 0.995091637797966 0.998770644333834 0.999803201456378 0.999950796732771 0.999803201456378 0.998770644333834 0.995091637797966 0.985880533923628 0.967284878157878 0.934857722203471 0.884253763838992 0.812297262906902 0.718312255391395 0.605358231792299 0.480773291793291 0.355395457514136 0.24122880273085 0.148143100518045 0 0 0 0 0 0 0 0 0 0 0 0 0 0 0 0 0 0 0 0 0 0 0 0 0 0 0 0 0 0 0 0 0 0 0 0 0 0 0 0 0 0 0 0 0 0 0 0 0 0 0 0 0 0 0 0 0 0 0 0 
0 0 0 0 0 0 0 0 0 0 0 0 0.139711023149307 0.229319095652364 0.340352007550202 0.463559762511294 0.587314027897617 0.700821295969133 0.796505292377609 0.870911096456656 0.924292069829058 0.959463537531385 0.980510630879895 0.991718921866541 0.996855866596497 0.998770644333834 0.999213038173025 0.998770644333834 0.996855866596497 0.991718921866541 0.980510630879895 0.959463537531385 0.924292069829058 0.870911096456656 0.796505292377609 0.700821295969133 0.587314027897617 0.463559762511294 0.340352007550202 0.229319095652364 0.139711023149307 0 0 0 0 0 0 0 0 0 0 0 0 0 0 0 0 0 0 0 0 0 0 0 0 0 0 0 0 0 0 0 0 0 0 0 0 0 0 0 0 0 0 0 0 0 0 0 0 0 0 0 0 0 0 0 0 0 0 0 0 
0 0 0 0 0 0 0 0 0 0 0 0 0.126461397256951 0.21034743289174 0.316058606295583 0.435371463173613 0.557329640381079 0.671288506280403 0.769348934107357 0.847449640147229 0.905164062264459 0.944707071983589 0.969715258425567 0.984184154270883 0.991718921866541 0.995091637797966 0.996022369116245 0.995091637797966 0.991718921866541 0.984184154270883 0.969715258425567 0.944707071983589 0.905164062264459 0.847449640147229 0.769348934107357 0.671288506280403 0.557329640381079 0.435371463173613 0.316058606295583 0.21034743289174 0.126461397256951 0 0 0 0 0 0 0 0 0 0 0 0 0 0 0 0 0 0 0 0 0 0 0 0 0 0 0 0 0 0 0 0 0 0 0 0 0 0 0 0 0 0 0 0 0 0 0 0 0 0 0 0 0 0 0 0 0 0 0 0 
0 0 0 0 0 0 0 0 0 0 0 0 0.109542130756352 0.185625653115165 0.283757683999393 0.397119179587248 0.515769430957295 0.629414704975999 0.729855537984702 0.812297262906902 0.875422276054583 0.920615577146496 0.950862905374344 0.969715258425567 0.980510630879895 0.985880533923628 0.9874826556066 0.985880533923628 0.980510630879895 0.969715258425567 0.950862905374344 0.920615577146496 0.875422276054583 0.812297262906902 0.729855537984702 0.629414704975999 0.515769430957295 0.397119179587248 0.283757683999393 0.185625653115165 0.109542130756352 0 0 0 0 0 0 0 0 0 0 0 0 0 0 0 0 0 0 0 0 0 0 0 0 0 0 0 0 0 0 0 0 0 0 0 0 0 0 0 0 0 0 0 0 0 0 0 0 0 0 0 0 0 0 0 0 0 0 0 0 
0 0 0 0 0 0 0 0 0 0 0 0 0 0.156945020232209 0.245286322140164 0.350342984824392 0.463559762511294 0.575301221433991 0.677227061772247 0.76380426509875 0.832693325133238 0.884253763838992 0.920615577146496 0.944707071983589 0.959463537531385 0.967284878157878 0.969715258425567 0.967284878157878 0.959463537531385 0.944707071983589 0.920615577146496 0.884253763838992 0.832693325133238 0.76380426509875 0.677227061772247 0.575301221433991 0.463559762511294 0.350342984824392 0.245286322140164 0.156945020232209 0 0 0 0 0 0 0 0 0 0 0 0 0 0 0 0 0 0 0 0 0 0 0 0 0 0 0 0 0 0 0 0 0 0 0 0 0 0 0 0 0 0 0 0 0 0 0 0 0 0 0 0 0 0 0 0 0 0 0 0 0 
0 0 0 0 0 0 0 0 0 0 0 0 0 0.126461397256951 0.203065827506706 0.297351252081012 0.402489600208388 0.509890085097244 0.61137498938089 0.700821295969133 0.774857596741818 0.832693325133238 0.875422276054583 0.905164062264459 0.924292069829058 0.934857722203471 0.938221700746449 0.934857722203471 0.924292069829058 0.905164062264459 0.875422276054583 0.832693325133238 0.774857596741818 0.700821295969133 0.61137498938089 0.509890085097244 0.402489600208388 0.297351252081012 0.203065827506706 0.126461397256951 0 0 0 0 0 0 0 0 0 0 0 0 0 0 0 0 0 0 0 0 0 0 0 0 0 0 0 0 0 0 0 0 0 0 0 0 0 0 0 0 0 0 0 0 0 0 0 0 0 0 0 0 0 0 0 0 0 0 0 0 0 
0 0 0 0 0 0 0 0 0 0 0 0 0 0 0.159962223991193 0.24122880273085 0.335414361828048 0.435371463173613 0.533502257702619 0.623404430735078 0.700821295969133 0.76380426509875 0.812297262906902 0.847449640147229 0.870911096456656 0.884253763838992 0.888571687348732 0.884253763838992 0.870911096456656 0.847449640147229 0.812297262906902 0.76380426509875 0.700821295969133 0.623404430735078 0.533502257702619 0.435371463173613 0.335414361828048 0.24122880273085 0.159962223991193 0 0 0 0 0 0 0 0 0 0 0 0 0 0 0 0 0 0 0 0 0 0 0 0 0 0 0 0 0 0 0 0 0 0 0 0 0 0 0 0 0 0 0 0 0 0 0 0 0 0 0 0 0 0 0 0 0 0 0 0 0 0 
0 0 0 0 0 0 0 0 0 0 0 0 0 0 0.118982063354973 0.185625653115165 0.266227616881784 0.355395457514136 0.446566852851368 0.533502257702619 0.61137498938089 0.677227061772247 0.729855537984702 0.769348934107357 0.796505292377609 0.812297262906902 0.817469618463246 0.812297262906902 0.796505292377609 0.769348934107357 0.729855537984702 0.677227061772247 0.61137498938089 0.533502257702619 0.446566852851368 0.355395457514136 0.266227616881784 0.185625653115165 0.118982063354973 0 0 0 0 0 0 0 0 0 0 0 0 0 0 0 0 0 0 0 0 0 0 0 0 0 0 0 0 0 0 0 0 0 0 0 0 0 0 0 0 0 0 0 0 0 0 0 0 0 0 0 0 0 0 0 0 0 0 0 0 0 0 
0 0 0 0 0 0 0 0 0 0 0 0 0 0 0 0.134291897304334 0.199490653067651 0.274907029217263 0.355395457514136 0.435371463173613 0.509890085097244 0.575301221433991 0.629414704975999 0.671288506280403 0.700821295969133 0.718312255391395 0.724096521486238 0.718312255391395 0.700821295969133 0.671288506280403 0.629414704975999 0.575301221433991 0.509890085097244 0.435371463173613 0.355395457514136 0.274907029217263 0.199490653067651 0.134291897304334 0 0 0 0 0 0 0 0 0 0 0 0 0 0 0 0 0 0 0 0 0 0 0 0 0 0 0 0 0 0 0 0 0 0 0 0 0 0 0 0 0 0 0 0 0 0 0 0 0 0 0 0 0 0 0 0 0 0 0 0 0 0 0 
0 0 0 0 0 0 0 0 0 0 0 0 0 0 0 0 0.139711023149307 0.199490653067651 0.266227616881784 0.335414361828048 0.402489600208388 0.463559762511294 0.515769430957295 0.557329640381079 0.587314027897617 0.605358231792299 0.61137498938089 0.605358231792299 0.587314027897617 0.557329640381079 0.515769430957295 0.463559762511294 0.402489600208388 0.335414361828048 0.266227616881784 0.199490653067651 0.139711023149307 0 0 0 0 0 0 0 0 0 0 0 0 0 0 0 0 0 0 0 0 0 0 0 0 0 0 0 0 0 0 0 0 0 0 0 0 0 0 0 0 0 0 0 0 0 0 0 0 0 0 0 0 0 0 0 0 0 0 0 0 0 0 0 0 
0 0 0 0 0 0 0 0 0 0 0 0 0 0 0 0 0 0.134291897304334 0.185625653115165 0.24122880273085 0.297351252081012 0.350342984824392 0.397119179587248 0.435371463173613 0.463559762511294 0.480773291793291 0.486556251715438 0.480773291793291 0.463559762511294 0.435371463173613 0.397119179587248 0.350342984824392 0.297351252081012 0.24122880273085 0.185625653115165 0.134291897304334 0 0 0 0 0 0 0 0 0 0 0 0 0 0 0 0 0 0 0 0 0 0 0 0 0 0 0 0 0 0 0 0 0 0 0 0 0 0 0 0 0 0 0 0 0 0 0 0 0 0 0 0 0 0 0 0 0 0 0 0 0 0 0 0 0 
0.106920594631704 0.104812147829233 0 0 0 0 0 0 0 0 0 0 0 0 0 0 0 0 0.118982063354973 0.159962223991193 0.203065827506706 0.245286322140164 0.283757683999393 0.316058606295583 0.340352007550202 0.355395457514136 0.360485317728838 0.355395457514136 0.340352007550202 0.316058606295583 0.283757683999393 0.245286322140164 0.203065827506706 0.159962223991193 0.118982063354973 0 0 0 0 0 0 0 0 0 0 0 0 0 0 0 0 0 0 0 0 0 0 0 0 0 0 0 0 0 0 0 0 0 0 0 0 0 0 0 0 0 0 0 0 0 0 0 0 0 0 0 0 0 0 0 0 0 0 0 0 0 0 0 0 0 0 
0.183323525569634 0.180169320275932 0.170937996594823 0.15631514733855 0.137409722277032 0.115684923412261 0 0 0 0 0 0 0 0 0 0 0 0 0 0 0.126461397256951 0.156945020232209 0.185625653115165 0.21034743289174 0.229319095652364 0.24122880273085 0.245286322140164 0.24122880273085 0.229319095652364 0.21034743289174 0.185625653115165 0.156945020232209 0.126461397256951 0 0 0 0 0 0 0 0 0 0 0 0 0 0 0 0 0 0 0 0 0 0 0 0 0 0 0 0 0 0 0 0 0 0 0 0 0 0 0 0 0 0 0 0 0 0 0 0 0 0 0 0 0 0 0 0 0 0 0 0 0 0 0 0 0 0 0 0 
0.283287615124852 0.279078188626429 0.2666801364936 0.246792218905345 0.220595950308704 0.189748279998623 0.15631514733855 0.122612727168629 0 0 0 0 0 0 0 0 0 0 0 0 0 0 0.109542130756352 0.126461397256951 0.139711023149307 0.148143100518045 0.151035674181538 0.148143100518045 0.139711023149307 0.126461397256951 0.109542130756352 0 0 0 0 0 0 0 0 0 0 0 0 0 0 0 0 0 0 0 0 0 0 0 0 0 0 0 0 0 0 0 0 0 0 0 0 0 0 0 0 0 0 0 0 0 0 0 0 0 0 0 0 0 0 0 0 0 0 0 0 0 0 0 0 0 0 0 0 0 0 
0.400224375161453 0.395148915389532 0.380103984919807 0.355662416861082 0.32286183457838 0.283287615124852 0.239110844796065 0.193019032456538 0.147992000292804 0.106920594631704 0 0 0 0 0 0 0 0 0 0 0 0 0 0 0 0 0 0 0 0 0 0 0 0 0 0 0 0 0 0 0 0 0 0 0 0 0 0 0 0 0 0 0 0 0 0 0 0 0 0 0 0 0 0 0 0 0 0 0 0 0 0 0 0 0 0 0 0 0 0 0 0 0 0 0 0 0 0 0 0 0 0 0 0 0 0 0 0 0 0 0 
0.523841320028272 0.518249923508899 0.501565414362398 0.474104756668249 0.436544676604533 0.390103363731369 0.336709967050833 0.279078188626429 0.220595950308704 0.16497520084146 0.115684923412261 0 0 0 0 0 0 0 0 0 0 0 0 0 0 0 0 0 0 0 0 0 0 0 0 0 0 0 0 0 0 0 0 0 0 0 0 0 0 0 0 0 0 0 0 0 0 0 0 0 0 0 0 0 0 0 0 0 0 0 0 0 0 0 0 0 0 0 0 0 0 0 0 0 0 0 0 0 0 0 0 0 0 0 0 0 0 0 0 0 0 
0.642998044918572 0.637315772149669 0.620239698800861 0.591744034005843 0.551984532544251 0.501565414362398 0.441839534964326 0.375151121715154 0.304902286465511 0.235329104562611 0.170937996594823 0.115684923412261 0 0 0 0 0 0 0 0 0 0 0 0 0 0 0 0 0 0 0 0 0 0 0 0 0 0 0 0 0 0 0 0 0 0 0 0 0 0 0 0 0 0 0 0 0 0 0 0 0 0 0 0 0 0 0 0 0 0 0 0 0 0 0 0 0 0 0 0 0 0 0 0 0 0 0 0 0 0 0 0 0 0 0 0 0 0 0 0 0 
0.748456135621549 0.743087867008543 0.726827706033418 0.699277924895135 0.660000800008478 0.608841665714828 0.546333955216652 0.474104756668249 0.395148915389532 0.313809012198177 0.235329104562611 0.16497520084146 0.106920594631704 0 0 0 0 0 0 0 0 0 0 0 0 0 0 0 0 0 0 0 0 0 0 0 0 0 0 0 0 0 0 0 0 0 0 0 0 0 0 0 0 0 0 0 0 0 0 0 0 0 0 0 0 0 0 0 0 0 0 0 0 0 0 0 0 0 0 0 0 0 0 0 0 0 0 0 0 0 0 0 0 0 0 0 0 0 0 0 0 
0.834531383832544 0.82979072874981 0.815297561312005 0.790305353375862 0.753796605759244 0.704827540960449 0.642998044918572 0.568987735338826 0.485032337719083 0.395148915389532 0.304902286465511 0.220595950308704 0.147992000292804 0 0 0 0 0 0 0 0 0 0 0 0 0 0 0 0 0 0 0 0 0 0 0 0 0 0 0 0 0 0 0 0 0 0 0 0 0 0 0 0 0 0 0 0 0 0 0 0 0 0 0 0 0 0 0 0 0 0 0 0 0 0 0 0 0 0 0 0 0 0 0 0 0 0 0 0 0 0 0 0 0 0 0 0 0 0 0 0 
0.899396384789191 0.895472829736457 0.883336327614971 0.861949311456039 0.82979072874981 0.785191529141158 0.726827706033418 0.654341628001101 0.568987735338826 0.474104756668249 0.375151121715154 0.279078188626429 0.193019032456538 0.122612727168629 0 0 0 0 0 0 0 0 0 0 0 0 0 0 0 0 0 0 0 0 0 0 0 0 0 0 0 0 0 0 0 0 0 0 0 0 0 0 0 0 0 0 0 0 0 0 0 0 0 0 0 0 0 0 0 0 0 0 0 0 0 0 0 0 0 0 0 0 0 0 0 0 0 0 0 0 0 0 0 0 0 0 0 0 0 0 0 
0.944373889418294 0.941334338526321 0.931780343280334 0.91445524372832 0.887441818703273 0.848466718658151 0.795382229689234 0.726827706033418 0.642998044918572 0.546333955216652 0.441839534964326 0.336709967050833 0.239110844796065 0.15631514733855 0 0 0 0 0 0 0 0 0 0 0 0 0 0 0 0 0 0 0 0 0 0 0 0 0 0 0 0 0 0 0 0 0 0 0 0 0 0 0 0 0 0 0 0 0 0 0 0 0 0 0 0 0 0 0 0 0 0 0 0 0 0 0 0 0 0 0 0 0 0 0 0 0 0 0 0 0 0 0 0 0 0 0 0 0 0 0 
0.972776573374041 0.970588122809394 0.963541515953135 0.950230652626895 0.928453253817881 0.895472829736457 0.848466718658151 0.785191529141158 0.704827540960449 0.608841665714828 0.501565414362398 0.390103363731369 0.283287615124852 0.189748279998623 0.115684923412261 0 0 0 0 0 0 0 0 0 0 0 0 0 0 0 0 0 0 0 0 0 0 0 0 0 0 0 0 0 0 0 0 0 0 0 0 0 0 0 0 0 0 0 0 0 0 0 0 0 0 0 0 0 0 0 0 0 0 0 0 0 0 0 0 0 0 0 0 0 0 0 0 0 0 0 0 0 0 0 0 0 0 0 0 0 0 
0.988758356812193 0.987318464124346 0.982490559621666 0.972776573374041 0.95578600783865 0.928453253817881 0.887441818703273 0.82979072874981 0.753796605759244 0.660000800008478 0.551984532544251 0.436544676604533 0.32286183457838 0.220595950308704 0.137409722277032 0 0 0 0 0 0 0 0 0 0 0 0 0 0 0 0 0 0 0 0 0 0 0 0 0 0 0 0 0 0 0 0 0 0 0 0 0 0 0 0 0 0 0 0 0 0 0 0 0 0 0 0 0 0 0 0 0 0 0 0 0 0 0 0 0 0 0 0 0 0 0 0 0 0 0 0 0 0 0 0 0 0 0 0 0 0 
0.996429319971766 0.995593600836996 0.992564511281568 0.98579359648361 0.972776573374041 0.950230652626895 0.91445524372832 0.861949311456039 0.790305353375862 0.699277924895135 0.591744034005843 0.474104756668249 0.355662416861082 0.246792218905345 0.15631514733855 0 0 0 0 0 0 0 0 0 0 0 0 0 0 0 0 0 0 0 0 0 0 0 0 0 0 0 0 0 0 0 0 0 0 0 0 0 0 0 0 0 0 0 0 0 0 0 0 0 0 0 0 0 0 0 0 0 0 0 0 0 0 0 0 0 0 0 0 0 0 0 0 0 0 0 0 0 0 0 0 0 0 0 0 0 0 
0.999293667817605 0.998896575233025 0.997177663292007 0.992564511281568 0.982490559621666 0.963541515953135 0.931780343280334 0.883336327614971 0.815297561312005 0.726827706033418 0.620239698800861 0.501565414362398 0.380103984919807 0.2666801364936 0.170937996594823 0 0 0 0 0 0 0 0 0 0 0 0 0 0 0 0 0 0 0 0 0 0 0 0 0 0 0 0 0 0 0 0 0 0 0 0 0 0 0 0 0 0 0 0 0 0 0 0 0 0 0 0 0 0 0 0 0 0 0 0 0 0 0 0 0 0 0 0 0 0 0 0 0 0 0 0 0 0 0 0 0 0 0 0 0 0 
0.999955839615567 0.999823370162762 0.998896575233025 0.995593600836996 0.987318464124346 0.970588122809394 0.941334338526321 0.895472829736457 0.82979072874981 0.743087867008543 0.637315772149669 0.518249923508899 0.395148915389532 0.279078188626429 0.180169320275932 0.104812147829233 0 0 0 0 0 0 0 0 0 0 0 0 0 0 0 0 0 0 0 0 0 0 0 0 0 0 0 0 0 0 0 0 0 0 0 0 0 0 0 0 0 0 0 0 0 0 0 0 0 0 0 0 0 0 0 0 0 0 0 0 0 0 0 0 0 0 0 0 0 0 0 0 0 0 0 0 0 0 0 0 0 0 0 0 0 
