0 0 0 0 0 0 0 0 0 0 0 0 0 0 0 0 0 0 0 0 0 0 0 0 0 0 0 0 0 0 0 0 0 0 0 0 0 0 0 0 0 0 0 0 0 0 0 0 0 0 0 0 0 0 0 0 0 0 0 0 0 0 0 0 0 0 0 0 0 0 0 0 0 0 0 0 0 0 0 0 0 0 0 0 0 0 0 0 0 0 0 0 0 0 0 0 0 0 0 0 0 
0 0 0 0 0 0 0 0 0 0 0 0 0 0 0 0 0 0 0 0 0 0 0 0 0 0 0 0 0 0 0 0 0 0 0 0 0 0 0 0 0 0 0 0 0 0 0 0 0 0 0 0 0 0 0 0 0 0 0 0 0 0 0 0 0 0 0 0 0 0 0 0 0 0 0 0 0 0 0 0 0 0 0 0 0 0 0 0 0 0 0 0 0 0 0 0 0 0 0 0 0 
0 0 0 0 0 0 0 0 0 0 0 0 0 0 0 0 0 0 0 0 0 0 0 0 0 0 0 0 0 0 0 0 0 0 0 0 0 0 0 0 0 0 0 0 0 0 0 0 0 0 0 0 0 0 0 0 0 0 0 0 0 0 0 0 0 0 0 0 0 0 0 0 0 0 0 0 0 0 0 0 0 0 0 0 0 0 0 0 0 0 0 0 0 0 0 0 0 0 0 0 0 
0 0 0 0 0 0 0 0 0 0 0 0 0 0 0 0 0 0 0 0 0 0 0 0 0 0 0 0 0 0 0 0 0 0 0 0 0 0 0 0 0 0 0 0 0 0 0 0 0 0 0 0 0 0 0 0 0 0 0 0 0 0 0 0 0 0 0 0 0 0 0 0 0 0 0 0 0 0 0 0 0 0 0 0 0 0 0 0 0 0 0 0 0 0 0 0 0 0 0 0 0 
0 0 0 0 0 0 0 0 0 0 0 0 0 0 0 0 0 0 0 0 0 0 0 0 0 0 0 0 0 0 0 0 0 0 0 0 0 0 0 0 0 0 0 0 0 0 0 0 0 0 0 0 0 0 0 0 0 0 0 0 0 0 0 0 0 0 0 0 0 0 0 0 0 0 0 0 0 0 0 0 0 0 0 0 0 0 0 0 0 0 0 0 0 0 0 0 0 0 0 0 0 
0 0 0 0 0 0 0 0 0 0 0 0 0 0 0 0 0 0 0 0 0 0 0 0 0 0 0 0 0 0 0 0 0 0 0 0 0 0 0 0 0 0 0 0 0 0 0 0 0 0 0 0 0 0 0 0 0 0 0 0 0 0 0 0 0 0 0 0 0 0 0 0 0 0 0 0 0 0 0 0 0 0 0 0 0 0 0 0 0 0 0 0 0 0 0 0 0 0 0 0 0 
0 0 0 0 0 0 0 0 0 0 0 0 0 0 0 0 0 0 0 0 0 0 0 0 0 0 0 0 0 0 0 0 0 0 0 0 0 0 0 0 0 0 0 0 0.103811655889029 0.111938903497631 0.117045882094697 0.118787349279647 0.117045882094697 0.111938903497631 0.103811655889029 0 0 0 0 0 0 0 0 0 0 0 0 0 0 0 0 0 0 0 0 0 0 0 0 0 0 0 0 0 0 0 0 0 0 0 0 0 0 0 0 0 0 0 0 0 0 0 0 0 0 
0 0 0 0 0 0 0 0 0 0 0 0 0 0 0 0 0 0 0 0 0 0 0 0 0 0 0 0 0 0 0 0 0 0 0 0 0 0 0 0 0 0.113621774483194 0.13343968466458 0.151502315245214 0.166748048259258 0.178295347961765 0.18549051024286 0.187933677713137 0.18549051024286 0.178295347961765 0.166748048259258 0.151502315245214 0.13343968466458 0.113621774483194 0 0 0 0 0 0 0 0 0 0 0 0 0 0 0 0 0 0 0 0 0 0 0 0 0 0 0 0 0 0 0 0 0 0 0 0 0 0 0 0 0 0 0 0 0 0 0 
0 0 0 0 0 0 0 0 0 0 0 0 0 0 0 0 0 0 0 0 0 0 0 0 0 0 0 0 0 0 0 0 0 0 0 0 0 0 0 0.118787349279647 0.14734055475722 0.175941573855874 0.203065827506707 0.227294899227228 0.247413509434977 0.262463273307847 0.271762639593139 0.274907029217262 0.271762639593139 0.262463273307847 0.247413509434977 0.227294899227228 0.203065827506707 0.175941573855874 0.14734055475722 0.118787349279647 0 0 0 0 0 0 0 0 0 0 0 0 0 0 0 0 0 0 0 0 0 0 0 0 0 0 0 0 0 0 0 0 0 0 0 0 0 0 0 0 0 0 0 0 0 
0 0 0 0 0 0 0 0 0 0 0 0 0 0 0 0 0 0 0 0 0 0 0 0 0 0 0 0 0 0 0 0 0 0 0 0 0 0.107005612518734 0.141257228156461 0.178295347961765 0.216298957454005 0.253365763056676 0.287705827431759 0.317774384324019 0.34233792561265 0.360485317728838 0.371604747050202 0.375348628008205 0.371604747050202 0.360485317728838 0.34233792561265 0.317774384324019 0.287705827431759 0.253365763056676 0.216298957454005 0.178295347961765 0.141257228156461 0.107005612518734 0 0 0 0 0 0 0 0 0 0 0 0 0 0 0 0 0 0 0 0 0 0 0 0 0 0 0 0 0 0 0 0 0 0 0 0 0 0 0 0 0 0 0 
0 0 0 0 0 0 0 0 0 0 0 0 0 0 0 0 0 0 0 0 0 0 0 0 0 0 0 0 0 0 0 0 0 0 0 0 0.117045882094697 0.157905972296914 0.203065827506707 0.250378334994917 0.297535050977041 0.34233792561265 0.382891323309651 0.417697558207423 0.445667180102787 0.466071138740815 0.478466215037724 0.482621488753261 0.478466215037724 0.466071138740815 0.445667180102787 0.417697558207423 0.382891323309651 0.34233792561265 0.297535050977041 0.250378334994917 0.203065827506707 0.157905972296914 0.117045882094697 0 0 0 0 0 0 0 0 0 0 0 0 0 0 0 0 0 0 0 0 0 0 0 0 0 0 0 0 0 0 0 0 0 0 0 0 0 0 0 0 0 0 
0 0 0 0 0 0 0 0 0 0 0 0 0 0 0 0 0 0 0 0 0 0 0 0 0 0 0 0 0 0 0 0 0 0 0 0.120548576917592 0.166748048259258 0.219013797487629 0.274907029217262 0.331687883848038 0.386689729710106 0.437601639638911 0.482621488753261 0.520484800861251 0.550401405914095 0.571941538575961 0.584909984288916 0.589237695015882 0.584909984288916 0.571941538575961 0.550401405914095 0.520484800861251 0.482621488753261 0.437601639638911 0.386689729710106 0.331687883848038 0.274907029217262 0.219013797487629 0.166748048259258 0.120548576917592 0 0 0 0 0 0 0 0 0 0 0 0 0 0 0 0 0 0 0 0 0 0 0 0 0 0 0 0 0 0 0 0 0 0 0 0 0 0 0 0 0 
0 0 0 0 0 0 0 0 0 0 0 0 0 0 0 0 0 0 0 0 0 0 0 0 0 0 0 0 0 0 0 0 0 0 0.117045882094697 0.166748048259258 0.224511766646547 0.287705827431759 0.353167736027855 0.417697558207423 0.478466215037724 0.533264962162575 0.58058443944521 0.619556011382502 0.64980792394711 0.671288506280403 0.684097288222227 0.688350729203772 0.684097288222227 0.671288506280403 0.64980792394711 0.619556011382502 0.58058443944521 0.533264962162575 0.478466215037724 0.417697558207423 0.353167736027855 0.287705827431759 0.224511766646547 0.166748048259258 0.117045882094697 0 0 0 0 0 0 0 0 0 0 0 0 0 0 0 0 0 0 0 0 0 0 0 0 0 0 0 0 0 0 0 0 0 0 0 0 0 0 0 0 
0 0 0 0 0 0 0 0 0 0 0 0 0 0 0 0 0 0 0 0 0 0 0 0 0 0 0 0 0 0 0 0 0 0.107005612518734 0.157905972296914 0.219013797487629 0.287705827431759 0.360485317728838 0.433590592633304 0.503559982101402 0.567625019228767 0.623885392715877 0.671288506280403 0.709474813025246 0.738557875838721 0.758896241396258 0.770895046991776 0.774857596741818 0.770895046991776 0.758896241396258 0.738557875838721 0.709474813025246 0.671288506280403 0.623885392715877 0.567625019228767 0.503559982101402 0.433590592633304 0.360485317728838 0.287705827431759 0.219013797487629 0.157905972296914 0.107005612518734 0 0 0 0 0 0 0 0 0 0 0 0 0 0 0 0 0 0 0 0 0 0 0 0 0 0 0 0 0 0 0 0 0 0 0 0 0 0 0 
0 0 0 0 0 0 0 0 0 0 0 0 0 0 0 0 0 0 0 0 0 0 0 0 0 0 0 0 0 0 0 0 0 0.141257228156461 0.203065827506707 0.274907029217262 0.353167736027855 0.433590592633304 0.512004693187243 0.584909984288916 0.64980792394711 0.705270717291754 0.750809434953136 0.78662705846737 0.813335512349839 0.831692565439143 0.842389223460813 0.845898949199431 0.842389223460813 0.831692565439143 0.813335512349839 0.78662705846737 0.750809434953136 0.705270717291754 0.64980792394711 0.584909984288916 0.512004693187243 0.433590592633304 0.353167736027855 0.274907029217262 0.203065827506707 0.141257228156461 0 0 0 0 0 0 0 0 0 0 0 0 0 0 0 0 0 0 0 0 0 0 0 0 0 0 0 0 0 0 0 0 0 0 0 0 0 0 0 
0 0 0 0 0 0 0 0 0 0 0 0 0 0 0 0 0 0 0 0 0 0 0 0 0 0 0 0 0 0 0 0 0.118787349279647 0.178295347961765 0.250378334994917 0.331687883848038 0.417697558207423 0.503559982101402 0.584909984288916 0.658417178203115 0.722017024624455 0.774857596741818 0.817057579695971 0.849379965443433 0.872903727377117 0.88874302299728 0.897834419877782 0.900793592465332 0.897834419877782 0.88874302299728 0.872903727377117 0.849379965443433 0.817057579695971 0.774857596741818 0.722017024624455 0.658417178203115 0.584909984288916 0.503559982101402 0.417697558207423 0.331687883848038 0.250378334994917 0.178295347961765 0.118787349279647 0 0 0 0 0 0 0 0 0 0 0 0 0 0 0 0 0 0 0 0 0 0 0 0 0 0 0 0 0 0 0 0 0 0 0 0 0 0 
0 0 0 0 0 0 0 0 0 0 0 0 0 0 0 0 0 0 0 0 0 0 0 0 0 0 0 0 0 0 0 0 0.14734055475722 0.216298957454005 0.297535050977041 0.386689729710106 0.478466215037724 0.567625019228767 0.64980792394711 0.722017024624455 0.78272410410338 0.831692565439143 0.869636801074136 0.897834419877782 0.917770820265984 0.930855845579818 0.938221700746449 0.940593941458302 0.938221700746449 0.930855845579818 0.917770820265984 0.897834419877782 0.869636801074136 0.831692565439143 0.78272410410338 0.722017024624455 0.64980792394711 0.567625019228767 0.478466215037724 0.386689729710106 0.297535050977041 0.216298957454005 0.14734055475722 0 0 0 0 0 0 0 0 0 0 0 0 0 0 0 0 0 0 0 0 0 0 0 0 0 0 0 0 0 0 0 0 0 0 0 0 0 0 
0 0 0 0 0 0 0 0 0 0 0 0 0 0 0 0 0 0 0 0 0 0 0 0 0 0 0 0 0 0 0 0.113621774483194 0.175941573855874 0.253365763056676 0.34233792561265 0.437601639638911 0.533264962162575 0.623885392715877 0.705270717291754 0.774857596741818 0.831692565439143 0.876138228889075 0.909451340065162 0.93335229668083 0.949658443149579 0.960009439242539 0.965682758427565 0.967482587902963 0.965682758427565 0.960009439242539 0.949658443149579 0.93335229668083 0.909451340065162 0.876138228889075 0.831692565439143 0.774857596741818 0.705270717291754 0.623885392715877 0.533264962162575 0.437601639638911 0.34233792561265 0.253365763056676 0.175941573855874 0.113621774483194 0 0 0 0 0 0 0 0 0 0 0 0 0 0 0 0 0 0 0 0 0 0 0 0 0 0 0 0 0 0 0 0 0 0 0 0 0 
0 0 0 0 0 0 0 0 0 0 0 0 0 0 0 0 0 0 0 0 0 0 0 0 0 0 0 0 0 0 0 0.13343968466458 0.203065827506707 0.287705827431759 0.382891323309651 0.482621488753261 0.58058443944521 0.671288506280403 0.750809434953136 0.817057579695971 0.869636801074136 0.909451340065162 0.938221700746449 0.958027996315635 0.970943706574908 0.978776562669522 0.982904673655687 0.984184154270883 0.982904673655687 0.978776562669522 0.970943706574908 0.958027996315635 0.938221700746449 0.909451340065162 0.869636801074136 0.817057579695971 0.750809434953136 0.671288506280403 0.58058443944521 0.482621488753261 0.382891323309651 0.287705827431759 0.203065827506707 0.13343968466458 0 0 0 0 0 0 0 0 0 0 0 0 0 0 0 0 0 0 0 0 0 0 0 0 0 0 0 0 0 0 0 0 0 0 0 0 0 
0 0 0 0 0 0 0 0 0 0 0 0 0 0 0 0 0 0 0 0 0 0 0 0 0 0 0 0 0 0 0 0.151502315245214 0.227294899227228 0.317774384324019 0.417697558207423 0.520484800861251 0.619556011382502 0.709474813025246 0.78662705846737 0.849379965443433 0.897834419877782 0.93335229668083 0.958027996315635 0.974218387140686 0.984184154270883 0.989848833936131 0.992655407548477 0.993491327842298 0.992655407548477 0.989848833936131 0.984184154270883 0.974218387140686 0.958027996315635 0.93335229668083 0.897834419877782 0.849379965443433 0.78662705846737 0.709474813025246 0.619556011382502 0.520484800861251 0.417697558207423 0.317774384324019 0.227294899227228 0.151502315245214 0 0 0 0 0 0 0 0 0 0 0 0 0 0 0 0 0 0 0 0 0 0 0 0 0 0 0 0 0 0 0 0 0 0 0 0 0 
0 0 0 0 0 0 0 0 0 0 0 0 0 0 0 0 0 0 0 0 0 0 0 0 0 0 0 0 0 0 0.103811655889029 0.166748048259258 0.247413509434977 0.34233792561265 0.445667180102787 0.550401405914095 0.64980792394711 0.738557875838721 0.813335512349839 0.872903727377117 0.917770820265984 0.949658443149579 0.970943706574908 0.984184154270883 0.99176959397792 0.995698493481434 0.997452490297822 0.997936017245343 0.997452490297822 0.995698493481434 0.99176959397792 0.984184154270883 0.970943706574908 0.949658443149579 0.917770820265984 0.872903727377117 0.813335512349839 0.738557875838721 0.64980792394711 0.550401405914095 0.445667180102787 0.34233792561265 0.247413509434977 0.166748048259258 0.103811655889029 0 0 0 0 0 0 0 0 0 0 0 0 0 0 0 0 0 0 0 0 0 0 0 0 0 0 0 0 0 0 0 0 0 0 0 0 
0 0 0 0 0 0 0 0 0 0 0 0 0 0 0 0 0 0 0 0 0 0 0 0 0 0 0 0 0 0 0.111938903497631 0.178295347961765 0.262463273307847 0.360485317728838 0.466071138740815 0.571941538575961 0.671288506280403 0.758896241396258 0.831692565439143 0.88874302299728 0.930855845579818 0.960009439242539 0.978776562669522 0.989848833936131 0.995698493481434 0.99836884530028 0.999362513249446 0.999591961650057 0.999362513249446 0.99836884530028 0.995698493481434 0.989848833936131 0.978776562669522 0.960009439242539 0.930855845579818 0.88874302299728 0.831692565439143 0.758896241396258 0.671288506280403 0.571941538575961 0.466071138740815 0.360485317728838 0.262463273307847 0.178295347961765 0.111938903497631 0 0 0 0 0 0 0 0 0 0 0 0 0 0 0 0 0 0 0 0 0 0 0 0 0 0 0 0 0 0 0 0 0 0 0 0 
0 0 0 0 0 0 0 0 0 0 0 0 0 0 0 0 0 0 0 0 0 0 0 0 0 0 0 0 0 0 0.117045882094697 0.18549051024286 0.271762639593139 0.371604747050202 0.478466215037724 0.584909984288916 0.684097288222227 0.770895046991776 0.842389223460813 0.897834419877782 0.938221700746449 0.965682758427565 0.982904673655687 0.992655407548477 0.997452490297822 0.999362513249446 0.999897974799864 0.999974492724051 0.999897974799864 0.999362513249446 0.997452490297822 0.992655407548477 0.982904673655687 0.965682758427565 0.938221700746449 0.897834419877782 0.842389223460813 0.770895046991776 0.684097288222227 0.584909984288916 0.478466215037724 0.371604747050202 0.271762639593139 0.18549051024286 0.117045882094697 0 0 0 0 0 0 0 0 0 0 0 0 0 0 0 0 0 0 0 0 0 0 0 0 0 0 0 0 0 0 0 0 0 0 0 0 
0 0 0 0 0 0 0 0 0 0 0 0 0 0 0 0 0 0 0 0 0 0 0 0 0 0 0 0 0 0 0.118787349279647 0.187933677713137 0.274907029217262 0.375348628008205 0.482621488753261 0.589237695015882 0.688350729203772 0.774857596741818 0.845898949199431 0.900793592465332 0.940593941458302 0.967482587902963 0.984184154270883 0.993491327842298 0.997936017245343 0.999591961650057 0.999974492724051 1 0.999974492724051 0.999591961650057 0.997936017245343 0.993491327842298 0.984184154270883 0.967482587902963 0.940593941458302 0.900793592465332 0.845898949199431 0.774857596741818 0.688350729203772 0.589237695015882 0.482621488753261 0.375348628008205 0.274907029217262 0.187933677713137 0.118787349279647 0 0 0 0 0 0 0 0 0 0 0 0 0 0 0 0 0 0 0 0 0 0 0 0 0 0 0 0 0 0 0 0 0 0 0 0 
0 0 0 0 0 0 0 0 0 0 0 0 0 0 0 0 0 0 0 0 0 0 0 0 0 0 0 0 0 0 0.117045882094697 0.18549051024286 0.271762639593139 0.371604747050202 0.478466215037724 0.584909984288916 0.684097288222227 0.770895046991776 0.842389223460813 0.897834419877782 0.938221700746449 0.965682758427565 0.982904673655687 0.992655407548477 0.997452490297822 0.999362513249446 0.999897974799864 0.999974492724051 0.999897974799864 0.999362513249446 0.997452490297822 0.992655407548477 0.982904673655687 0.965682758427565 0.938221700746449 0.897834419877782 0.842389223460813 0.770895046991776 0.684097288222227 0.584909984288916 0.478466215037724 0.371604747050202 0.271762639593139 0.18549051024286 0.117045882094697 0 0 0 0 0 0 0 0 0 0 0 0 0 0 0 0 0 0 0 0 0 0 0 0 0 0 0 0 0 0 0 0 0 0 0 0 
0 0 0 0 0 0 0 0 0 0 0 0 0 0 0 0 0 0 0 0 0 0 0 0 0 0 0 0 0 0 0.111938903497631 0.178295347961765 0.262463273307847 0.360485317728838 0.466071138740815 0.571941538575961 0.671288506280403 0.758896241396258 0.831692565439143 0.88874302299728 0.930855845579818 0.960009439242539 0.978776562669522 0.989848833936131 0.995698493481434 0.99836884530028 0.999362513249446 0.999591961650057 0.999362513249446 0.99836884530028 0.995698493481434 0.989848833936131 0.978776562669522 0.960009439242539 0.930855845579818 0.88874302299728 0.831692565439143 0.758896241396258 0.671288506280403 0.571941538575961 0.466071138740815 0.360485317728838 0.262463273307847 0.178295347961765 0.111938903497631 0 0 0 0 0 0 0 0 0 0 0 0 0 0 0 0 0 0 0 0 0 0 0 0 0 0 0 0 0 0 0 0 0 0 0 0 
0 0 0 0 0 0 0 0 0 0 0 0 0 0 0 0 0 0 0 0 0 0 0 0 0 0 0 0 0 0 0.103811655889029 0.166748048259258 0.247413509434977 0.34233792561265 0.445667180102787 0.550401405914095 0.64980792394711 0.738557875838721 0.813335512349839 0.872903727377117 0.917770820265984 0.949658443149579 0.970943706574908 0.984184154270883 0.99176959397792 0.995698493481434 0.997452490297822 0.997936017245343 0.997452490297822 0.995698493481434 0.99176959397792 0.984184154270883 0.970943706574908 0.949658443149579 0.917770820265984 0.872903727377117 0.813335512349839 0.738557875838721 0.64980792394711 0.550401405914095 0.445667180102787 0.34233792561265 0.247413509434977 0.166748048259258 0.103811655889029 0 0 0 0 0 0 0 0 0 0 0 0 0 0 0 0 0 0 0 0 0 0 0 0 0 0 0 0 0 0 0 0 0 0 0 0 
0 0 0 0 0 0 0 0 0 0 0 0 0 0 0 0 0 0 0 0 0 0 0 0 0 0 0 0 0 0 0 0.151502315245214 0.227294899227228 0.317774384324019 0.417697558207423 0.520484800861251 0.619556011382502 0.709474813025246 0.78662705846737 0.849379965443433 0.897834419877782 0.93335229668083 0.958027996315635 0.974218387140686 0.984184154270883 0.989848833936131 0.992655407548477 0.993491327842298 0.992655407548477 0.989848833936131 0.984184154270883 0.974218387140686 0.958027996315635 0.93335229668083 0.897834419877782 0.849379965443433 0.78662705846737 0.709474813025246 0.619556011382502 0.520484800861251 0.417697558207423 0.317774384324019 0.227294899227228 0.151502315245214 0 0 0 0 0 0 0 0 0 0 0 0 0 0 0 0 0 0 0 0 0 0 0 0 0 0 0 0 0 0 0 0 0 0 0 0 0 
0 0 0 0 0 0 0 0 0 0 0 0 0 0 0 0 0 0 0 0 0 0 0 0 0 0 0 0 0 0 0 0.13343968466458 0.203065827506707 0.287705827431759 0.382891323309651 0.482621488753261 0.58058443944521 0.671288506280403 0.750809434953136 0.817057579695971 0.869636801074136 0.909451340065162 0.938221700746449 0.958027996315635 0.970943706574908 0.978776562669522 0.982904673655687 0.984184154270883 0.982904673655687 0.978776562669522 0.970943706574908 0.958027996315635 0.938221700746449 0.909451340065162 0.869636801074136 0.817057579695971 0.750809434953136 0.671288506280403 0.58058443944521 0.482621488753261 0.382891323309651 0.287705827431759 0.203065827506707 0.13343968466458 0 0 0 0 0 0 0 0 0 0 0 0 0 0 0 0 0 0 0 0 0 0 0 0 0 0 0 0 0 0 0 0 0 0 0 0 0 
0 0 0 0 0 0 0 0 0 0 0 0 0 0 0 0 0 0 0 0 0 0 0 0 0 0 0 0 0 0 0 0.113621774483194 0.175941573855874 0.253365763056676 0.34233792561265 0.437601639638911 0.533264962162575 0.623885392715877 0.705270717291754 0.774857596741818 0.831692565439143 0.876138228889075 0.909451340065162 0.93335229668083 0.949658443149579 0.960009439242539 0.965682758427565 0.967482587902963 0.965682758427565 0.960009439242539 0.949658443149579 0.93335229668083 0.909451340065162 0.876138228889075 0.831692565439143 0.774857596741818 0.705270717291754 0.623885392715877 0.533264962162575 0.437601639638911 0.34233792561265 0.253365763056676 0.175941573855874 0.113621774483194 0 0 0 0 0 0 0 0 0 0 0 0 0 0 0 0 0 0 0 0 0 0 0 0 0 0 0 0 0 0 0 0 0 0 0 0 0 
0 0 0 0 0 0 0 0 0 0 0 0 0 0 0 0 0 0 0 0 0 0 0 0 0 0 0 0 0 0 0 0 0.14734055475722 0.216298957454005 0.297535050977041 0.386689729710106 0.478466215037724 0.567625019228767 0.64980792394711 0.722017024624455 0.78272410410338 0.831692565439143 0.869636801074136 0.897834419877782 0.917770820265984 0.930855845579818 0.938221700746449 0.940593941458302 0.938221700746449 0.930855845579818 0.917770820265984 0.897834419877782 0.869636801074136 0.831692565439143 0.78272410410338 0.722017024624455 0.64980792394711 0.567625019228767 0.478466215037724 0.386689729710106 0.297535050977041 0.216298957454005 0.14734055475722 0 0 0 0 0 0 0 0 0 0 0 0 0 0 0 0 0 0 0 0 0 0 0 0 0 0 0 0 0 0 0 0 0 0 0 0 0 0 
0 0 0 0 0 0 0 0 0 0 0 0 0 0 0 0 0 0 0 0 0 0 0 0 0 0 0 0 0 0 0 0 0.118787349279647 0.178295347961765 0.250378334994917 0.331687883848038 0.417697558207423 0.503559982101402 0.584909984288916 0.658417178203115 0.722017024624455 0.774857596741818 0.817057579695971 0.849379965443433 0.872903727377117 0.88874302299728 0.897834419877782 0.900793592465332 0.897834419877782 0.88874302299728 0.872903727377117 0.849379965443433 0.817057579695971 0.774857596741818 0.722017024624455 0.658417178203115 0.584909984288916 0.503559982101402 0.417697558207423 0.331687883848038 0.250378334994917 0.178295347961765 0.118787349279647 0 0 0 0 0 0 0 0 0 0 0 0 0 0 0 0 0 0 0 0 0 0 0 0 0 0 0 0 0 0 0 0 0 0 0 0 0 0 
0 0 0 0 0 0 0 0 0 0 0 0 0 0 0 0 0 0 0 0 0 0 0 0 0 0 0 0 0 0 0 0 0 0.141257228156461 0.203065827506707 0.274907029217262 0.353167736027855 0.433590592633304 0.512004693187243 0.584909984288916 0.64980792394711 0.705270717291754 0.750809434953136 0.78662705846737 0.813335512349839 0.831692565439143 0.842389223460813 0.845898949199431 0.842389223460813 0.831692565439143 0.813335512349839 0.78662705846737 0.750809434953136 0.705270717291754 0.64980792394711 0.584909984288916 0.512004693187243 0.433590592633304 0.353167736027855 0.274907029217262 0.203065827506707 0.141257228156461 0 0 0 0 0 0 0 0 0 0 0 0 0 0 0 0 0 0 0 0 0 0 0 0 0 0 0 0 0 0 0 0 0 0 0 0 0 0 0 
0 0 0 0 0 0 0 0 0 0 0 0 0 0 0 0 0 0 0 0 0 0 0 0 0 0 0 0 0 0 0 0 0 0.107005612518734 0.157905972296914 0.219013797487629 0.287705827431759 0.360485317728838 0.433590592633304 0.503559982101402 0.567625019228767 0.623885392715877 0.671288506280403 0.709474813025246 0.738557875838721 0.758896241396258 0.770895046991776 0.774857596741818 0.770895046991776 0.758896241396258 0.738557875838721 0.709474813025246 0.671288506280403 0.623885392715877 0.567625019228767 0.503559982101402 0.433590592633304 0.360485317728838 0.287705827431759 0.219013797487629 0.157905972296914 0.107005612518734 0 0 0 0 0 0 0 0 0 0 0 0 0 0 0 0 0 0 0 0 0 0 0 0 0 0 0 0 0 0 0 0 0 0 0 0 0 0 0 
0 0 0 0 0 0 0 0 0 0 0 0 0 0 0 0 0 0 0 0 0 0 0 0 0 0 0 0 0 0 0 0 0 0 0.117045882094697 0.166748048259258 0.224511766646547 0.287705827431759 0.353167736027855 0.417697558207423 0.478466215037724 0.533264962162575 0.58058443944521 0.619556011382502 0.64980792394711 0.671288506280403 0.684097288222227 0.688350729203772 0.684097288222227 0.671288506280403 0.64980792394711 0.619556011382502 0.58058443944521 0.533264962162575 0.478466215037724 0.417697558207423 0.353167736027855 0.287705827431759 0.224511766646547 0.166748048259258 0.117045882094697 0 0 0 0 0 0 0 0 0 0 0 0 0 0 0 0 0 0 0 0 0 0 0 0 0 0 0 0 0 0 0 0 0 0 0 0 0 0 0 0 
0 0 0 0 0 0 0 0 0 0 0 0 0 0 0 0 0 0 0 0 0 0 0 0 0 0 0 0 0 0 0 0 0 0 0 0.120548576917592 0.166748048259258 0.219013797487629 0.274907029217262 0.331687883848038 0.386689729710106 0.437601639638911 0.482621488753261 0.520484800861251 0.550401405914095 0.571941538575961 0.584909984288916 0.589237695015882 0.584909984288916 0.571941538575961 0.550401405914095 0.520484800861251 0.482621488753261 0.437601639638911 0.386689729710106 0.331687883848038 0.274907029217262 0.219013797487629 0.166748048259258 0.120548576917592 0 0 0 0 0 0 0 0 0 0 0 0 0 0 0 0 0 0 0 0 0 0 0 0 0 0 0 0 0 0 0 0 0 0 0 0 0 0 0 0 0 
0 0 0 0 0 0 0 0 0 0 0 0 0 0 0 0 0 0 0 0 0 0 0 0 0 0 0 0 0 0 0 0 0 0 0 0 0.117045882094697 0.157905972296914 0.203065827506707 0.250378334994917 0.297535050977041 0.34233792561265 0.382891323309651 0.417697558207423 0.445667180102787 0.466071138740815 0.478466215037724 0.482621488753261 0.478466215037724 0.466071138740815 0.445667180102787 0.417697558207423 0.382891323309651 0.34233792561265 0.297535050977041 0.250378334994917 0.203065827506707 0.157905972296914 0.117045882094697 0 0 0 0 0 0 0 0 0 0 0 0 0 0 0 0 0 0 0 0 0 0 0 0 0 0 0 0 0 0 0 0 0 0 0 0 0 0 0 0 0 0 
0 0 0 0 0 0 0 0 0 0 0 0 0 0 0 0 0 0 0 0 0 0 0 0 0 0 0 0 0 0 0 0 0 0 0 0 0 0.107005612518734 0.141257228156461 0.178295347961765 0.216298957454005 0.253365763056676 0.287705827431759 0.317774384324019 0.34233792561265 0.360485317728838 0.371604747050202 0.375348628008205 0.371604747050202 0.360485317728838 0.34233792561265 0.317774384324019 0.287705827431759 0.253365763056676 0.216298957454005 0.178295347961765 0.141257228156461 0.107005612518734 0 0 0 0 0 0 0 0 0 0 0 0 0 0 0 0 0 0 0 0 0 0 0 0 0 0 0 0 0 0 0 0 0 0 0 0 0 0 0 0 0 0 0 
0 0 0 0 0 0 0 0 0 0 0 0 0 0 0 0 0 0 0 0 0 0 0 0 0 0 0 0 0 0 0 0 0 0 0 0 0 0 0 0.118787349279647 0.14734055475722 0.175941573855874 0.203065827506707 0.227294899227228 0.247413509434977 0.262463273307847 0.271762639593139 0.274907029217262 0.271762639593139 0.262463273307847 0.247413509434977 0.227294899227228 0.203065827506707 0.175941573855874 0.14734055475722 0.118787349279647 0 0 0 0 0 0 0 0 0 0 0 0 0 0 0 0 0 0 0 0 0 0 0 0 0 0 0 0 0 0 0 0 0 0 0 0 0 0 0 0 0 0 0 0 0 
0 0 0 0 0 0 0 0 0 0 0 0 0 0 0 0 0 0 0 0 0 0 0 0 0 0 0 0 0 0 0 0 0 0 0 0 0 0 0 0 0 0.113621774483194 0.13343968466458 0.151502315245214 0.166748048259258 0.178295347961765 0.18549051024286 0.187933677713137 0.18549051024286 0.178295347961765 0.166748048259258 0.151502315245214 0.13343968466458 0.113621774483194 0 0 0 0 0 0 0 0 0 0 0 0 0 0 0 0 0 0 0 0 0 0 0 0 0 0 0 0 0 0 0 0 0 0 0 0 0 0 0 0 0 0 0 0 0 0 0 
0 0 0 0 0 0 0 0 0 0 0 0 0 0 0 0 0 0 0 0 0 0 0 0 0 0 0 0 0 0 0 0 0 0 0 0 0 0 0 0 0 0 0 0 0.103811655889029 0.111938903497631 0.117045882094697 0.118787349279647 0.117045882094697 0.111938903497631 0.103811655889029 0 0 0 0 0 0 0 0 0 0 0 0 0 0 0 0 0 0 0 0 0 0 0 0 0 0 0 0 0 0 0 0 0 0 0 0 0 0 0 0 0 0 0 0 0 0 0 0 0.100692484575402 0 
0 0 0 0 0 0 0 0 0 0 0 0 0 0 0 0 0 0 0 0 0 0 0 0 0 0 0 0 0 0 0 0 0 0 0 0 0 0 0 0 0 0 0 0 0 0 0 0 0 0 0 0 0.107568789834737 0.120471589381824 0.130389024071846 0.136628328733696 0.138757024133062 0.136628328733696 0.130389024071846 0.120471589381824 0.107568789834737 0 0 0 0 0 0 0 0 0 0 0 0 0 0 0 0 0 0 0 0 0 0 0 0 0 0 0 0 0 0 0 0 0 0 0.125190663414 0.153969574170007 0.177311905213896 0.192471198362885 0.197719443104673 0.192471198362885 
0 0 0 0 0 0 0 0 0 0 0 0 0 0 0 0 0 0 0 0 0 0 0 0 0 0 0 0 0 0 0 0 0 0 0 0 0 0 0 0 0 0 0 0 0 0 0 0 0 0.104086408283296 0.128357753761878 0.152051462472023 0.17371092711035 0.192019457402512 0.205894291721825 0.214540669485641 0.217476526220791 0.214540669485641 0.205894291721825 0.192019457402512 0.17371092711035 0.152051462472023 0.128357753761878 0.104086408283296 0 0 0 0 0 0 0 0 0 0 0 0 0 0 0 0 0 0 0 0 0 0 0 0 0 0 0 0 0 0.129032167400704 0.177311905213896 0.225436948126087 0.268381339755955 0.301966205404137 0.323242173213885 0.330515821523994 0.323242173213885 
0 0 0 0 0 0 0 0 0 0 0 0 0 0 0 0 0 0 0 0 0 0 0 0 0 0 0 0 0 0 0 0 0 0 0 0 0 0 0 0 0 0 0 0 0 0 0 0 0.130389024071846 0.163826356947972 0.197489219894671 0.229488880627965 0.258087023890284 0.281819136938847 0.299553214987056 0.310500262849391 0.314199590913687 0.310500262849391 0.299553214987056 0.281819136938847 0.258087023890284 0.229488880627965 0.197489219894671 0.163826356947972 0.130389024071846 0 0 0 0 0 0 0 0 0 0 0 0 0 0 0 0 0 0 0 0 0 0 0 0 0 0 0 0.153969574170007 0.21969606384552 0.288246747940293 0.352864518829096 0.407892505183624 0.449382755873488 0.475012317422744 0.4836620781975 0.475012317422744 
0 0 0 0 0 0 0 0 0 0 0 0 0 0 0 0 0 0 0 0 0 0 0 0 0 0 0 0 0 0 0 0 0 0 0 0 0 0 0 0 0 0 0 0 0 0 0.112960953822478 0.152051462472023 0.194741003851222 0.238780436436258 0.281819136938847 0.321672824555717 0.356498784522851 0.38487087176446 0.405774496444363 0.418554922794237 0.422852923152662 0.418554922794237 0.405774496444363 0.38487087176446 0.356498784522851 0.321672824555717 0.281819136938847 0.238780436436258 0.194741003851222 0.152051462472023 0.112960953822478 0 0 0 0 0 0 0 0 0 0 0 0 0 0 0 0 0 0 0 0 0 0 0 0 0.163021388703181 0.243252094649978 0.330515821523994 0.416056378124638 0.492360316662318 0.554341703344906 0.599341703750742 0.62641006488962 0.635420390446752 0.62641006488962 
0 0 0 0 0 0 0 0 0 0 0 0 0 0 0 0 0 0 0 0 0 0 0 0 0 0 0 0 0 0 0 0 0 0 0 0 0 0 0 0 0 0 0 0 0 0.120471589381824 0.166258508204383 0.217476526220791 0.271490265509849 0.325446411153877 0.376655165602904 0.422852923152662 0.462320712153103 0.49387778068487 0.516793632755975 0.530666458597096 0.535308468432647 0.530666458597096 0.516793632755975 0.49387778068487 0.462320712153103 0.422852923152662 0.376655165602904 0.325446411153877 0.271490265509849 0.217476526220791 0.166258508204383 0.120471589381824 0 0 0 0 0 0 0 0 0 0 0 0 0 0 0 0 0 0 0 0 0 0 0.153969574170007 0.243252094649978 0.345328355440562 0.449382755873488 0.545393148849829 0.62641006488962 0.689058785152317 0.732725159387735 0.758224936516815 0.766581016240933 0.758224936516815 
0 0 0 0 0 0 0 0 0 0 0 0 0 0 0 0 0 0 0 0 0 0 0 0 0 0 0 0 0 0 0 0 0 0 0 0 0 0 0 0 0 0 0 0 0.120471589381824 0.171200710035371 0.229488880627965 0.292382322920363 0.356498784522851 0.418554922794237 0.475762471354768 0.526032996038429 0.56800022224668 0.600911144741567 0.624449971923118 0.638551559432477 0.643244957486672 0.638551559432477 0.624449971923118 0.600911144741567 0.56800022224668 0.526032996038429 0.475762471354768 0.418554922794237 0.356498784522851 0.292382322920363 0.229488880627965 0.171200710035371 0.120471589381824 0 0 0 0 0 0 0 0 0 0 0 0 0 0 0 0 0 0 0 0 0.129032167400704 0.21969606384552 0.330515821523994 0.449382755873488 0.563312339004762 0.662355943303985 0.741292464496538 0.799164955770888 0.837665753786066 0.859364520450072 0.866337904026611 0.859364520450072 
0 0 0 0 0 0 0 0 0 0 0 0 0 0 0 0 0 0 0 0 0 0 0 0 0 0 0 0 0 0 0 0 0 0.118677929830109 0.139024843303116 0.155080486216545 0.165343416535862 0.168871091339326 0.165343416535862 0.155080486216545 0.139024843303116 0.118677929830109 0 0.112960953822478 0.166258508204383 0.229488880627965 0.299553214987056 0.372579628743931 0.444611925781309 0.512188677362739 0.572692599003071 0.624449971923118 0.666631526507857 0.699036230406395 0.721836046214687 0.735339301191347 0.739807102215433 0.735339301191347 0.721836046214687 0.699036230406395 0.666631526507857 0.624449971923118 0.572692599003071 0.512188677362739 0.444611925781309 0.372579628743931 0.299553214987056 0.229488880627965 0.166258508204383 0.112960953822478 0 0 0 0 0 0 0 0 0 0 0 0 0 0 0 0 0 0 0 0.177311905213896 0.288246747940293 0.416056378124638 0.545393148849829 0.662355943303985 0.758224936516815 0.830187553233752 0.879870231467196 0.911095850168918 0.927891927274027 0.93314582184722 0.927891927274027 
0 0 0 0 0 0 0 0 0 0 0 0 0 0 0 0 0 0 0 0 0 0 0 0 0 0 0 0 0 0 0 0.132962105062322 0.168871091339326 0.203065827506706 0.23275198576861 0.255621144923586 0.270003698857246 0.274907029217262 0.270003698857246 0.255621144923586 0.23275198576861 0.203065827506706 0.168871091339326 0.152051462472023 0.217476526220791 0.292382322920363 0.372579628743931 0.453434521757669 0.530666458597096 0.600911144741567 0.661966953905587 0.712757084008226 0.753101639632532 0.783404355871614 0.804337123300526 0.816573490775908 0.820594582381403 0.816573490775908 0.804337123300526 0.783404355871614 0.753101639632532 0.712757084008226 0.661966953905587 0.600911144741567 0.530666458597096 0.453434521757669 0.372579628743931 0.292382322920363 0.217476526220791 0.152051462472023 0 0 0 0 0 0 0 0 0 0 0 0 0 0 0 0 0 0 0.125190663414 0.225436948126087 0.352864518829096 0.492360316662318 0.62641006488962 0.741292464496538 0.830187553233752 0.892822829742286 0.93314582184722 0.956682192461664 0.968511219632588 0.972056081486504 0.968511219632588 
0 0 0 0 0 0 0 0 0 0 0 0 0 0 0 0 0 0 0 0 0 0 0 0 0 0 0 0 0 0.118677929830109 0.165343416535862 0.215455236911485 0.265154799099778 0.310730738161097 0.349085762251729 0.377933219110864 0.395781722747518 0.401816508327864 0.395781722747518 0.377933219110864 0.349085762251729 0.310730738161097 0.265154799099778 0.215455236911485 0.271490265509849 0.356498784522851 0.444611925781309 0.530666458597096 0.610328632052709 0.680577219066995 0.739807102215433 0.787641808867241 0.824585773351194 0.851634500239094 0.869922157334966 0.880445675512348 0.883875174657539 0.880445675512348 0.869922157334966 0.851634500239094 0.824585773351194 0.787641808867241 0.739807102215433 0.680577219066995 0.610328632052709 0.530666458597096 0.444611925781309 0.356498784522851 0.271490265509849 0.194741003851222 0.130389024071846 0 0 0 0 0 0 0 0 0 0 0 0 0 0 0 0 0 0.153969574170007 0.268381339755955 0.407892505183624 0.554341703344906 0.689058785152317 0.799164955770888 0.879870231467196 0.93314582184722 0.964765642858517 0.981463942905692 0.98899005057738 0.991072572182266 0.98899005057738 
0 0 0 0 0 0 0 0 0 0 0 0 0 0 0 0 0 0 0 0 0 0 0 0 0 0 0 0 0.130006324424054 0.187320781306818 0.250936757141985 0.316058606295582 0.377933219110864 0.432590140412183 0.477170051191942 0.509890085097244 0.529797018709162 0.536470249431084 0.529797018709162 0.509890085097244 0.477170051191942 0.432590140412183 0.377933219110864 0.316058606295582 0.325446411153877 0.418554922794237 0.512188677362739 0.600911144741567 0.680577219066995 0.748688916294892 0.804337123300526 0.847870038198151 0.880445675512348 0.903590096105259 0.918830463413264 0.927426762519181 0.930197891931954 0.927426762519181 0.918830463413264 0.903590096105259 0.880445675512348 0.847870038198151 0.804337123300526 0.748688916294892 0.680577219066995 0.600911144741567 0.512188677362739 0.418554922794237 0.325446411153877 0.238780436436258 0.163826356947972 0.104086408283296 0 0 0 0 0 0 0 0 0 0 0 0 0 0 0 0 0.177311905213896 0.301966205404137 0.449382755873488 0.599341703750742 0.732725159387735 0.837665753786066 0.911095850168918 0.956682192461664 0.981463942905692 0.992939597787242 0.997236074820564 0.998230206735349 0.997236074820564 
0 0 0 0 0 0 0 0 0 0 0 0 0 0 0 0 0 0 0 0 0 0 0 0 0 0 0 0.130006324424054 0.195083071445882 0.270003698857246 0.349085762251729 0.42635860272545 0.496726676365684 0.556582433376556 0.603854032122282 0.637671088448717 0.657879706706407 0.664591674031008 0.657879706706407 0.637671088448717 0.603854032122282 0.556582433376556 0.496726676365684 0.42635860272545 0.376655165602904 0.475762471354768 0.572692599003071 0.661966953905587 0.739807102215433 0.804337123300526 0.855364119080133 0.893920696629575 0.921742561228659 0.940798238306419 0.952925523498178 0.95958250672086 0.961695883601404 0.95958250672086 0.952925523498178 0.940798238306419 0.921742561228659 0.893920696629575 0.855364119080133 0.804337123300526 0.739807102215433 0.661966953905587 0.572692599003071 0.475762471354768 0.376655165602904 0.281819136938847 0.197489219894671 0.128357753761878 0 0 0 0 0 0 0 0 0 0 0 0 0 0 0 0 0.192471198362885 0.323242173213885 0.475012317422744 0.62641006488962 0.758224936516815 0.859364520450072 0.927891927274027 0.968511219632588 0.98899005057738 0.997236074820564 0.99955725773955 0.999889296053199 0.99955725773955 
0 0 0 0 0 0 0 0 0 0 0 0 0 0 0 0 0 0 0 0 0 0 0 0 0 0 0.118677929830109 0.187320781306818 0.270003698857246 0.360485317728838 0.451499039895303 0.536470249431084 0.610622922614268 0.671288506280403 0.717587513321982 0.749793903980324 0.768657791966943 0.774857596741818 0.768657791966943 0.749793903980324 0.717587513321982 0.671288506280403 0.610622922614268 0.536470249431084 0.451499039895303 0.526032996038429 0.624449971923118 0.712757084008226 0.787641808867241 0.847870038198151 0.893920696629575 0.927426762519181 0.950602209116376 0.965761966701412 0.974973621001397 0.979833785786504 0.981340914492399 0.979833785786504 0.974973621001397 0.965761966701412 0.950602209116376 0.927426762519181 0.893920696629575 0.847870038198151 0.787641808867241 0.712757084008226 0.624449971923118 0.526032996038429 0.422852923152662 0.321672824555717 0.229488880627965 0.152051462472023 0 0 0 0 0 0 0 0 0 0 0 0 0 0 0 0.100692484575402 0.197719443104673 0.330515821523994 0.4836620781975 0.635420390446752 0.766581016240933 0.866337904026611 0.93314582184722 0.972056081486504 0.991072572182266 0.998230206735349 0.999889296053199 1 0.999889296053199 
0 0 0 0 0 0 0 0 0 0 0 0 0 0 0 0 0 0 0 0 0 0 0 0 0 0 0.165343416535862 0.250936757141985 0.349085762251729 0.451499039895303 0.549864440847394 0.637671088448717 0.71104844980095 0.768657791966943 0.810996825403251 0.839516760521633 0.855827841442142 0.861120461442727 0.855827841442142 0.839516760521633 0.810996825403251 0.768657791966943 0.71104844980095 0.637671088448717 0.549864440847394 0.56800022224668 0.666631526507857 0.753101639632532 0.824585773351194 0.880445675512348 0.921742561228659 0.950602209116376 0.969611446974872 0.981340914492399 0.988017734024476 0.991328345973786 0.992314719486584 0.991328345973786 0.988017734024476 0.981340914492399 0.969611446974872 0.950602209116376 0.921742561228659 0.880445675512348 0.824585773351194 0.753101639632532 0.666631526507857 0.56800022224668 0.462320712153103 0.356498784522851 0.258087023890284 0.17371092711035 0.107568789834737 0 0 0 0 0 0 0 0 0 0 0 0 0 0 0 0.192471198362885 0.323242173213885 0.475012317422744 0.62641006488962 0.758224936516815 0.859364520450072 0.927891927274027 0.968511219632588 0.98899005057738 0.997236074820564 0.99955725773955 0.999889296053199 0.99955725773955 
0 0 0 0 0 0 0 0 0 0 0 0 0 0 0 0 0 0 0 0 0 0 0 0 0 0.132962105062322 0.215455236911485 0.316058606295582 0.42635860272545 0.536470249431084 0.637671088448717 0.724096521486238 0.793165715556541 0.845024190708666 0.881521669663235 0.905164062264459 0.918279308438654 0.92246333913879 0.918279308438654 0.905164062264459 0.881521669663235 0.845024190708666 0.793165715556541 0.724096521486238 0.637671088448717 0.600911144741567 0.699036230406395 0.783404355871614 0.851634500239094 0.903590096105259 0.940798238306419 0.965761966701412 0.981340914492399 0.990283263628568 0.994919865740886 0.996990878514479 0.997561913995889 0.996990878514479 0.994919865740886 0.990283263628568 0.981340914492399 0.965761966701412 0.940798238306419 0.903590096105259 0.851634500239094 0.783404355871614 0.699036230406395 0.600911144741567 0.49387778068487 0.38487087176446 0.281819136938847 0.192019457402512 0.120471589381824 0 0 0 0 0 0 0 0 0 0 0 0 0 0 0 0.177311905213896 0.301966205404137 0.449382755873488 0.599341703750742 0.732725159387735 0.837665753786066 0.911095850168918 0.956682192461664 0.981463942905692 0.992939597787242 0.997236074820564 0.998230206735349 0.997236074820564 
0 0 0 0 0 0 0 0 0 0 0 0 0 0 0 0 0 0 0 0 0 0 0 0 0 0.168871091339326 0.265154799099778 0.377933219110864 0.496726676365684 0.610622922614268 0.71104844980095 0.793165715556541 0.855827841442142 0.9006097048128 0.930540921193931 0.948975037403326 0.958776289579179 0.961826199230024 0.958776289579179 0.948975037403326 0.930540921193931 0.9006097048128 0.855827841442142 0.793165715556541 0.71104844980095 0.624449971923118 0.721836046214687 0.804337123300526 0.869922157334966 0.918830463413264 0.952925523498178 0.974973621001397 0.988017734024476 0.994919865740886 0.998073117709431 0.999246869246823 0.999517930953524 0.999246869246823 0.998073117709431 0.994919865740886 0.988017734024476 0.974973621001397 0.952925523498178 0.918830463413264 0.869922157334966 0.804337123300526 0.721836046214687 0.624449971923118 0.516793632755975 0.405774496444363 0.299553214987056 0.205894291721825 0.130389024071846 0 0 0 0 0 0 0 0 0 0 0 0 0 0 0 0.153969574170007 0.268381339755955 0.407892505183624 0.554341703344906 0.689058785152317 0.799164955770888 0.879870231467196 0.93314582184722 0.964765642858517 0.981463942905692 0.98899005057738 0.991072572182266 0.98899005057738 
0 0 0 0 0 0 0 0 0 0 0 0 0 0 0 0 0 0 0 0 0 0 0 0 0.118677929830109 0.203065827506706 0.310730738161097 0.432590140412183 0.556582433376556 0.671288506280403 0.768657791966943 0.845024190708666 0.9006097048128 0.938221700746449 0.961826199230024 0.975397921274272 0.982163677756887 0.984184154270883 0.982163677756887 0.975397921274272 0.961826199230024 0.938221700746449 0.9006097048128 0.845024190708666 0.768657791966943 0.671288506280403 0.735339301191347 0.816573490775908 0.880445675512348 0.927426762519181 0.95958250672086 0.979833785786504 0.991328345973786 0.996990878514479 0.999246869246823 0.999879460945637 0.999969863874158 0.999879460945637 0.999246869246823 0.996990878514479 0.991328345973786 0.979833785786504 0.95958250672086 0.927426762519181 0.880445675512348 0.816573490775908 0.735339301191347 0.638551559432477 0.530666458597096 0.418554922794237 0.310500262849391 0.214540669485641 0.136628328733696 0 0 0 0 0 0 0 0 0 0 0 0 0 0 0 0.125190663414 0.225436948126087 0.352864518829096 0.492360316662318 0.62641006488962 0.741292464496538 0.830187553233752 0.892822829742286 0.93314582184722 0.956682192461664 0.968511219632588 0.972056081486504 0.968511219632588 
0 0 0 0 0 0 0 0 0 0 0 0 0 0 0 0 0 0 0 0 0 0 0 0 0.139024843303116 0.23275198576861 0.349085762251729 0.477170051191942 0.603854032122282 0.717587513321982 0.810996825403251 0.881521669663235 0.930540921193931 0.961826199230024 0.980025280563354 0.9895308109775 0.993791908611513 0.994968472963602 0.993791908611513 0.9895308109775 0.980025280563354 0.961826199230024 0.930540921193931 0.881521669663235 0.810996825403251 0.717587513321982 0.739807102215433 0.820594582381403 0.883875174657539 0.930197891931954 0.961695883601404 0.981340914492399 0.992314719486584 0.997561913995889 0.999517930953524 0.999969863874158 1 0.999969863874158 0.999517930953524 0.997561913995889 0.992314719486584 0.981340914492399 0.961695883601404 0.930197891931954 0.883875174657539 0.820594582381403 0.739807102215433 0.643244957486672 0.535308468432647 0.422852923152662 0.314199590913687 0.217476526220791 0.138757024133062 0 0 0 0 0 0 0 0 0 0 0 0 0 0 0 0 0.177311905213896 0.288246747940293 0.416056378124638 0.545393148849829 0.662355943303985 0.758224936516815 0.830187553233752 0.879870231467196 0.911095850168918 0.927891927274027 0.93314582184722 0.927891927274027 
