0.956682192461664 0.962818341443925 0.964765642858517 0.962818341443925 0.956682192461664 0.945494719820303 0.927891927274027 0.902137756481218 0.866337904026611 0.818755255720602 0.758224936516816 0.684629437705486 0.599341703750742 0.505491953135577 0.407892505183624 0.312500964068005 0.225436948126087 0.255621144923586 0.316058606295582 0.374410927033409 0.427601947804939 0.473288441843528 0.509890085097244 0.536470249431084 0.552550110523312 0.557927510483319 0.552550110523312 0.536470249431084 0.509890085097244 0.473288441843528 0.427601947804939 0.374410927033409 0.316058606295582 0.255621144923586 0.196661952148726 0.142760243146809 0 0 0 0 0 0 0 0 0 0 0 0 0 0 0 0 0 0 0 0 0 0 0 0 0 0 0 0 0 0 0 0 0 0 0 0 0 0 0 0 0 0 0 0 0 0 0 0 0 0 0 0 0 0 0 0 0 0 0 0 0 0 0 0 0 
0.976992021541973 0.981463942905692 0.982850309961092 0.981463942905692 0.976992021541973 0.968511219632588 0.954539829085066 0.93314582184722 0.902137756481218 0.859364520450072 0.80313406332255 0.732725159387735 0.648910010746791 0.554341703344906 0.453619012593026 0.352864518829096 0.270980017932272 0.34233792561265 0.41278236981315 0.478466215037724 0.536470249431084 0.584909984288916 0.622803198030451 0.64980792394711 0.665932309635736 0.671288506280403 0.665932309635736 0.64980792394711 0.622803198030451 0.584909984288916 0.536470249431084 0.478466215037724 0.41278236981315 0.34233792561265 0.270980017932272 0.203065827506706 0.142760243146809 0 0 0 0 0 0 0 0 0 0 0 0 0 0 0 0 0 0 0 0 0 0 0 0 0 0 0 0 0 0 0 0 0 0 0 0 0 0 0 0 0 0 0 0 0 0 0 0 0 0 0 0 0 0 0 0 0 0 0 0 0 0 0 0 
0.98899005057738 0.992033102385187 0.992939597787242 0.992033102385187 0.98899005057738 0.982850309961092 0.972056081486504 0.954539829085066 0.927891927274027 0.889640779162265 0.837665753786066 0.770729527956037 0.689058785152317 0.594830166213045 0.492360316662318 0.38780095302173 0.351350466229028 0.432590140412183 0.509890085097244 0.579503441380461 0.639021087279461 0.687288183098041 0.724096521486238 0.749793903980324 0.764916014773431 0.769901442873322 0.764916014773431 0.749793903980324 0.724096521486238 0.687288183098041 0.639021087279461 0.579503441380461 0.509890085097244 0.432590140412183 0.351350466229028 0.270980017932272 0.196661952148726 0.132962105062322 0 0 0 0 0 0 0 0 0 0 0 0 0 0 0 0 0 0 0 0 0 0 0 0 0 0 0 0 0 0 0 0 0 0 0 0 0 0 0 0 0 0 0 0 0 0 0 0 0 0 0 0 0 0 0 0 0 0 0 0 0 0 0 
0.99533342180362 0.997236074820564 0.997760632116414 0.997236074820564 0.99533342180362 0.991072572182266 0.982850309961092 0.968511219632588 0.945494719820303 0.911095850168918 0.862868049246688 0.799164955770888 0.719760615967717 0.62641006488962 0.523141636526835 0.416056378124638 0.432590140412183 0.520484800861251 0.601146567860472 0.671288506280403 0.7292808106982 0.774857596741818 0.808648748418409 0.831692565439143 0.845024190708666 0.849379965443433 0.845024190708666 0.831692565439143 0.808648748418409 0.774857596741818 0.7292808106982 0.671288506280403 0.601146567860472 0.520484800861251 0.432590140412183 0.34233792561265 0.255621144923586 0.178295347961765 0.114896663488234 0 0 0 0 0 0 0 0 0 0 0 0 0 0 0 0 0 0 0 0 0 0 0 0 0 0 0 0 0 0 0 0 0 0 0 0 0 0 0 0 0 0 0 0 0 0 0 0 0 0 0 0 0 0 0 0 0 0 0 0 0 0 
0.998230206735349 0.999308301365524 0.99955725773955 0.999308301365524 0.998230206735349 0.99533342180362 0.98899005057738 0.976992021541973 0.956682192461664 0.925199258453684 0.879870231467196 0.818755255720602 0.741292464496538 0.648910010746791 0.545393148849829 0.43676479375072 0.509890085097244 0.601146567860472 0.681967387303204 0.749793903980324 0.803924907075338 0.845024190708666 0.874525059483075 0.894084976620179 0.905164062264459 0.908742629852029 0.905164062264459 0.894084976620179 0.874525059483075 0.845024190708666 0.803924907075338 0.749793903980324 0.681967387303204 0.601146567860472 0.509890085097244 0.41278236981315 0.316058606295582 0.226596981963692 0.150453860515103 0 0 0 0 0 0 0 0 0 0 0 0 0 0 0 0 0 0 0 0 0 0 0 0 0 0 0 0 0 0 0 0 0 0 0 0 0 0 0 0 0 0 0 0 0 0 0 0 0 0 0 0 0 0 0 0 0 0 0 0 0 0 
0.999308301365524 0.999889296053199 0.999972322864285 0.999889296053199 0.999308301365524 0.997236074820564 0.992033102385187 0.981463942905692 0.962818341443925 0.93314582184722 0.889640779162265 0.830187553233752 0.754018505173685 0.662355943303985 0.55882448727475 0.478466215037724 0.579503441380461 0.671288506280403 0.749793903980324 0.813335512349839 0.862170020696252 0.897834419877782 0.92246333913879 0.938221700746449 0.946899464681021 0.949658443149579 0.946899464681021 0.938221700746449 0.92246333913879 0.897834419877782 0.862170020696252 0.813335512349839 0.749793903980324 0.671288506280403 0.579503441380461 0.478466215037724 0.374410927033409 0.274907029217262 0.187320781306818 0.117045882094697 0 0 0 0 0 0 0 0 0 0 0 0 0 0 0 0 0 0 0 0 0 0 0 0 0 0 0 0 0 0 0 0 0 0 0 0 0 0 0 0 0 0 0 0 0 0 0 0 0 0 0 0 0 0 0 0 0 0 0 0 0 
0.99955725773955 0.999972322864285 1 0.999972322864285 0.99955725773955 0.997760632116414 0.992939597787242 0.982850309961092 0.964765642858517 0.935706217017436 0.892822829742287 0.833941352021478 0.758224936516816 0.666825723187815 0.563312339004761 0.536470249431084 0.639021087279461 0.7292808106982 0.803924907075338 0.862170020696252 0.905164062264459 0.935197717999018 0.954972146605145 0.967036941305955 0.973417305012206 0.975397921274272 0.973417305012206 0.967036941305955 0.954972146605145 0.935197717999018 0.905164062264459 0.862170020696252 0.803924907075338 0.7292808106982 0.639021087279461 0.536470249431084 0.427601947804939 0.320357870715484 0.223128737274178 0.142760243146809 0 0 0 0 0 0 0 0 0 0 0 0 0 0 0 0 0 0 0 0 0 0 0 0 0 0 0 0 0 0 0 0 0 0 0 0 0 0 0 0 0 0 0 0 0 0 0 0 0 0 0 0 0 0 0 0 0 0 0 0 0 
0.999308301365524 0.999889296053199 0.999972322864285 0.999889296053199 0.999308301365524 0.997236074820564 0.992033102385187 0.981463942905692 0.962818341443925 0.93314582184722 0.889640779162265 0.830187553233752 0.754018505173685 0.662355943303985 0.55882448727475 0.584909984288916 0.687288183098041 0.774857596741818 0.845024190708666 0.897834419877782 0.935197717999018 0.960009439242539 0.975397921274272 0.984184154270883 0.988547805189069 0.989848833936131 0.988547805189069 0.984184154270883 0.975397921274272 0.960009439242539 0.935197717999018 0.897834419877782 0.845024190708666 0.774857596741818 0.687288183098041 0.584909984288916 0.473288441843528 0.360485317728838 0.255621144923586 0.166748048259259 0 0 0 0 0 0 0 0 0 0 0 0 0 0 0 0 0 0 0 0 0 0 0 0 0 0 0 0 0 0 0 0 0 0 0 0 0 0 0 0 0 0 0 0 0 0 0 0 0 0 0 0 0 0 0 0 0 0 0 0 0 
0.998230206735349 0.999308301365524 0.99955725773955 0.999308301365524 0.998230206735349 0.99533342180362 0.98899005057738 0.976992021541973 0.956682192461664 0.925199258453684 0.879870231467196 0.818755255720602 0.741292464496538 0.648910010746791 0.545393148849829 0.622803198030451 0.724096521486238 0.808648748418409 0.874525059483075 0.92246333913879 0.954972146605145 0.975397921274272 0.98716979479818 0.993287032356217 0.996022369116245 0.996776899590975 0.996022369116245 0.993287032356217 0.98716979479818 0.975397921274272 0.954972146605145 0.92246333913879 0.874525059483075 0.808648748418409 0.724096521486238 0.622803198030451 0.509890085097244 0.393379544174952 0.282864955257186 0.187320781306818 0.112777919212327 0 0 0 0 0 0 0 0 0 0 0 0 0 0 0 0 0 0 0 0 0 0 0 0 0 0 0 0 0 0 0 0 0 0 0 0 0 0 0 0 0 0 0 0 0 0 0 0 0 0 0 0 0 0 0 0 0 0 0 0 
0.99533342180362 0.997236074820564 0.997760632116414 0.997236074820564 0.99533342180362 0.991072572182266 0.982850309961092 0.968511219632588 0.945494719820303 0.911095850168918 0.862868049246688 0.799164955770888 0.719760615967717 0.62641006488962 0.536470249431084 0.64980792394711 0.749793903980324 0.831692565439143 0.894084976620179 0.938221700746449 0.967036941305955 0.984184154270883 0.993287032356217 0.997452490297822 0.99900410555794 0.999362513249446 0.99900410555794 0.997452490297822 0.993287032356217 0.984184154270883 0.967036941305955 0.938221700746449 0.894084976620179 0.831692565439143 0.749793903980324 0.64980792394711 0.536470249431084 0.417697558207423 0.303358786600548 0.203065827506706 0.123678609826136 0 0 0 0 0 0 0 0 0 0 0 0 0 0 0 0 0 0 0 0 0 0 0 0 0 0 0 0 0 0 0 0 0 0 0 0 0 0 0 0 0 0 0 0 0 0 0 0 0 0 0 0 0 0 0 0 0 0 0 0 
0.98899005057738 0.992033102385187 0.992939597787242 0.992033102385187 0.98899005057738 0.982850309961092 0.972056081486504 0.954539829085066 0.927891927274027 0.889640779162265 0.837665753786066 0.770729527956037 0.689058785152317 0.594830166213045 0.552550110523312 0.665932309635736 0.764916014773431 0.845024190708666 0.905164062264459 0.946899464681021 0.973417305012206 0.988547805189069 0.996022369116245 0.99900410555794 0.999840590199185 0.999960145167248 0.999840590199185 0.99900410555794 0.996022369116245 0.988547805189069 0.973417305012206 0.946899464681021 0.905164062264459 0.845024190708666 0.764916014773431 0.665932309635736 0.552550110523312 0.432590140412183 0.316058606295582 0.212937405501937 0.130593477825267 0 0 0 0 0 0 0 0 0 0 0 0 0 0 0 0 0 0 0 0 0 0 0 0 0 0 0 0 0 0 0 0 0 0 0 0 0 0 0 0 0 0 0 0 0 0 0 0 0 0 0 0 0 0 0 0 0 0 0 0 
0.976992021541973 0.981463942905692 0.982850309961092 0.981463942905692 0.976992021541973 0.968511219632588 0.954539829085066 0.93314582184722 0.902137756481218 0.859364520450072 0.80313406332255 0.732725159387735 0.648910010746791 0.554341703344906 0.557927510483319 0.671288506280403 0.769901442873322 0.849379965443433 0.908742629852029 0.949658443149579 0.975397921274272 0.989848833936131 0.996776899590975 0.999362513249446 0.999960145167248 1 0.999960145167248 0.999362513249446 0.996776899590975 0.989848833936131 0.975397921274272 0.949658443149579 0.908742629852029 0.849379965443433 0.769901442873322 0.671288506280403 0.557927510483319 0.437601639638911 0.320357870715484 0.216298957454005 0.132962105062322 0 0 0 0 0 0 0 0 0 0 0 0 0 0 0 0 0 0 0 0 0 0 0 0 0 0 0 0 0 0 0 0 0 0 0 0 0 0 0 0 0 0 0 0 0 0 0 0 0 0 0 0 0 0 0 0 0 0 0 0 
0.956682192461664 0.962818341443925 0.964765642858517 0.962818341443925 0.956682192461664 0.945494719820303 0.927891927274027 0.902137756481218 0.866337904026611 0.818755255720602 0.758224936516816 0.684629437705486 0.599341703750742 0.505491953135577 0.552550110523312 0.665932309635736 0.764916014773431 0.845024190708666 0.905164062264459 0.946899464681021 0.973417305012206 0.988547805189069 0.996022369116245 0.99900410555794 0.999840590199185 0.999960145167248 0.999840590199185 0.99900410555794 0.996022369116245 0.988547805189069 0.973417305012206 0.946899464681021 0.905164062264459 0.845024190708666 0.764916014773431 0.665932309635736 0.552550110523312 0.432590140412183 0.316058606295582 0.212937405501937 0.130593477825267 0 0 0 0 0 0 0 0 0 0 0 0 0 0 0 0 0 0 0 0 0 0 0 0 0 0 0 0 0 0 0 0 0 0 0 0 0 0 0 0 0 0 0 0 0 0 0 0 0 0 0 0 0 0 0 0 0 0 0 0 
0.925199258453684 0.93314582184722 0.935706217017436 0.93314582184722 0.925199258453684 0.911095850168918 0.889640779162265 0.859364520450072 0.818755255720602 0.766581016240933 0.702286220379775 0.62641006488962 0.54092827179312 0.449382755873487 0.536470249431084 0.64980792394711 0.749793903980324 0.831692565439143 0.894084976620179 0.938221700746449 0.967036941305955 0.984184154270883 0.993287032356217 0.997452490297822 0.99900410555794 0.999362513249446 0.99900410555794 0.997452490297822 0.993287032356217 0.984184154270883 0.967036941305955 0.938221700746449 0.894084976620179 0.831692565439143 0.749793903980324 0.64980792394711 0.536470249431084 0.417697558207423 0.303358786600548 0.203065827506706 0.123678609826136 0 0 0 0 0 0 0 0 0 0 0 0 0 0 0 0 0 0 0 0 0 0 0 0 0 0 0 0 0 0 0 0 0 0 0 0 0 0 0 0 0 0 0 0 0 0 0 0 0 0 0 0 0 0 0 0 0 0 0 0 
0.879870231467196 0.889640779162265 0.892822829742287 0.889640779162265 0.879870231467196 0.862868049246688 0.837665753786066 0.80313406332255 0.758224936516816 0.702286220379775 0.635420390446752 0.55882448727475 0.475012317422744 0.530666458597096 0.600911144741567 0.661966953905587 0.724096521486238 0.808648748418409 0.874525059483075 0.92246333913879 0.954972146605145 0.975397921274272 0.98716979479818 0.993287032356217 0.996022369116245 0.996776899590975 0.996022369116245 0.993287032356217 0.98716979479818 0.975397921274272 0.954972146605145 0.92246333913879 0.874525059483075 0.808648748418409 0.724096521486238 0.622803198030451 0.509890085097244 0.393379544174952 0.282864955257186 0.187320781306818 0.112777919212327 0 0 0 0 0 0 0 0 0 0 0 0 0 0 0 0 0 0 0 0 0 0 0 0 0 0 0 0 0 0 0 0 0 0 0 0 0 0 0 0 0 0 0 0 0 0 0 0 0 0 0 0 0 0 0 0 0 0 0 0 
0.818755255720602 0.830187553233752 0.833941352021478 0.830187553233752 0.818755255720602 0.799164955770888 0.770729527956037 0.732725159387735 0.684629437705486 0.62641006488962 0.55882448727475 0.4836620781975 0.530666458597096 0.610328632052709 0.680577219066995 0.739807102215433 0.787641808867241 0.824585773351194 0.851634500239094 0.897834419877782 0.935197717999018 0.960009439242539 0.975397921274272 0.984184154270883 0.988547805189069 0.989848833936131 0.988547805189069 0.984184154270883 0.975397921274272 0.960009439242539 0.935197717999018 0.897834419877782 0.845024190708666 0.774857596741818 0.687288183098041 0.584909984288916 0.473288441843528 0.360485317728838 0.255621144923586 0.166748048259259 0 0 0 0 0 0 0 0 0 0 0 0 0 0 0 0 0 0 0 0 0 0 0 0 0 0 0 0 0 0 0 0 0 0 0 0 0 0 0 0 0 0 0 0 0 0 0 0 0 0 0 0 0 0 0 0 0 0 0 0 0 
0.741292464496538 0.754018505173685 0.758224936516816 0.754018505173685 0.741292464496538 0.719760615967717 0.689058785152317 0.648910010746791 0.599341703750742 0.54092827179312 0.475012317422744 0.512188677362739 0.600911144741567 0.680577219066995 0.748688916294892 0.804337123300526 0.847870038198151 0.880445675512348 0.903590096105259 0.918830463413264 0.927426762519181 0.935197717999018 0.954972146605145 0.967036941305955 0.973417305012206 0.975397921274272 0.973417305012206 0.967036941305955 0.954972146605145 0.935197717999018 0.905164062264459 0.862170020696252 0.803924907075338 0.7292808106982 0.639021087279461 0.536470249431084 0.427601947804939 0.320357870715484 0.223128737274178 0.142760243146809 0 0 0 0 0 0 0 0 0 0 0 0 0 0 0 0 0 0 0 0 0 0 0 0 0 0 0 0 0 0 0 0 0 0 0 0 0 0 0 0 0 0 0 0 0 0 0 0 0 0 0 0 0 0 0 0 0 0 0 0 0 
0.648910010746791 0.662355943303985 0.666825723187815 0.662355943303985 0.648910010746791 0.62641006488962 0.594830166213045 0.554341703344906 0.505491953135577 0.449382755873487 0.475762471354768 0.572692599003071 0.661966953905587 0.739807102215433 0.804337123300526 0.855364119080133 0.893920696629575 0.921742561228659 0.940798238306419 0.952925523498178 0.95958250672086 0.961695883601404 0.95958250672086 0.952925523498178 0.946899464681021 0.949658443149579 0.946899464681021 0.938221700746449 0.92246333913879 0.897834419877782 0.862170020696252 0.813335512349839 0.749793903980324 0.671288506280403 0.579503441380461 0.478466215037724 0.374410927033409 0.274907029217262 0.211824785804258 0.190399311582767 0.163021388703181 0.132168997898845 0.100692484575402 0 0 0 0 0 0 0 0 0 0 0 0 0 0 0 0 0 0 0 0 0 0 0 0 0 0 0 0 0 0 0 0 0 0 0 0 0 0 0 0 0 0 0 0 0 0 0 0 0 0 0 0 0 0 0 0 0 0 
0.545393148849829 0.55882448727475 0.563312339004761 0.55882448727475 0.545393148849829 0.523141636526835 0.492360316662318 0.453619012593026 0.407892505183624 0.422852923152662 0.526032996038429 0.624449971923118 0.712757084008226 0.787641808867241 0.847870038198151 0.893920696629575 0.927426762519181 0.950602209116376 0.965761966701412 0.974973621001397 0.979833785786504 0.981340914492399 0.979833785786504 0.974973621001397 0.965761966701412 0.950602209116376 0.927426762519181 0.894084976620179 0.874525059483075 0.845024190708666 0.803924907075338 0.749793903980324 0.681967387303204 0.601146567860472 0.509890085097244 0.41278236981315 0.354381957135243 0.348332566942387 0.330515821523994 0.301966205404137 0.264512403739173 0.220836336046566 0.174384737139833 0.129032167400704 0 0 0 0 0 0 0 0 0 0 0 0 0 0 0 0 0 0 0 0 0 0 0 0 0 0 0 0 0 0 0 0 0 0 0 0 0 0 0 0 0 0 0 0 0 0 0 0 0 0 0 0 0 0 0 0 0 
0.43676479375072 0.449382755873487 0.453619012593026 0.449382755873487 0.43676479375072 0.416056378124638 0.38780095302173 0.352864518829096 0.356498784522851 0.462320712153103 0.56800022224668 0.666631526507857 0.753101639632532 0.824585773351194 0.880445675512348 0.921742561228659 0.950602209116376 0.969611446974872 0.981340914492399 0.988017734024476 0.991328345973786 0.992314719486584 0.991328345973786 0.988017734024476 0.981340914492399 0.969611446974872 0.950602209116376 0.921742561228659 0.880445675512348 0.824585773351194 0.753101639632532 0.671288506280403 0.601146567860472 0.520484800861251 0.464700712742793 0.48539794290909 0.492360316662318 0.48539794290909 0.464700712742793 0.4309247939071 0.385421610472514 0.330515821523994 0.269678742919249 0.207413768509558 0.148718319959564 0 0 0 0 0 0 0 0 0 0 0 0 0 0 0 0 0 0 0 0 0 0 0 0 0 0 0 0 0 0 0 0 0 0 0 0 0 0 0 0 0 0 0 0 0 0 0 0 0 0 0 0 0 0 0 0 
0.330515821523994 0.341592482328639 0.345328355440562 0.341592482328639 0.330515821523994 0.312500964068005 0.288246747940293 0.281819136938847 0.38487087176446 0.49387778068487 0.600911144741567 0.699036230406395 0.783404355871614 0.851634500239094 0.903590096105259 0.940798238306419 0.965761966701412 0.981340914492399 0.990283263628568 0.994919865740886 0.996990878514479 0.997561913995889 0.996990878514479 0.994919865740886 0.990283263628568 0.981340914492399 0.965761966701412 0.940798238306419 0.903590096105259 0.851634500239094 0.783404355871614 0.699036230406395 0.600911144741567 0.563312339004762 0.599341703750742 0.620999310052938 0.628212978004615 0.620999310052938 0.599341703750742 0.563312339004762 0.513415663919192 0.451075486675191 0.379110887283382 0.301966205404137 0.225436948126087 0.155749842549783 0 0 0 0 0 0 0 0 0 0 0 0 0 0 0 0 0 0 0 0 0 0 0 0 0 0 0 0 0 0 0 0 0 0 0 0 0 0 0 0 0 0 0 0 0 0 0 0 0 0 0 0 0 0 0 
0.234233508897561 0.243252094649978 0.24630753392759 0.243252094649978 0.234233508897561 0.21969606384552 0.205894291721825 0.299553214987056 0.405774496444363 0.516793632755975 0.624449971923118 0.721836046214687 0.804337123300526 0.869922157334966 0.918830463413264 0.952925523498178 0.974973621001397 0.988017734024476 0.994919865740886 0.998073117709431 0.999246869246823 0.999517930953524 0.999246869246823 0.998073117709431 0.994919865740886 0.988017734024476 0.974973621001397 0.952925523498178 0.918830463413264 0.869922157334966 0.804337123300526 0.721836046214687 0.635420390446752 0.685516059264436 0.720628906228449 0.741292464496538 0.748099103226458 0.741292464496538 0.720628906228449 0.685516059264436 0.635420390446752 0.570502297635273 0.492360316662318 0.404646899200858 0.313210661355389 0.225436948126087 0.148718319959564 0 0 0 0 0 0 0 0 0 0 0 0 0 0 0 0 0 0 0 0 0 0 0 0 0 0 0 0 0 0 0 0 0 0 0 0 0 0 0 0 0 0 0 0 0 0 0 0 0 0 0 0 0 0 
0.153969574170007 0.16072307357744 0.163021388703181 0.16072307357744 0.153969574170007 0.143179849077599 0.214540669485641 0.310500262849391 0.418554922794237 0.530666458597096 0.638551559432477 0.735339301191347 0.816573490775908 0.880445675512348 0.927426762519181 0.95958250672086 0.979833785786504 0.991328345973786 0.996990878514479 0.999246869246823 0.999879460945637 0.999969863874158 0.999879460945637 0.999246869246823 0.996990878514479 0.991328345973786 0.979833785786504 0.95958250672086 0.927426762519181 0.880445675512348 0.816573490775908 0.735339301191347 0.741292464496538 0.78792343075865 0.819525188934035 0.837665753786066 0.843562292621571 0.837665753786066 0.819525188934035 0.78792343075865 0.741292464496538 0.678413050833265 0.599341703750742 0.506370776476777 0.404646899200858 0.301966205404137 0.207413768509558 0.129032167400704 0 0 0 0 0 0 0 0 0 0 0 0 0 0 0 0 0 0 0 0 0 0 0 0 0 0 0 0 0 0 0 0 0 0 0 0 0 0 0 0 0 0 0 0 0 0 0 0 0 0 0 0 0 
0 0 0 0 0 0.138757024133062 0.217476526220791 0.314199590913687 0.422852923152662 0.535308468432647 0.643244957486672 0.739807102215433 0.820594582381403 0.883875174657539 0.930197891931954 0.961695883601404 0.981340914492399 0.992314719486584 0.997561913995889 0.999517930953524 0.999969863874158 1 0.999969863874158 0.999517930953524 0.997561913995889 0.992314719486584 0.981340914492399 0.961695883601404 0.930197891931954 0.883875174657539 0.820594582381403 0.774857596741818 0.825644960902086 0.866337904026611 0.892822829742286 0.907556242773421 0.912262624816315 0.907556242773421 0.892822829742286 0.866337904026611 0.825644960902086 0.768242837728334 0.692595282575667 0.599341703750742 0.492360316662318 0.379110887283382 0.269678742919249 0.174384737139833 0.100692484575402 0 0 0 0 0 0 0 0 0 0 0 0 0 0 0 0 0 0 0 0 0 0 0 0 0 0 0 0 0 0 0 0 0 0 0 0 0 0 0 0 0 0 0 0 0 0 0 0 0 0 0 0 
0 0 0 0 0 0.136628328733696 0.214540669485641 0.310500262849391 0.418554922794237 0.530666458597096 0.638551559432477 0.735339301191347 0.816573490775908 0.880445675512348 0.927426762519181 0.95958250672086 0.979833785786504 0.991328345973786 0.996990878514479 0.999246869246823 0.999879460945637 0.999969863874158 0.999879460945637 0.999246869246823 0.996990878514479 0.991328345973786 0.979833785786504 0.95958250672086 0.927426762519181 0.880445675512348 0.842389223460813 0.845898949199431 0.88771340782359 0.921356957472602 0.942152063951673 0.953231386473442 0.956682192461664 0.953231386473442 0.942152063951673 0.921356957472602 0.88771340782359 0.837665753786066 0.768242837728334 0.678413050833265 0.570502297635273 0.451075486675191 0.330515821523994 0.220836336046566 0.132168997898845 0 0 0 0 0 0 0 0 0 0 0 0 0 0 0 0 0 0 0 0 0 0 0 0 0 0 0 0 0 0 0 0 0 0 0 0 0 0 0 0 0 0 0 0 0 0 0 0 0 0 0 0 
0 0 0 0 0 0.130389024071846 0.205894291721825 0.299553214987056 0.405774496444363 0.516793632755975 0.624449971923118 0.721836046214687 0.804337123300526 0.869922157334966 0.918830463413264 0.952925523498178 0.974973621001397 0.988017734024476 0.994919865740886 0.998073117709431 0.999246869246823 0.999517930953524 0.999246869246823 0.998073117709431 0.994919865740886 0.988017734024476 0.974973621001397 0.952925523498178 0.918830463413264 0.88874302299728 0.897834419877782 0.900793592465332 0.930014636571424 0.956682192461664 0.972056081486504 0.979731293265429 0.982024778087707 0.979731293265429 0.972056081486504 0.956682192461664 0.930014636571424 0.88771340782359 0.825644960902086 0.741292464496538 0.635420390446752 0.513415663919192 0.385421610472514 0.264512403739173 0.163021388703181 0 0 0 0 0 0 0 0 0 0 0 0 0 0 0 0 0 0 0 0 0 0 0 0 0 0 0 0 0 0 0 0 0 0 0 0 0 0 0 0 0 0 0 0 0 0 0 0 0 0 0 0 
0 0 0 0 0 0.120471589381824 0.192019457402512 0.281819136938847 0.38487087176446 0.49387778068487 0.600911144741567 0.699036230406395 0.783404355871614 0.851634500239094 0.903590096105259 0.940798238306419 0.965761966701412 0.981340914492399 0.990283263628568 0.994919865740886 0.996990878514479 0.997561913995889 0.996990878514479 0.994919865740886 0.990283263628568 0.981340914492399 0.965761966701412 0.940798238306419 0.917770820265984 0.930855845579818 0.938221700746449 0.940593941458302 0.956682192461664 0.977304662219488 0.988097006136808 0.992939597787242 0.994277227520972 0.992939597787242 0.988097006136808 0.977304662219488 0.956682192461664 0.921356957472602 0.866337904026611 0.78792343075865 0.685516059264436 0.563312339004762 0.4309247939071 0.301966205404137 0.190399311582767 0.105932590152189 0 0 0 0 0 0 0 0 0 0 0 0 0 0 0 0 0 0 0 0 0 0 0 0 0 0 0 0 0 0 0 0 0 0 0 0 0 0 0 0 0 0 0 0 0 0 0 0 0 0 0 
0 0 0 0 0 0.107568789834737 0.17371092711035 0.258087023890284 0.356498784522851 0.462320712153103 0.56800022224668 0.666631526507857 0.753101639632532 0.824585773351194 0.880445675512348 0.921742561228659 0.950602209116376 0.969611446974872 0.981340914492399 0.988017734024476 0.991328345973786 0.992314719486584 0.991328345973786 0.988017734024476 0.981340914492399 0.969611446974872 0.950602209116376 0.93335229668083 0.949658443149579 0.960009439242539 0.965682758427565 0.967482587902963 0.972056081486504 0.988097006136808 0.995475581489367 0.998230206735349 0.998866971195051 0.998230206735349 0.995475581489367 0.988097006136808 0.972056081486504 0.942152063951673 0.892822829742286 0.819525188934035 0.720628906228449 0.599341703750742 0.464700712742793 0.330515821523994 0.211824785804258 0.119959298492964 0 0 0 0 0 0 0 0 0 0 0 0 0 0 0 0 0 0 0 0 0 0 0 0 0 0 0 0 0 0 0 0 0 0 0 0 0 0 0 0 0 0 0 0 0 0 0 0 0 0 0 
0 0 0 0 0 0 0.152051462472023 0.229488880627965 0.321672824555717 0.422852923152662 0.526032996038429 0.624449971923118 0.712757084008226 0.787641808867241 0.847870038198151 0.893920696629575 0.927426762519181 0.950602209116376 0.965761966701412 0.974973621001397 0.979833785786504 0.981340914492399 0.979833785786504 0.974973621001397 0.965761966701412 0.950602209116376 0.938221700746449 0.958027996315635 0.970943706574908 0.978776562669522 0.982904673655687 0.984184154270883 0.982904673655687 0.992939597787242 0.998230206735349 0.999716622367193 0.999929148062158 0.999716622367193 0.998230206735349 0.992939597787242 0.979731293265429 0.953231386473442 0.907556242773421 0.837665753786066 0.741292464496538 0.620999310052938 0.48539794290909 0.348332566942387 0.225436948126087 0.129032167400704 0 0 0 0 0 0 0 0 0 0 0 0 0 0 0 0 0 0 0 0 0 0 0 0 0 0 0 0 0 0 0 0 0 0 0 0 0 0 0 0 0 0 0 0 0 0 0 0 0 0 0 
0 0 0 0 0 0 0.128357753761878 0.197489219894671 0.281819136938847 0.376655165602904 0.475762471354768 0.572692599003071 0.661966953905587 0.739807102215433 0.804337123300526 0.855364119080133 0.893920696629575 0.921742561228659 0.940798238306419 0.952925523498178 0.95958250672086 0.961695883601404 0.95958250672086 0.952925523498178 0.940798238306419 0.93335229668083 0.958027996315635 0.974218387140686 0.984184154270883 0.989848833936131 0.992655407548477 0.993491327842298 0.992655407548477 0.994277227520972 0.998866971195051 0.999929148062158 1 0.999929148062158 0.998866971195051 0.994277227520972 0.982024778087707 0.956682192461664 0.912262624816315 0.843562292621571 0.748099103226458 0.628212978004615 0.492360316662318 0.354381957135243 0.230100793631598 0.132168997898845 0 0 0 0 0 0 0 0 0 0 0 0 0 0 0 0 0 0 0 0 0 0 0 0 0 0 0 0 0 0 0 0 0 0 0 0 0 0 0 0 0 0 0 0 0 0 0 0 0 0 0 
0 0 0 0 0 0 0.104086408283296 0.163826356947972 0.238780436436258 0.325446411153877 0.418554922794237 0.512188677362739 0.600911144741567 0.680577219066995 0.748688916294892 0.804337123300526 0.847870038198151 0.880445675512348 0.903590096105259 0.918830463413264 0.927426762519181 0.930197891931954 0.927426762519181 0.918830463413264 0.917770820265984 0.949658443149579 0.970943706574908 0.984184154270883 0.99176959397792 0.995698493481434 0.997452490297822 0.997936017245343 0.997452490297822 0.995698493481434 0.998230206735349 0.999716622367193 0.999929148062158 0.999716622367193 0.998230206735349 0.992939597787242 0.979731293265429 0.953231386473442 0.907556242773421 0.837665753786066 0.741292464496538 0.620999310052938 0.48539794290909 0.348332566942387 0.225436948126087 0.129032167400704 0 0 0 0 0 0 0 0 0 0 0 0 0 0 0 0 0 0 0 0 0 0 0 0 0 0 0 0 0 0 0 0 0 0 0 0 0 0 0 0 0 0 0 0 0 0 0 0 0 0 0 
0 0 0 0 0 0 0 0.130389024071846 0.194741003851222 0.271490265509849 0.356498784522851 0.444611925781309 0.530666458597096 0.610328632052709 0.680577219066995 0.739807102215433 0.787641808867241 0.824585773351194 0.851634500239094 0.869922157334966 0.880445675512348 0.883875174657539 0.880445675512348 0.88874302299728 0.930855845579818 0.960009439242539 0.978776562669522 0.989848833936131 0.995698493481434 0.99836884530028 0.999362513249446 0.999591961650057 0.999362513249446 0.99836884530028 0.995698493481434 0.998230206735349 0.998866971195051 0.998230206735349 0.995475581489367 0.988097006136808 0.972056081486504 0.942152063951673 0.892822829742286 0.819525188934035 0.720628906228449 0.599341703750742 0.464700712742793 0.330515821523994 0.211824785804258 0.119959298492964 0 0 0 0 0 0 0 0 0 0 0 0 0 0 0 0 0 0 0 0 0 0 0 0 0 0 0 0 0 0 0 0 0 0 0 0 0 0 0 0 0 0 0 0 0 0 0 0 0 0 0 
0 0 0 0 0 0 0 0 0.152051462472023 0.217476526220791 0.292382322920363 0.372579628743931 0.453434521757669 0.530666458597096 0.600911144741567 0.661966953905587 0.712757084008226 0.753101639632532 0.783404355871614 0.804337123300526 0.816573490775908 0.820594582381403 0.842389223460813 0.897834419877782 0.938221700746449 0.965682758427565 0.982904673655687 0.992655407548477 0.997452490297822 0.999362513249446 0.999897974799864 0.999974492724051 0.999897974799864 0.999362513249446 0.997452490297822 0.992939597787242 0.994277227520972 0.992939597787242 0.988097006136808 0.977304662219488 0.956682192461664 0.921356957472602 0.866337904026611 0.78792343075865 0.685516059264436 0.563312339004762 0.4309247939071 0.301966205404137 0.190399311582767 0.105932590152189 0 0 0 0 0 0 0 0 0 0 0 0 0 0 0 0 0 0 0 0 0 0 0 0 0 0 0 0 0 0 0 0 0 0 0 0 0 0 0 0 0 0 0 0 0 0 0 0 0 0 0 
0 0 0 0 0 0 0 0 0.112960953822478 0.166258508204383 0.229488880627965 0.299553214987056 0.372579628743931 0.444611925781309 0.512188677362739 0.572692599003071 0.624449971923118 0.666631526507857 0.699036230406395 0.721836046214687 0.735339301191347 0.774857596741818 0.845898949199431 0.900793592465332 0.940593941458302 0.967482587902963 0.984184154270883 0.993491327842298 0.997936017245343 0.999591961650057 0.999974492724051 1 0.999974492724051 0.999591961650057 0.997936017245343 0.993491327842298 0.984184154270883 0.979731293265429 0.972056081486504 0.956682192461664 0.930014636571424 0.88771340782359 0.825644960902086 0.741292464496538 0.635420390446752 0.513415663919192 0.385421610472514 0.264512403739173 0.163021388703181 0 0 0 0 0 0 0 0 0 0 0 0 0 0 0 0 0 0 0 0 0 0 0 0 0 0 0 0 0 0 0 0 0 0 0 0 0 0 0 0 0 0 0 0 0 0 0 0 0 0 0 0 
0 0 0 0 0 0 0 0 0 0.120471589381824 0.171200710035371 0.229488880627965 0.292382322920363 0.356498784522851 0.418554922794237 0.475762471354768 0.526032996038429 0.56800022224668 0.600911144741567 0.624449971923118 0.684097288222227 0.770895046991776 0.842389223460813 0.897834419877782 0.938221700746449 0.965682758427565 0.982904673655687 0.992655407548477 0.997452490297822 0.999362513249446 0.999897974799864 0.999974492724051 0.999897974799864 0.999362513249446 0.997452490297822 0.992655407548477 0.982904673655687 0.965682758427565 0.942152063951673 0.921356957472602 0.88771340782359 0.837665753786066 0.768242837728334 0.678413050833265 0.570502297635273 0.451075486675191 0.330515821523994 0.220836336046566 0.132168997898845 0 0 0 0 0 0 0 0 0 0 0 0 0 0 0 0 0 0 0 0 0 0 0 0 0 0 0 0 0 0 0 0 0 0 0 0 0 0 0 0 0 0 0 0 0 0 0 0 0 0 0 0 
0 0 0 0 0 0 0 0 0 0 0.120471589381824 0.166258508204383 0.217476526220791 0.271490265509849 0.325446411153877 0.376655165602904 0.422852923152662 0.462320712153103 0.49387778068487 0.571941538575961 0.671288506280403 0.758896241396258 0.831692565439143 0.88874302299728 0.930855845579818 0.960009439242539 0.978776562669522 0.989848833936131 0.995698493481434 0.99836884530028 0.999362513249446 0.999591961650057 0.999362513249446 0.99836884530028 0.995698493481434 0.989848833936131 0.978776562669522 0.960009439242539 0.930855845579818 0.88874302299728 0.831692565439143 0.768242837728334 0.692595282575667 0.599341703750742 0.492360316662318 0.379110887283382 0.269678742919249 0.178295347961765 0.111938903497631 0 0 0 0 0 0 0 0 0 0 0 0 0 0 0 0 0 0 0 0 0 0 0 0 0 0 0 0 0 0 0 0 0 0 0 0 0 0 0 0 0 0 0 0 0 0 0 0 0 0 0 0 
0 0 0 0 0 0 0 0 0 0 0 0.112960953822478 0.152051462472023 0.194741003851222 0.238780436436258 0.281819136938847 0.321672824555717 0.356498784522851 0.445667180102787 0.550401405914095 0.64980792394711 0.738557875838721 0.813335512349839 0.872903727377117 0.917770820265984 0.949658443149579 0.970943706574908 0.984184154270883 0.99176959397792 0.995698493481434 0.997452490297822 0.997936017245343 0.997452490297822 0.995698493481434 0.99176959397792 0.984184154270883 0.970943706574908 0.949658443149579 0.917770820265984 0.872903727377117 0.813335512349839 0.738557875838721 0.64980792394711 0.550401405914095 0.445667180102787 0.34233792561265 0.247413509434977 0.166748048259258 0.103811655889029 0 0 0 0 0 0 0 0 0 0 0 0 0 0 0 0 0 0 0 0 0 0 0 0 0 0 0 0 0 0 0 0 0 0 0 0 0 0 0 0 0 0 0 0 0 0 0 0 0 0 0 0 
0 0 0 0 0 0 0 0 0 0 0 0 0 0.130389024071846 0.163826356947972 0.197489219894671 0.229488880627965 0.317774384324019 0.417697558207423 0.520484800861251 0.619556011382502 0.709474813025246 0.78662705846737 0.849379965443433 0.897834419877782 0.93335229668083 0.958027996315635 0.974218387140686 0.984184154270883 0.989848833936131 0.992655407548477 0.993491327842298 0.992655407548477 0.989848833936131 0.984184154270883 0.974218387140686 0.958027996315635 0.93335229668083 0.897834419877782 0.849379965443433 0.78662705846737 0.709474813025246 0.619556011382502 0.520484800861251 0.417697558207423 0.317774384324019 0.227294899227228 0.151502315245214 0 0 0 0 0 0 0 0 0 0 0 0 0 0 0 0 0 0 0 0 0 0 0 0 0 0 0 0 0 0 0 0 0 0 0 0 0 0 0 0 0 0 0 0 0 0 0 0 0 0 0 0 0 
0 0 0 0 0 0 0 0 0 0 0 0 0 0 0.104086408283296 0.13343968466458 0.203065827506707 0.287705827431759 0.382891323309651 0.482621488753261 0.58058443944521 0.671288506280403 0.750809434953136 0.817057579695971 0.869636801074136 0.909451340065162 0.938221700746449 0.958027996315635 0.970943706574908 0.978776562669522 0.982904673655687 0.984184154270883 0.982904673655687 0.978776562669522 0.970943706574908 0.958027996315635 0.938221700746449 0.909451340065162 0.869636801074136 0.817057579695971 0.750809434953136 0.671288506280403 0.58058443944521 0.482621488753261 0.382891323309651 0.287705827431759 0.203065827506707 0.13343968466458 0 0 0 0 0 0 0 0 0 0 0 0 0 0 0 0 0 0 0 0 0 0 0 0 0 0 0 0 0 0 0 0 0 0 0 0 0 0 0 0 0 0 0 0 0 0 0 0 0 0 0 0 0 
0 0 0 0 0 0 0 0 0 0 0 0 0 0 0 0.113621774483194 0.175941573855874 0.253365763056676 0.34233792561265 0.437601639638911 0.533264962162575 0.623885392715877 0.705270717291754 0.774857596741818 0.831692565439143 0.876138228889075 0.909451340065162 0.93335229668083 0.949658443149579 0.960009439242539 0.965682758427565 0.967482587902963 0.965682758427565 0.960009439242539 0.949658443149579 0.93335229668083 0.909451340065162 0.876138228889075 0.831692565439143 0.774857596741818 0.705270717291754 0.623885392715877 0.533264962162575 0.437601639638911 0.34233792561265 0.253365763056676 0.175941573855874 0.113621774483194 0 0 0 0 0 0 0 0 0 0 0 0 0 0 0 0 0 0 0 0 0 0 0 0 0 0 0 0 0 0 0 0 0 0 0 0 0 0 0 0 0 0 0 0 0 0 0 0 0 0 0 0 0 
0 0 0 0 0 0 0 0 0 0 0 0 0 0 0 0 0.14734055475722 0.216298957454005 0.297535050977041 0.386689729710106 0.478466215037724 0.567625019228767 0.64980792394711 0.722017024624455 0.78272410410338 0.831692565439143 0.869636801074136 0.897834419877782 0.917770820265984 0.930855845579818 0.938221700746449 0.940593941458302 0.938221700746449 0.930855845579818 0.917770820265984 0.897834419877782 0.869636801074136 0.831692565439143 0.78272410410338 0.722017024624455 0.64980792394711 0.567625019228767 0.478466215037724 0.386689729710106 0.297535050977041 0.216298957454005 0.14734055475722 0 0 0 0 0 0 0 0 0 0 0 0 0 0 0 0 0 0 0 0 0 0 0 0 0 0 0 0 0 0 0 0 0 0 0 0 0 0 0 0 0 0 0 0 0 0 0 0 0 0 0 0 0 0 
0 0 0 0 0 0 0 0 0 0 0 0 0 0 0 0 0.118787349279647 0.178295347961765 0.250378334994917 0.331687883848038 0.417697558207423 0.503559982101402 0.584909984288916 0.658417178203115 0.722017024624455 0.774857596741818 0.817057579695971 0.849379965443433 0.872903727377117 0.88874302299728 0.897834419877782 0.900793592465332 0.897834419877782 0.88874302299728 0.872903727377117 0.849379965443433 0.817057579695971 0.774857596741818 0.722017024624455 0.658417178203115 0.584909984288916 0.503559982101402 0.417697558207423 0.331687883848038 0.250378334994917 0.178295347961765 0.118787349279647 0 0 0 0 0 0 0 0 0 0 0 0 0 0 0 0 0 0 0 0 0 0 0 0 0 0 0 0 0 0 0 0 0 0 0 0 0 0 0 0 0 0 0 0 0 0 0 0 0 0 0 0 0 0 
0 0 0 0 0 0 0 0 0 0 0 0 0 0 0 0 0 0.141257228156461 0.203065827506707 0.274907029217262 0.353167736027855 0.433590592633304 0.512004693187243 0.584909984288916 0.64980792394711 0.705270717291754 0.750809434953136 0.78662705846737 0.813335512349839 0.831692565439143 0.842389223460813 0.845898949199431 0.842389223460813 0.831692565439143 0.813335512349839 0.78662705846737 0.750809434953136 0.705270717291754 0.64980792394711 0.584909984288916 0.512004693187243 0.433590592633304 0.353167736027855 0.274907029217262 0.203065827506707 0.141257228156461 0 0 0 0 0 0 0 0 0 0 0 0 0 0 0 0 0 0 0 0 0 0 0 0 0 0 0 0 0 0 0 0 0 0 0 0 0 0 0 0 0 0 0 0 0 0 0 0 0 0 0 0 0 0 0 
0 0 0 0 0 0 0 0 0 0 0 0 0 0 0 0 0 0.107005612518734 0.157905972296914 0.219013797487629 0.287705827431759 0.360485317728838 0.433590592633304 0.503559982101402 0.567625019228767 0.623885392715877 0.671288506280403 0.709474813025246 0.738557875838721 0.758896241396258 0.770895046991776 0.774857596741818 0.770895046991776 0.758896241396258 0.738557875838721 0.709474813025246 0.671288506280403 0.623885392715877 0.567625019228767 0.503559982101402 0.433590592633304 0.360485317728838 0.287705827431759 0.219013797487629 0.157905972296914 0.107005612518734 0 0 0 0 0 0 0 0 0 0 0 0 0 0 0 0 0 0 0 0 0 0 0 0 0 0 0 0 0 0 0 0 0 0 0 0 0 0 0 0 0 0 0 0 0 0 0 0 0 0 0 0 0 0 0 
0 0 0 0 0 0 0 0 0 0 0 0 0 0 0 0 0 0 0.117045882094697 0.166748048259258 0.224511766646547 0.287705827431759 0.353167736027855 0.417697558207423 0.478466215037724 0.533264962162575 0.58058443944521 0.619556011382502 0.64980792394711 0.671288506280403 0.684097288222227 0.688350729203772 0.684097288222227 0.671288506280403 0.64980792394711 0.619556011382502 0.58058443944521 0.533264962162575 0.478466215037724 0.417697558207423 0.353167736027855 0.287705827431759 0.224511766646547 0.166748048259258 0.117045882094697 0 0 0 0 0 0 0 0 0 0 0 0 0 0 0 0 0 0 0 0 0 0 0 0 0 0 0 0 0 0 0 0 0 0 0 0 0 0 0 0 0 0 0 0 0 0 0 0 0 0 0 0 0 0 0 0 
0 0 0 0 0 0 0 0 0 0 0 0 0 0 0 0 0 0 0 0.120548576917592 0.166748048259258 0.219013797487629 0.274907029217262 0.331687883848038 0.386689729710106 0.437601639638911 0.482621488753261 0.520484800861251 0.550401405914095 0.571941538575961 0.584909984288916 0.589237695015882 0.584909984288916 0.571941538575961 0.550401405914095 0.520484800861251 0.482621488753261 0.437601639638911 0.386689729710106 0.331687883848038 0.274907029217262 0.219013797487629 0.166748048259258 0.120548576917592 0 0 0 0 0 0 0 0 0 0 0 0 0 0 0 0 0 0 0 0 0 0 0 0 0 0 0 0 0 0 0 0 0 0 0 0 0 0 0 0 0 0 0 0 0 0 0 0 0 0 0 0 0 0 0 0 0 
0 0 0 0 0 0 0 0 0 0 0 0 0 0 0 0 0 0 0 0 0.117045882094697 0.157905972296914 0.203065827506707 0.250378334994917 0.297535050977041 0.34233792561265 0.382891323309651 0.417697558207423 0.445667180102787 0.466071138740815 0.478466215037724 0.482621488753261 0.478466215037724 0.466071138740815 0.445667180102787 0.417697558207423 0.382891323309651 0.34233792561265 0.297535050977041 0.250378334994917 0.203065827506707 0.157905972296914 0.117045882094697 0 0 0 0 0 0 0 0 0 0 0 0 0 0 0 0 0 0 0 0 0 0 0 0 0 0 0 0 0 0 0 0 0 0 0 0 0 0 0 0 0 0 0 0 0 0 0 0 0 0 0 0 0 0 0 0 0 0 
0 0 0 0 0 0 0 0 0 0 0 0 0 0 0 0 0 0 0 0 0 0.107005612518734 0.141257228156461 0.178295347961765 0.216298957454005 0.253365763056676 0.287705827431759 0.317774384324019 0.34233792561265 0.360485317728838 0.371604747050202 0.375348628008205 0.371604747050202 0.360485317728838 0.34233792561265 0.317774384324019 0.287705827431759 0.253365763056676 0.216298957454005 0.178295347961765 0.141257228156461 0.107005612518734 0 0 0 0 0 0 0 0 0 0 0 0 0 0 0 0 0 0 0 0 0 0 0 0 0 0 0 0 0 0 0 0 0 0 0 0 0 0 0 0 0 0 0 0 0 0 0 0 0 0 0 0 0 0 0 0 0 0 0 
0 0 0 0 0 0 0 0 0 0 0 0 0 0 0 0 0 0 0 0 0 0 0 0.118787349279647 0.14734055475722 0.175941573855874 0.203065827506707 0.227294899227228 0.247413509434977 0.262463273307847 0.271762639593139 0.274907029217262 0.271762639593139 0.262463273307847 0.247413509434977 0.227294899227228 0.203065827506707 0.175941573855874 0.14734055475722 0.118787349279647 0 0 0 0 0 0 0 0 0 0 0 0 0 0 0 0 0 0 0 0 0 0 0 0 0 0 0 0 0 0 0 0 0 0 0 0 0 0 0 0 0 0 0 0 0 0 0 0 0 0 0 0 0 0 0 0 0 0 0 0 0 
