0 0 0 0 0 0 0 0 0 0 0 0 0 0 0 0 0 0 0 0 0 0 0 0 0 0 0 0 0 0 0 0 0 0 0 0 0 0 0 0 0 0 0 0 0 0 0 0 0 0 0 0 0 0 0 0 0 0 0 0 0 0 0 0 0 0 0 0 0 0 0 0 0 0 0 0 0 0 0 0 0 0 0 0 0 0 0 0 0 0 0 0 0 0 0 0 0 0 0 0 0 
0 0 0 0 0 0 0 0 0 0 0 0 0 0 0 0 0 0 0 0 0 0 0 0 0 0 0 0 0 0 0 0 0 0 0 0 0 0 0 0 0 0 0 0 0 0 0 0 0 0 0 0 0 0 0 0 0 0 0 0 0 0 0 0 0 0 0 0 0 0 0 0 0 0 0 0 0 0 0 0 0 0 0 0 0 0 0 0 0 0 0 0 0 0 0 0 0 0 0 0 0 
0 0 0 0 0 0 0 0 0 0 0 0 0 0 0 0 0 0 0 0 0 0 0 0 0 0 0 0 0 0 0 0 0 0 0 0 0 0 0 0 0 0 0 0 0 0 0 0 0 0 0 0 0 0 0 0 0 0 0 0 0 0 0 0 0 0 0 0 0 0 0 0 0 0 0 0 0 0 0 0 0 0 0 0 0 0 0 0 0 0 0 0 0 0 0 0 0 0 0 0 0 
0 0 0 0 0 0 0 0 0 0 0 0 0.109894159073899 0.126657759766995 0.137607745602626 0.141410839199098 0.137607745602626 0.126657759766995 0.109894159073899 0 0 0 0 0 0 0 0 0 0 0 0 0 0 0 0 0 0 0 0 0 0 0 0 0 0 0 0 0 0 0 0 0 0 0 0 0 0 0 0 0 0 0 0 0 0 0 0 0 0 0 0 0 0 0 0 0 0 0 0 0 0 0 0 0 0 0 0 0 0 0 0 0 0 0 0 0 0 0 0 0 0 
0 0 0 0 0 0 0 0 0 0 0.133881670888812 0.170242197235133 0.203065827506707 0.229018910140102 0.245600250262948 0.251295137900506 0.245600250262948 0.229018910140102 0.203065827506707 0.170242197235133 0.133881670888812 0 0 0 0 0 0 0 0 0 0 0 0 0 0 0 0 0 0 0 0 0 0 0 0 0 0 0 0 0 0 0 0 0 0 0 0 0 0 0 0 0 0 0 0 0 0 0 0 0 0 0 0 0 0 0 0 0 0 0 0 0 0 0 0 0 0 0 0 0 0 0 0 0 0 0 0 0 0 0 0 
0 0 0 0 0 0 0 0 0.123158456316655 0.174683362763146 0.229018910140102 0.281016255888607 0.326029135000313 0.360485317728838 0.382017312399871 0.389329811870575 0.382017312399871 0.360485317728838 0.326029135000313 0.281016255888607 0.229018910140102 0.174683362763146 0.123158456316655 0 0 0 0 0 0 0 0 0 0 0 0 0 0 0 0 0 0 0 0 0 0 0 0 0 0 0 0 0 0 0 0 0 0 0 0 0 0 0 0 0 0 0 0 0 0 0 0 0 0 0 0 0 0 0 0 0 0 0 0 0 0 0 0 0 0 0 0 0 0 0 0 0 0 0 0 0 0 
0 0 0 0 0 0 0 0.137607745602626 0.203065827506707 0.274907029217262 0.346482195513557 0.411651674359674 0.465754762636727 0.50582991401344 0.53030972877502 0.538526918615456 0.53030972877502 0.50582991401344 0.465754762636727 0.411651674359674 0.346482195513557 0.274907029217262 0.203065827506707 0.137607745602626 0 0 0 0 0 0 0 0 0 0 0 0 0 0 0 0 0 0 0 0 0 0 0 0 0 0 0 0 0 0 0 0 0 0 0 0 0 0 0 0 0 0 0 0 0 0 0 0 0 0 0 0 0 0 0 0 0 0 0 0 0 0 0 0 0 0 0 0 0 0 0 0 0 0 0 0 0 
0 0 0 0 0 0 0.137607745602626 0.213194724557767 0.299831059865423 0.389329811870575 0.47368607554494 0.546768268297297 0.604895398733175 0.64649159935633 0.671288506280403 0.67950727926201 0.671288506280403 0.64649159935633 0.604895398733175 0.546768268297297 0.47368607554494 0.389329811870575 0.299831059865423 0.213194724557767 0.137607745602626 0 0 0 0 0 0 0 0 0 0 0 0 0 0 0 0 0 0 0 0 0 0 0 0 0 0 0 0 0 0 0 0 0 0 0 0 0 0 0 0 0 0 0 0 0 0 0 0 0 0 0 0 0 0 0 0 0 0 0 0 0 0 0 0 0 0 0 0 0 0 0 0 0 0 0 0 
0 0 0 0 0 0.123158456316655 0.203065827506707 0.299831059865423 0.404148601737547 0.50582991401344 0.59656524795472 0.671288506280403 0.728086302591349 0.767220556666722 0.789913279533464 0.797324795483783 0.789913279533464 0.767220556666722 0.728086302591349 0.671288506280403 0.59656524795472 0.50582991401344 0.404148601737547 0.299831059865423 0.203065827506707 0.123158456316655 0 0 0 0 0 0 0 0 0 0 0 0 0 0 0 0 0 0 0 0 0 0 0 0 0 0 0 0 0 0 0 0 0 0 0 0 0 0 0 0 0 0 0 0 0 0 0 0 0 0 0 0 0 0 0 0 0 0 0 0 0 0 0 0 0 0 0 0 0 0 0 0 0 0 0 
0 0 0 0 0 0.174683362763146 0.274907029217262 0.389329811870575 0.50582991401344 0.613226162087338 0.70397494289872 0.774857596741818 0.826112752157697 0.85990569573878 0.878849454791316 0.884922359668643 0.878849454791316 0.85990569573878 0.826112752157697 0.774857596741818 0.70397494289872 0.613226162087338 0.50582991401344 0.389329811870575 0.274907029217262 0.174683362763146 0.130593477825267 0.132962105062322 0.130593477825267 0.123678609826136 0.112777919212327 0 0 0 0 0 0 0 0 0 0 0 0 0 0 0 0 0 0 0 0 0 0 0 0 0 0 0 0 0 0 0 0 0 0 0 0 0 0 0 0 0 0 0 0 0 0 0 0 0 0 0 0 0 0 0 0 0 0 0 0 0 0 0 0 0 0 0 0 0 0 
0 0 0 0 0.133881670888812 0.229018910140102 0.346482195513557 0.47368607554494 0.59656524795472 0.70397494289872 0.789913279533464 0.853360229009251 0.896686686167781 0.923731418166495 0.938221700746449 0.942746337207875 0.938221700746449 0.923731418166495 0.896686686167781 0.853360229009251 0.789913279533464 0.70397494289872 0.59656524795472 0.47368607554494 0.346482195513557 0.229018910140102 0.212937405501937 0.216298957454005 0.212937405501937 0.203065827506706 0.187320781306818 0.166748048259259 0.142760243146809 0.117045882094697 0 0 0 0 0 0 0 0 0 0 0 0 0 0 0 0 0 0 0 0 0 0 0 0 0 0 0 0 0 0 0 0 0 0 0 0 0 0 0 0 0 0 0 0 0 0 0 0 0 0 0 0 0 0 0 0 0 0 0 0 0 0 0 0 0 0 0 
0 0 0 0 0.170242197235133 0.281016255888607 0.411651674359674 0.546768268297297 0.671288506280403 0.774857596741818 0.853360229009251 0.907921976358488 0.942746337207875 0.962969886707551 0.973106067271712 0.976140050695452 0.973106067271712 0.962969886707551 0.942746337207875 0.907921976358488 0.853360229009251 0.774857596741818 0.671288506280403 0.546768268297297 0.411651674359674 0.303358786600548 0.316058606295582 0.320357870715484 0.316058606295582 0.303358786600548 0.282864955257186 0.255621144923586 0.223128737274178 0.187320781306818 0.150453860515103 0.114896663488234 0 0 0 0 0 0 0 0 0 0 0 0 0 0 0 0 0 0 0 0 0 0 0 0 0 0 0 0 0 0 0 0 0 0 0 0 0 0 0 0 0 0 0 0 0 0 0 0 0 0 0 0 0 0 0 0 0 0 0 0 0 0 0 0 0 
0 0 0 0.109894159073899 0.203065827506707 0.326029135000313 0.465754762636727 0.604895398733175 0.728086302591349 0.826112752157697 0.896686686167781 0.942746337207875 0.969898510069849 0.984184154270883 0.990611069359524 0.992388157489868 0.990611069359524 0.984184154270883 0.969898510069849 0.942746337207875 0.896686686167781 0.826112752157697 0.728086302591349 0.604895398733175 0.465754762636727 0.417697558207423 0.432590140412183 0.437601639638911 0.432590140412183 0.417697558207423 0.393379544174952 0.360485317728838 0.320357870715484 0.274907029217262 0.226596981963692 0.178295347961765 0.132962105062322 0 0 0 0 0 0 0 0 0 0 0 0 0 0 0 0 0 0 0 0 0 0 0 0 0 0 0 0 0 0 0 0 0 0 0 0 0 0 0 0 0 0 0 0 0 0 0 0 0 0 0 0 0 0 0 0 0 0 0 0 0 0 0 0 
0 0 0 0.126657759766995 0.229018910140102 0.360485317728838 0.50582991401344 0.64649159935633 0.767220556666722 0.85990569573878 0.923731418166495 0.962969886707551 0.984184154270883 0.99398088581324 0.99764445753162 0.998491812940271 0.99764445753162 0.99398088581324 0.984184154270883 0.962969886707551 0.923731418166495 0.85990569573878 0.767220556666722 0.64649159935633 0.509890085097244 0.536470249431084 0.552550110523312 0.557927510483319 0.552550110523312 0.536470249431084 0.509890085097244 0.473288441843528 0.427601947804939 0.374410927033409 0.316058606295582 0.255621144923586 0.196661952148726 0.142760243146809 0 0 0 0 0 0 0 0 0 0 0 0 0 0 0 0 0 0 0 0 0 0 0 0 0 0 0 0 0 0 0 0 0 0 0 0 0 0 0 0 0 0 0 0 0 0 0 0 0 0 0 0 0 0 0 0 0 0 0 0 0 0 0 
0 0 0 0.137607745602626 0.245600250262948 0.382017312399871 0.53030972877502 0.671288506280403 0.789913279533464 0.878849454791316 0.938221700746449 0.973106067271712 0.990611069359524 0.99764445753162 0.999622739800869 0.999905671604287 0.999622739800869 0.99764445753162 0.990611069359524 0.973106067271712 0.938221700746449 0.878849454791316 0.789913279533464 0.671288506280403 0.622803198030451 0.64980792394711 0.665932309635736 0.671288506280403 0.665932309635736 0.64980792394711 0.622803198030451 0.584909984288916 0.536470249431084 0.478466215037724 0.41278236981315 0.34233792561265 0.270980017932272 0.203065827506706 0.142760243146809 0 0 0 0 0 0 0 0 0 0 0 0 0 0 0 0 0 0 0 0 0 0 0 0 0 0 0 0 0 0 0 0 0 0 0 0 0 0 0 0 0 0 0 0 0 0 0 0 0 0 0 0 0 0 0 0 0 0 0 0 0 0 
0 0 0 0.141410839199098 0.251295137900506 0.389329811870575 0.538526918615456 0.67950727926201 0.797324795483783 0.884922359668643 0.942746337207875 0.976140050695452 0.992388157489868 0.998491812940271 0.999905671604287 1 0.999905671604287 0.998491812940271 0.992388157489868 0.976140050695452 0.942746337207875 0.884922359668643 0.797324795483783 0.687288183098041 0.724096521486238 0.749793903980324 0.764916014773431 0.769901442873322 0.764916014773431 0.749793903980324 0.724096521486238 0.687288183098041 0.639021087279461 0.579503441380461 0.509890085097244 0.432590140412183 0.351350466229028 0.270980017932272 0.196661952148726 0.132962105062322 0 0 0 0 0 0 0 0 0 0 0 0 0 0 0 0 0 0 0 0 0 0 0 0 0 0 0 0 0 0 0 0 0 0 0 0 0 0 0 0 0 0 0 0 0 0 0 0 0 0 0 0 0 0 0 0 0 0 0 0 0 
0 0 0 0.137607745602626 0.245600250262948 0.382017312399871 0.53030972877502 0.671288506280403 0.789913279533464 0.878849454791316 0.938221700746449 0.973106067271712 0.990611069359524 0.99764445753162 0.999622739800869 0.999905671604287 0.999622739800869 0.99764445753162 0.990611069359524 0.973106067271712 0.938221700746449 0.878849454791316 0.789913279533464 0.774857596741818 0.808648748418409 0.831692565439143 0.845024190708666 0.849379965443433 0.845024190708666 0.831692565439143 0.808648748418409 0.774857596741818 0.7292808106982 0.671288506280403 0.601146567860472 0.520484800861251 0.432590140412183 0.34233792561265 0.255621144923586 0.178295347961765 0.114896663488234 0 0 0 0 0 0 0 0 0 0 0 0 0 0 0 0 0 0 0 0 0 0 0 0 0 0 0 0 0 0 0 0 0 0 0 0 0 0 0 0 0 0 0 0 0 0 0 0 0 0 0 0 0 0 0 0 0 0 0 0 
0 0 0 0.126657759766995 0.229018910140102 0.360485317728838 0.50582991401344 0.64649159935633 0.767220556666722 0.85990569573878 0.923731418166495 0.962969886707551 0.984184154270883 0.99398088581324 0.99764445753162 0.998491812940271 0.99764445753162 0.99398088581324 0.984184154270883 0.962969886707551 0.923731418166495 0.85990569573878 0.803924907075338 0.845024190708666 0.874525059483075 0.894084976620179 0.905164062264459 0.908742629852029 0.905164062264459 0.894084976620179 0.874525059483075 0.845024190708666 0.803924907075338 0.749793903980324 0.681967387303204 0.601146567860472 0.509890085097244 0.41278236981315 0.316058606295582 0.226596981963692 0.150453860515103 0 0 0 0 0 0 0 0 0 0 0 0 0 0 0 0 0 0 0 0 0 0 0 0 0 0 0 0 0 0 0 0 0 0 0 0 0 0 0 0 0 0 0 0 0 0 0 0 0 0 0 0 0 0 0 0 0 0 0 0 
0 0 0 0.109894159073899 0.203065827506707 0.326029135000313 0.465754762636727 0.604895398733175 0.728086302591349 0.826112752157697 0.896686686167781 0.942746337207875 0.969898510069849 0.984184154270883 0.990611069359524 0.992388157489868 0.990611069359524 0.984184154270883 0.969898510069849 0.942746337207875 0.896686686167781 0.826112752157697 0.862170020696252 0.897834419877782 0.92246333913879 0.938221700746449 0.946899464681021 0.949658443149579 0.946899464681021 0.938221700746449 0.92246333913879 0.897834419877782 0.862170020696252 0.813335512349839 0.749793903980324 0.671288506280403 0.579503441380461 0.478466215037724 0.374410927033409 0.274907029217262 0.187320781306818 0.117045882094697 0 0 0 0 0 0 0 0 0 0 0 0 0 0 0 0 0 0 0 0 0 0 0 0 0 0 0 0 0 0 0 0 0 0 0 0 0 0 0 0 0 0 0 0 0 0 0 0 0 0 0 0 0 0 0 0 0 0 0 
0 0 0 0 0.170242197235133 0.281016255888607 0.411651674359674 0.546768268297297 0.671288506280403 0.774857596741818 0.853360229009251 0.907921976358488 0.942746337207875 0.962969886707551 0.973106067271712 0.976140050695452 0.973106067271712 0.962969886707551 0.942746337207875 0.907921976358488 0.853360229009251 0.862170020696252 0.905164062264459 0.935197717999018 0.954972146605145 0.967036941305955 0.973417305012206 0.975397921274272 0.973417305012206 0.967036941305955 0.954972146605145 0.935197717999018 0.905164062264459 0.862170020696252 0.803924907075338 0.7292808106982 0.639021087279461 0.536470249431084 0.427601947804939 0.320357870715484 0.223128737274178 0.142760243146809 0 0 0 0 0 0 0 0 0 0 0 0 0 0 0 0 0 0 0 0 0 0 0 0 0 0 0 0 0 0 0 0 0 0 0 0 0 0 0 0 0 0 0 0 0 0 0 0 0 0 0 0 0 0 0 0 0 0 0 
0 0 0 0 0.133881670888812 0.229018910140102 0.346482195513557 0.47368607554494 0.59656524795472 0.70397494289872 0.789913279533464 0.853360229009251 0.896686686167781 0.923731418166495 0.938221700746449 0.942746337207875 0.938221700746449 0.923731418166495 0.896686686167781 0.853360229009251 0.845024190708666 0.897834419877782 0.935197717999018 0.960009439242539 0.975397921274272 0.984184154270883 0.988547805189069 0.989848833936131 0.988547805189069 0.984184154270883 0.975397921274272 0.960009439242539 0.935197717999018 0.897834419877782 0.845024190708666 0.774857596741818 0.687288183098041 0.584909984288916 0.473288441843528 0.360485317728838 0.255621144923586 0.166748048259259 0 0 0 0 0 0 0 0 0 0 0 0 0 0 0 0 0 0 0 0 0 0 0 0 0 0 0 0 0 0 0 0 0 0 0 0 0 0 0 0 0 0 0 0 0 0 0 0 0 0 0 0 0 0 0 0 0 0 0 
0 0 0 0 0 0.174683362763146 0.274907029217262 0.389329811870575 0.50582991401344 0.613226162087338 0.70397494289872 0.774857596741818 0.826112752157697 0.85990569573878 0.878849454791316 0.884922359668643 0.878849454791316 0.85990569573878 0.826112752157697 0.808648748418409 0.874525059483075 0.92246333913879 0.954972146605145 0.975397921274272 0.98716979479818 0.993287032356217 0.996022369116245 0.996776899590975 0.996022369116245 0.993287032356217 0.98716979479818 0.975397921274272 0.954972146605145 0.92246333913879 0.874525059483075 0.808648748418409 0.724096521486238 0.622803198030451 0.509890085097244 0.393379544174952 0.282864955257186 0.187320781306818 0.112777919212327 0 0 0 0 0 0 0 0 0 0 0 0 0 0 0 0 0 0 0 0 0 0 0 0 0 0 0 0 0 0 0 0 0 0 0 0 0 0 0 0 0 0 0 0 0 0 0 0 0 0 0 0 0 0 0 0 0 0 
0 0 0 0 0 0.123158456316655 0.203065827506707 0.299831059865423 0.404148601737547 0.50582991401344 0.59656524795472 0.671288506280403 0.728086302591349 0.767220556666722 0.789913279533464 0.797324795483783 0.789913279533464 0.767220556666722 0.749793903980324 0.831692565439143 0.894084976620179 0.938221700746449 0.967036941305955 0.984184154270883 0.993287032356217 0.997452490297822 0.99900410555794 0.999362513249446 0.99900410555794 0.997452490297822 0.993287032356217 0.984184154270883 0.967036941305955 0.938221700746449 0.894084976620179 0.831692565439143 0.749793903980324 0.64980792394711 0.536470249431084 0.417697558207423 0.303358786600548 0.203065827506706 0.123678609826136 0 0 0 0 0 0 0 0 0 0 0 0 0 0 0 0 0 0 0 0 0 0 0 0 0 0 0 0 0 0 0 0 0 0 0 0 0 0 0 0 0 0 0 0 0 0 0 0 0 0 0 0 0 0 0 0 0 0 
0 0 0 0 0 0 0.137607745602626 0.213194724557767 0.299831059865423 0.389329811870575 0.47368607554494 0.546768268297297 0.604895398733175 0.64649159935633 0.671288506280403 0.67950727926201 0.671288506280403 0.665932309635736 0.764916014773431 0.845024190708666 0.905164062264459 0.946899464681021 0.973417305012206 0.988547805189069 0.996022369116245 0.99900410555794 0.999840590199185 0.999960145167248 0.999840590199185 0.99900410555794 0.996022369116245 0.988547805189069 0.973417305012206 0.946899464681021 0.905164062264459 0.845024190708666 0.764916014773431 0.665932309635736 0.552550110523312 0.432590140412183 0.316058606295582 0.212937405501937 0.130593477825267 0 0 0 0 0 0 0 0 0 0 0 0 0 0 0 0 0 0 0 0 0 0 0 0 0 0 0 0 0 0 0 0 0 0 0 0 0 0 0 0 0 0 0 0 0 0 0 0 0 0 0 0 0 0 0 0 0 0 
0 0 0 0 0 0 0 0.137607745602626 0.203065827506707 0.274907029217262 0.346482195513557 0.411651674359674 0.465754762636727 0.50582991401344 0.53030972877502 0.538526918615456 0.557927510483319 0.671288506280403 0.769901442873322 0.849379965443433 0.908742629852029 0.949658443149579 0.975397921274272 0.989848833936131 0.996776899590975 0.999362513249446 0.999960145167248 1 0.999960145167248 0.999362513249446 0.996776899590975 0.989848833936131 0.975397921274272 0.949658443149579 0.908742629852029 0.849379965443433 0.769901442873322 0.671288506280403 0.557927510483319 0.437601639638911 0.320357870715484 0.216298957454005 0.132962105062322 0 0 0 0 0 0 0 0 0 0 0 0 0 0 0 0 0 0 0 0 0 0 0 0 0 0 0 0 0 0 0 0 0 0 0 0 0 0 0 0 0 0 0 0 0 0 0 0 0 0 0 0 0 0 0 0 0 0 
0 0 0 0 0 0 0 0 0.123158456316655 0.174683362763146 0.229018910140102 0.281016255888607 0.326029135000313 0.360485317728838 0.382017312399871 0.432590140412183 0.552550110523312 0.665932309635736 0.764916014773431 0.845024190708666 0.905164062264459 0.946899464681021 0.973417305012206 0.988547805189069 0.996022369116245 0.99900410555794 0.999840590199185 0.999960145167248 0.999840590199185 0.99900410555794 0.996022369116245 0.988547805189069 0.973417305012206 0.946899464681021 0.905164062264459 0.845024190708666 0.764916014773431 0.665932309635736 0.552550110523312 0.432590140412183 0.316058606295582 0.212937405501937 0.130593477825267 0 0 0 0 0 0 0 0 0 0 0 0 0 0 0 0 0 0 0 0 0 0 0 0 0 0 0 0 0 0 0 0 0 0 0 0 0 0 0 0 0 0 0 0 0 0 0 0 0 0 0 0 0 0 0 0 0 0 
0 0 0 0 0 0 0 0 0 0 0.133881670888812 0.170242197235133 0.203065827506707 0.229018910140102 0.303358786600548 0.417697558207423 0.536470249431084 0.64980792394711 0.749793903980324 0.831692565439143 0.894084976620179 0.938221700746449 0.967036941305955 0.984184154270883 0.993287032356217 0.997452490297822 0.99900410555794 0.999362513249446 0.99900410555794 0.997452490297822 0.993287032356217 0.984184154270883 0.967036941305955 0.938221700746449 0.894084976620179 0.831692565439143 0.749793903980324 0.64980792394711 0.536470249431084 0.417697558207423 0.303358786600548 0.203065827506706 0.123678609826136 0 0 0 0 0 0 0 0 0 0 0 0 0 0 0 0 0 0 0 0 0 0 0 0 0 0 0 0 0 0 0 0 0 0 0 0 0 0 0 0 0 0 0 0 0 0 0 0 0 0 0 0 0 0 0 0 0 0 
0 0 0 0 0 0 0 0 0 0 0 0 0.112777919212327 0.187320781306818 0.282864955257186 0.393379544174952 0.509890085097244 0.622803198030451 0.724096521486238 0.808648748418409 0.874525059483075 0.92246333913879 0.954972146605145 0.975397921274272 0.98716979479818 0.993287032356217 0.996022369116245 0.996776899590975 0.996022369116245 0.993287032356217 0.98716979479818 0.975397921274272 0.954972146605145 0.92246333913879 0.874525059483075 0.808648748418409 0.724096521486238 0.622803198030451 0.509890085097244 0.393379544174952 0.282864955257186 0.187320781306818 0.112777919212327 0 0 0 0 0 0 0 0 0 0 0 0 0 0 0 0 0 0 0 0 0 0 0 0 0 0 0 0 0 0 0 0 0 0 0 0 0 0 0 0 0 0 0 0 0 0 0 0 0 0 0 0 0 0 0 0 0 0 
0 0 0 0 0 0 0 0 0 0 0 0 0 0.166748048259259 0.255621144923586 0.360485317728838 0.473288441843528 0.584909984288916 0.687288183098041 0.774857596741818 0.845024190708666 0.897834419877782 0.935197717999018 0.960009439242539 0.975397921274272 0.984184154270883 0.988547805189069 0.989848833936131 0.988547805189069 0.984184154270883 0.975397921274272 0.960009439242539 0.935197717999018 0.897834419877782 0.845024190708666 0.774857596741818 0.687288183098041 0.584909984288916 0.473288441843528 0.360485317728838 0.255621144923586 0.166748048259259 0 0 0 0 0 0 0 0 0 0 0 0 0 0 0 0 0 0 0 0 0 0 0 0 0 0 0 0 0 0 0 0 0 0 0 0 0 0 0 0 0 0 0 0 0 0 0 0 0 0 0 0 0 0 0 0 0 0 0 
0 0 0 0 0 0 0 0 0 0 0 0 0 0.142760243146809 0.223128737274178 0.320357870715484 0.427601947804939 0.536470249431084 0.639021087279461 0.7292808106982 0.803924907075338 0.862170020696252 0.905164062264459 0.935197717999018 0.954972146605145 0.967036941305955 0.973417305012206 0.975397921274272 0.973417305012206 0.967036941305955 0.954972146605145 0.935197717999018 0.905164062264459 0.862170020696252 0.803924907075338 0.7292808106982 0.639021087279461 0.536470249431084 0.427601947804939 0.320357870715484 0.223128737274178 0.142760243146809 0 0 0 0 0 0 0 0 0 0 0 0 0 0 0 0 0 0 0 0 0 0 0 0 0 0 0 0 0 0 0 0 0 0 0 0 0 0 0 0 0 0 0 0 0 0 0 0 0 0 0 0 0 0 0 0 0 0 0 
0 0 0 0 0 0 0 0 0 0 0 0 0 0.117045882094697 0.187320781306818 0.274907029217262 0.374410927033409 0.478466215037724 0.579503441380461 0.671288506280403 0.749793903980324 0.813335512349839 0.862170020696252 0.897834419877782 0.92246333913879 0.938221700746449 0.946899464681021 0.949658443149579 0.946899464681021 0.938221700746449 0.92246333913879 0.897834419877782 0.862170020696252 0.813335512349839 0.749793903980324 0.671288506280403 0.579503441380461 0.478466215037724 0.374410927033409 0.274907029217262 0.187320781306818 0.117045882094697 0 0 0 0 0 0 0 0 0 0 0 0 0.118677929830109 0.139024843303116 0.155080486216545 0.165343416535862 0.168871091339326 0.165343416535862 0.155080486216545 0.139024843303116 0.118677929830109 0 0 0 0 0 0 0 0 0 0 0 0 0 0 0 0 0 0 0 0 0 0 0 0 0 0 0 0 0 0 0 0 0 0 0 0 0 0 
0 0 0 0 0 0 0 0 0 0 0 0 0 0 0.150453860515103 0.226596981963692 0.316058606295582 0.41278236981315 0.509890085097244 0.601146567860472 0.681967387303204 0.749793903980324 0.803924907075338 0.845024190708666 0.874525059483075 0.894084976620179 0.905164062264459 0.908742629852029 0.905164062264459 0.894084976620179 0.874525059483075 0.845024190708666 0.803924907075338 0.749793903980324 0.681967387303204 0.601146567860472 0.509890085097244 0.41278236981315 0.316058606295582 0.226596981963692 0.150453860515103 0 0 0 0 0 0 0 0 0 0 0 0.132962105062322 0.168871091339326 0.203065827506706 0.23275198576861 0.255621144923586 0.270003698857246 0.274907029217262 0.270003698857246 0.255621144923586 0.23275198576861 0.203065827506706 0.168871091339326 0.132962105062322 0 0 0 0 0 0 0 0 0 0 0 0 0 0 0 0 0 0 0 0 0 0 0 0 0 0 0 0 0 0 0 0 0 0 0 0 
0 0 0 0 0 0 0 0 0 0 0 0 0 0 0.114896663488234 0.178295347961765 0.255621144923586 0.34233792561265 0.432590140412183 0.520484800861251 0.601146567860472 0.671288506280403 0.7292808106982 0.774857596741818 0.808648748418409 0.831692565439143 0.845024190708666 0.849379965443433 0.845024190708666 0.831692565439143 0.808648748418409 0.774857596741818 0.7292808106982 0.671288506280403 0.601146567860472 0.520484800861251 0.432590140412183 0.34233792561265 0.255621144923586 0.178295347961765 0.114896663488234 0 0 0 0 0 0 0 0 0 0.118677929830109 0.165343416535862 0.215455236911485 0.265154799099778 0.310730738161097 0.349085762251729 0.377933219110864 0.395781722747518 0.401816508327864 0.395781722747518 0.377933219110864 0.349085762251729 0.310730738161097 0.265154799099778 0.215455236911485 0.165343416535862 0.118677929830109 0 0 0 0 0 0 0 0 0 0 0 0 0 0 0 0 0 0 0 0 0 0 0 0 0 0 0 0 0 0 0 0 0 0 
0 0 0 0 0 0 0 0 0 0 0 0 0 0 0 0.132962105062322 0.196661952148726 0.270980017932272 0.351350466229028 0.432590140412183 0.509890085097244 0.579503441380461 0.639021087279461 0.687288183098041 0.724096521486238 0.749793903980324 0.764916014773431 0.769901442873322 0.764916014773431 0.749793903980324 0.724096521486238 0.687288183098041 0.639021087279461 0.579503441380461 0.509890085097244 0.432590140412183 0.351350466229028 0.270980017932272 0.196661952148726 0.132962105062322 0 0 0 0 0 0 0 0 0 0.130006324424054 0.187320781306818 0.250936757141985 0.316058606295582 0.377933219110864 0.432590140412183 0.477170051191942 0.509890085097244 0.529797018709162 0.536470249431084 0.529797018709162 0.509890085097244 0.477170051191942 0.432590140412183 0.377933219110864 0.316058606295582 0.250936757141985 0.187320781306818 0.130006324424054 0 0 0 0 0 0 0 0 0 0 0 0 0 0 0 0 0 0 0 0 0 0 0 0 0 0 0 0 0 0 0 0 0 
0 0 0 0 0 0 0 0 0 0 0 0 0 0 0 0 0.142760243146809 0.203065827506706 0.270980017932272 0.34233792561265 0.41278236981315 0.478466215037724 0.536470249431084 0.584909984288916 0.622803198030451 0.64980792394711 0.665932309635736 0.671288506280403 0.665932309635736 0.64980792394711 0.622803198030451 0.584909984288916 0.536470249431084 0.478466215037724 0.41278236981315 0.34233792561265 0.270980017932272 0.203065827506706 0.142760243146809 0 0 0 0 0 0 0 0 0 0.130006324424054 0.195083071445882 0.270003698857246 0.349085762251729 0.42635860272545 0.496726676365684 0.556582433376556 0.603854032122282 0.637671088448717 0.657879706706407 0.664591674031008 0.657879706706407 0.637671088448717 0.603854032122282 0.556582433376556 0.496726676365684 0.42635860272545 0.349085762251729 0.270003698857246 0.195083071445882 0.130006324424054 0 0 0 0 0 0 0 0 0 0 0 0 0 0 0 0 0 0 0 0 0 0 0 0 0 0 0 0 0 0 0 0 
0 0 0 0 0 0 0 0 0 0 0 0 0 0 0 0 0 0.142760243146809 0.196661952148726 0.255621144923586 0.316058606295582 0.374410927033409 0.427601947804939 0.473288441843528 0.509890085097244 0.536470249431084 0.552550110523312 0.557927510483319 0.552550110523312 0.536470249431084 0.509890085097244 0.473288441843528 0.427601947804939 0.374410927033409 0.316058606295582 0.255621144923586 0.196661952148726 0.142760243146809 0 0 0 0 0 0 0 0 0 0.118677929830109 0.187320781306818 0.270003698857246 0.360485317728838 0.451499039895303 0.536470249431084 0.610622922614268 0.671288506280403 0.717587513321982 0.749793903980324 0.768657791966943 0.774857596741818 0.768657791966943 0.749793903980324 0.717587513321982 0.671288506280403 0.610622922614268 0.536470249431084 0.451499039895303 0.360485317728838 0.270003698857246 0.187320781306818 0.118677929830109 0 0 0 0 0 0 0 0 0 0 0 0 0 0 0 0 0 0 0 0 0 0 0 0 0 0 0 0 0 0 0 
0 0 0 0 0 0 0 0 0 0 0 0 0 0 0 0 0 0 0.132962105062322 0.178295347961765 0.226596981963692 0.274907029217262 0.320357870715484 0.360485317728838 0.393379544174952 0.417697558207423 0.432590140412183 0.437601639638911 0.432590140412183 0.417697558207423 0.393379544174952 0.360485317728838 0.320357870715484 0.274907029217262 0.226596981963692 0.178295347961765 0.132962105062322 0 0 0 0 0 0 0 0 0 0 0.165343416535862 0.250936757141985 0.349085762251729 0.451499039895303 0.549864440847394 0.637671088448717 0.71104844980095 0.768657791966943 0.810996825403251 0.839516760521633 0.855827841442142 0.861120461442727 0.855827841442142 0.839516760521633 0.810996825403251 0.768657791966943 0.71104844980095 0.637671088448717 0.549864440847394 0.451499039895303 0.349085762251729 0.250936757141985 0.165343416535862 0 0 0 0 0 0 0 0 0 0 0 0 0 0 0 0 0 0 0 0 0 0 0 0 0 0 0 0 0 0 0 
0 0 0 0 0 0 0 0 0 0 0 0 0 0 0 0 0 0 0 0.114896663488234 0.150453860515103 0.187320781306818 0.223128737274178 0.255621144923586 0.282864955257186 0.303358786600548 0.316058606295582 0.320357870715484 0.316058606295582 0.303358786600548 0.282864955257186 0.255621144923586 0.223128737274178 0.187320781306818 0.150453860515103 0.114896663488234 0 0 0 0 0 0 0 0 0 0 0.132962105062322 0.215455236911485 0.316058606295582 0.42635860272545 0.536470249431084 0.637671088448717 0.724096521486238 0.793165715556541 0.845024190708666 0.881521669663235 0.905164062264459 0.918279308438654 0.92246333913879 0.918279308438654 0.905164062264459 0.881521669663235 0.845024190708666 0.793165715556541 0.724096521486238 0.637671088448717 0.536470249431084 0.42635860272545 0.316058606295582 0.215455236911485 0.132962105062322 0 0 0 0 0 0 0 0 0 0 0 0 0 0 0 0 0 0 0 0 0 0 0 0 0 0 0 0 0 0 
0 0 0 0 0 0 0 0 0 0 0 0 0 0 0 0 0 0 0 0 0 0.117045882094697 0.142760243146809 0.166748048259259 0.187320781306818 0.203065827506706 0.212937405501937 0.216298957454005 0.212937405501937 0.203065827506706 0.187320781306818 0.166748048259259 0.142760243146809 0.117045882094697 0 0 0 0 0 0 0 0 0 0 0 0 0.168871091339326 0.265154799099778 0.377933219110864 0.496726676365684 0.610622922614268 0.71104844980095 0.793165715556541 0.855827841442142 0.9006097048128 0.930540921193931 0.948975037403326 0.958776289579179 0.961826199230024 0.958776289579179 0.948975037403326 0.930540921193931 0.9006097048128 0.855827841442142 0.793165715556541 0.71104844980095 0.610622922614268 0.496726676365684 0.377933219110864 0.265154799099778 0.168871091339326 0 0 0 0 0 0 0 0 0 0 0 0 0 0 0 0 0 0 0 0 0 0 0 0 0 0 0 0 0 0 
0 0 0 0 0 0 0 0 0 0 0 0 0 0 0 0 0 0 0 0 0 0 0 0 0.112777919212327 0.123678609826136 0.130593477825267 0.132962105062322 0.130593477825267 0.123678609826136 0.112777919212327 0 0 0 0 0 0 0 0 0 0 0 0 0 0 0.123158456316655 0.203065827506707 0.310730738161097 0.432590140412183 0.556582433376556 0.671288506280403 0.768657791966943 0.845024190708666 0.9006097048128 0.938221700746449 0.961826199230024 0.975397921274272 0.982163677756887 0.984184154270883 0.982163677756887 0.975397921274272 0.961826199230024 0.938221700746449 0.9006097048128 0.845024190708666 0.768657791966943 0.671288506280403 0.556582433376556 0.432590140412183 0.310730738161097 0.203065827506706 0.118677929830109 0 0 0 0 0 0 0 0 0 0 0 0 0 0 0 0 0 0 0 0 0 0 0 0 0 0 0 0 0 
0 0 0 0 0 0 0 0 0 0 0 0 0 0 0 0 0 0 0 0 0 0 0 0 0 0 0 0 0 0 0 0 0 0 0 0 0 0 0 0 0 0 0 0 0 0.174683362763146 0.274907029217262 0.389329811870575 0.50582991401344 0.613226162087338 0.717587513321982 0.810996825403251 0.881521669663235 0.930540921193931 0.961826199230024 0.980025280563354 0.9895308109775 0.993791908611513 0.994968472963602 0.993791908611513 0.9895308109775 0.980025280563354 0.961826199230024 0.930540921193931 0.881521669663235 0.810996825403251 0.717587513321982 0.603854032122282 0.477170051191942 0.349085762251729 0.23275198576861 0.139024843303116 0 0 0 0 0 0 0 0 0 0 0 0 0 0 0 0 0 0 0 0 0 0 0 0 0 0 0 0 0 
0 0 0 0 0 0 0 0 0 0 0 0 0 0 0 0 0 0 0 0 0 0 0 0 0 0 0 0 0 0 0 0 0 0 0 0 0 0 0 0 0 0 0 0 0.133881670888812 0.229018910140102 0.346482195513557 0.47368607554494 0.59656524795472 0.70397494289872 0.789913279533464 0.853360229009251 0.905164062264459 0.948975037403326 0.975397921274272 0.9895308109775 0.996022369116245 0.998444350849736 0.99900410555794 0.998444350849736 0.996022369116245 0.9895308109775 0.975397921274272 0.948975037403326 0.905164062264459 0.839516760521633 0.749793903980324 0.637671088448717 0.509890085097244 0.377933219110864 0.255621144923586 0.155080486216545 0 0 0 0 0 0 0 0 0 0 0 0 0 0 0 0 0 0 0 0 0 0 0 0 0 0 0 0 0 
0 0 0 0 0 0 0 0 0 0 0 0 0 0 0 0 0 0 0 0 0 0 0 0 0 0 0 0 0 0 0 0 0 0 0 0 0 0 0 0 0 0 0 0 0.170242197235133 0.281016255888607 0.411651674359674 0.546768268297297 0.671288506280403 0.774857596741818 0.853360229009251 0.907921976358488 0.942746337207875 0.962969886707551 0.982163677756887 0.993791908611513 0.998444350849736 0.999750933353643 0.99993772752186 0.999750933353643 0.998444350849736 0.993791908611513 0.982163677756887 0.958776289579179 0.918279308438654 0.855827841442142 0.768657791966943 0.657879706706407 0.529797018709162 0.395781722747518 0.270003698857246 0.165343416535862 0 0 0 0 0 0 0 0 0 0 0 0 0 0 0 0 0 0 0 0 0 0 0 0 0 0 0 0 0 
0 0 0 0 0 0 0 0 0 0 0 0 0 0 0 0 0 0 0 0 0 0 0 0 0 0 0 0 0 0 0 0 0 0 0 0 0 0 0 0 0 0 0 0.109894159073899 0.203065827506707 0.326029135000313 0.465754762636727 0.604895398733175 0.728086302591349 0.826112752157697 0.896686686167781 0.942746337207875 0.969898510069849 0.984184154270883 0.990611069359524 0.994968472963602 0.99900410555794 0.99993772752186 1 0.99993772752186 0.99900410555794 0.994968472963602 0.984184154270883 0.961826199230024 0.92246333913879 0.861120461442727 0.774857596741818 0.664591674031008 0.536470249431084 0.401816508327864 0.274907029217262 0.168871091339326 0 0 0 0 0 0 0 0 0 0 0 0 0 0 0 0 0 0 0 0 0 0 0 0 0 0 0 0 0 
0 0 0 0 0 0 0 0 0 0 0 0 0 0 0 0 0 0 0 0 0 0 0 0 0 0 0 0 0 0 0 0 0 0 0 0 0 0 0 0 0 0 0 0.126657759766995 0.229018910140102 0.360485317728838 0.50582991401344 0.64649159935633 0.767220556666722 0.85990569573878 0.923731418166495 0.962969886707551 0.984184154270883 0.99398088581324 0.99764445753162 0.998491812940271 0.998444350849736 0.999750933353643 0.99993772752186 0.999750933353643 0.998444350849736 0.993791908611513 0.982163677756887 0.958776289579179 0.918279308438654 0.855827841442142 0.768657791966943 0.657879706706407 0.529797018709162 0.395781722747518 0.270003698857246 0.165343416535862 0 0 0 0 0 0 0 0 0 0 0 0 0 0 0 0 0 0 0 0 0 0 0 0 0 0 0 0 0 
0 0 0 0 0 0 0 0 0 0 0 0 0 0 0 0 0 0 0 0 0 0 0 0 0 0 0 0 0 0 0 0 0 0 0 0 0 0 0 0 0 0 0 0.137607745602626 0.245600250262948 0.382017312399871 0.53030972877502 0.671288506280403 0.789913279533464 0.878849454791316 0.938221700746449 0.973106067271712 0.990611069359524 0.99764445753162 0.999622739800869 0.999905671604287 0.999622739800869 0.998444350849736 0.99900410555794 0.998444350849736 0.996022369116245 0.9895308109775 0.975397921274272 0.948975037403326 0.905164062264459 0.839516760521633 0.749793903980324 0.637671088448717 0.509890085097244 0.377933219110864 0.255621144923586 0.155080486216545 0 0 0 0 0 0 0 0 0 0 0 0 0 0 0 0 0 0 0 0 0 0 0 0 0 0 0 0 0 
0 0 0 0 0 0 0 0 0 0 0 0 0 0 0 0 0 0 0 0 0 0 0 0 0 0 0 0 0 0 0 0 0 0 0 0 0 0 0 0 0 0 0 0.141410839199098 0.251295137900506 0.389329811870575 0.538526918615456 0.67950727926201 0.797324795483783 0.884922359668643 0.942746337207875 0.976140050695452 0.992388157489868 0.998491812940271 0.999905671604287 1 0.999905671604287 0.998491812940271 0.994968472963602 0.993791908611513 0.9895308109775 0.980025280563354 0.961826199230024 0.930540921193931 0.881521669663235 0.810996825403251 0.717587513321982 0.603854032122282 0.477170051191942 0.349085762251729 0.23275198576861 0.139024843303116 0 0 0 0 0 0 0 0 0 0 0 0 0 0 0 0 0 0 0 0 0 0 0 0 0 0 0 0 0 
0 0 0 0 0 0 0 0 0 0 0 0 0 0 0 0 0 0 0 0 0 0 0 0 0 0 0 0 0 0 0 0 0 0 0 0 0 0 0 0 0 0 0 0.137607745602626 0.245600250262948 0.382017312399871 0.53030972877502 0.671288506280403 0.789913279533464 0.878849454791316 0.938221700746449 0.973106067271712 0.990611069359524 0.99764445753162 0.999622739800869 0.999905671604287 0.999622739800869 0.99764445753162 0.990611069359524 0.982163677756887 0.975397921274272 0.961826199230024 0.938221700746449 0.9006097048128 0.845024190708666 0.768657791966943 0.671288506280403 0.556582433376556 0.432590140412183 0.310730738161097 0.203065827506706 0.118677929830109 0 0 0 0 0 0 0 0 0 0 0 0 0 0 0 0 0 0 0 0 0 0 0 0 0 0 0 0 0 
0 0 0 0 0 0 0 0 0 0 0 0 0 0 0 0 0 0 0 0 0 0 0 0 0 0 0 0 0 0 0 0 0 0 0 0 0 0 0 0 0 0 0 0.126657759766995 0.229018910140102 0.360485317728838 0.50582991401344 0.64649159935633 0.767220556666722 0.85990569573878 0.923731418166495 0.962969886707551 0.984184154270883 0.99398088581324 0.99764445753162 0.998491812940271 0.99764445753162 0.99398088581324 0.984184154270883 0.962969886707551 0.948975037403326 0.930540921193931 0.9006097048128 0.855827841442142 0.793165715556541 0.71104844980095 0.610622922614268 0.496726676365684 0.377933219110864 0.265154799099778 0.168871091339326 0 0 0 0 0 0 0 0 0 0 0 0 0 0 0 0 0 0 0 0 0 0 0 0 0 0 0 0 0 0 
0 0 0 0 0 0 0 0 0 0 0 0 0 0 0 0 0 0 0 0 0 0 0 0 0 0 0 0 0 0 0 0 0 0 0 0 0 0 0 0 0 0 0 0.109894159073899 0.203065827506707 0.326029135000313 0.465754762636727 0.604895398733175 0.728086302591349 0.826112752157697 0.896686686167781 0.942746337207875 0.969898510069849 0.984184154270883 0.990611069359524 0.992388157489868 0.990611069359524 0.984184154270883 0.969898510069849 0.942746337207875 0.905164062264459 0.881521669663235 0.845024190708666 0.793165715556541 0.724096521486238 0.637671088448717 0.536470249431084 0.42635860272545 0.316058606295582 0.215455236911485 0.132962105062322 0 0 0 0 0 0 0 0 0 0 0 0 0 0 0 0 0 0 0 0 0 0 0 0 0 0 0 0 0 0 
0 0 0 0 0 0 0 0 0 0 0 0 0 0 0 0 0 0 0 0 0 0 0 0 0 0 0 0 0 0 0 0 0 0 0 0 0 0 0 0 0 0 0 0 0.170242197235133 0.281016255888607 0.411651674359674 0.546768268297297 0.671288506280403 0.774857596741818 0.853360229009251 0.907921976358488 0.942746337207875 0.962969886707551 0.973106067271712 0.976140050695452 0.973106067271712 0.962969886707551 0.942746337207875 0.907921976358488 0.853360229009251 0.810996825403251 0.768657791966943 0.71104844980095 0.637671088448717 0.549864440847394 0.451499039895303 0.349085762251729 0.250936757141985 0.165343416535862 0 0 0 0 0 0 0 0 0 0 0 0 0 0 0 0 0 0 0 0 0 0 0 0 0 0 0 0 0 0 0 
0 0 0 0 0 0 0 0 0 0 0 0 0 0 0 0 0 0 0 0 0 0 0 0 0 0 0 0 0 0 0 0 0 0 0 0 0 0 0 0 0 0 0 0 0.133881670888812 0.229018910140102 0.346482195513557 0.47368607554494 0.59656524795472 0.70397494289872 0.789913279533464 0.853360229009251 0.896686686167781 0.923731418166495 0.938221700746449 0.942746337207875 0.938221700746449 0.923731418166495 0.896686686167781 0.853360229009251 0.789913279533464 0.717587513321982 0.671288506280403 0.610622922614268 0.536470249431084 0.451499039895303 0.360485317728838 0.270003698857246 0.187320781306818 0.118677929830109 0 0 0 0 0 0 0 0 0 0 0 0 0 0 0 0 0 0 0 0 0 0 0 0 0 0 0 0 0 0 0 
0 0 0 0 0 0 0 0 0 0 0 0 0 0 0 0 0 0 0 0 0 0 0 0 0 0 0 0 0 0 0 0 0 0 0 0 0 0 0 0 0 0 0 0 0 0.174683362763146 0.274907029217262 0.389329811870575 0.50582991401344 0.613226162087338 0.70397494289872 0.774857596741818 0.826112752157697 0.85990569573878 0.878849454791316 0.884922359668643 0.878849454791316 0.85990569573878 0.826112752157697 0.774857596741818 0.70397494289872 0.613226162087338 0.556582433376556 0.496726676365684 0.42635860272545 0.349085762251729 0.270003698857246 0.195083071445882 0.130006324424054 0 0 0 0 0 0 0 0 0 0 0 0 0 0 0 0 0 0 0 0 0 0 0 0 0 0 0 0 0 0 0 0 
0 0 0 0 0 0 0 0 0 0 0 0 0 0 0 0 0 0 0 0 0 0 0 0 0 0 0 0 0 0 0 0 0 0 0 0 0 0 0 0 0 0 0 0 0 0.123158456316655 0.203065827506707 0.299831059865423 0.404148601737547 0.50582991401344 0.59656524795472 0.671288506280403 0.728086302591349 0.767220556666722 0.789913279533464 0.797324795483783 0.789913279533464 0.767220556666722 0.728086302591349 0.671288506280403 0.59656524795472 0.50582991401344 0.432590140412183 0.377933219110864 0.316058606295582 0.250936757141985 0.187320781306818 0.130006324424054 0 0 0 0 0 0 0 0 0 0 0 0 0 0 0 0 0 0 0 0 0 0 0 0 0 0 0 0 0 0 0 0 0 
0 0 0 0 0 0 0 0 0 0 0 0 0 0 0 0 0 0 0 0 0 0 0 0 0 0 0 0 0 0 0 0 0 0 0 0 0 0 0 0 0 0 0 0 0 0 0.137607745602626 0.213194724557767 0.299831059865423 0.389329811870575 0.47368607554494 0.546768268297297 0.604895398733175 0.64649159935633 0.671288506280403 0.67950727926201 0.671288506280403 0.64649159935633 0.604895398733175 0.546768268297297 0.47368607554494 0.389329811870575 0.310730738161097 0.265154799099778 0.215455236911485 0.165343416535862 0.118677929830109 0 0 0 0 0 0 0 0 0 0 0 0 0 0 0 0 0 0 0 0 0 0 0 0 0 0 0 0 0 0 0 0 0 0 
0 0 0 0 0 0 0 0 0 0 0 0 0 0 0 0 0 0 0 0 0 0 0 0 0 0 0 0 0 0 0 0 0 0 0 0 0 0 0 0 0 0 0 0 0 0 0 0.137607745602626 0.203065827506707 0.274907029217262 0.346482195513557 0.411651674359674 0.465754762636727 0.50582991401344 0.53030972877502 0.538526918615456 0.53030972877502 0.50582991401344 0.465754762636727 0.411651674359674 0.346482195513557 0.274907029217262 0.203065827506707 0.168871091339326 0.132962105062322 0 0 0 0 0 0 0 0 0 0 0 0 0 0 0 0 0 0 0 0 0 0 0 0 0 0 0 0 0 0 0 0 0 0 0 0 
0 0 0 0 0 0 0 0 0 0 0 0 0 0 0 0 0 0 0 0 0 0 0 0 0 0 0 0 0 0 0 0 0 0 0 0 0 0 0 0 0 0 0 0 0 0 0 0 0.123158456316655 0.174683362763146 0.229018910140102 0.281016255888607 0.326029135000313 0.360485317728838 0.382017312399871 0.389329811870575 0.382017312399871 0.360485317728838 0.326029135000313 0.281016255888607 0.229018910140102 0.174683362763146 0.123158456316655 0 0 0 0 0 0 0 0 0 0 0 0 0 0 0 0 0 0 0 0 0 0 0 0 0 0 0 0 0 0 0 0 0 0 0 0 0 0 
0 0 0 0 0 0 0 0 0 0 0 0 0 0 0 0 0 0 0 0 0 0 0 0 0 0 0 0 0 0 0 0 0 0 0 0 0 0 0 0 0 0 0 0 0 0 0 0 0 0 0.133881670888812 0.170242197235133 0.203065827506707 0.229018910140102 0.245600250262948 0.251295137900506 0.245600250262948 0.229018910140102 0.203065827506707 0.170242197235133 0.133881670888812 0 0 0 0 0 0 0 0 0 0 0 0 0 0 0 0 0 0 0 0 0 0 0 0 0 0 0 0 0 0 0 0 0 0 0 0 0 0 0 0 
0 0 0 0 0 0 0 0 0 0 0 0 0 0 0 0 0 0 0 0 0 0 0 0 0 0 0 0 0 0 0 0 0 0 0 0 0 0 0 0 0 0 0 0 0 0 0 0 0 0 0 0 0.109894159073899 0.126657759766995 0.137607745602626 0.141410839199098 0.137607745602626 0.126657759766995 0.109894159073899 0 0 0 0 0 0 0 0 0 0 0 0 0 0 0 0 0 0 0 0 0 0 0 0 0 0 0 0 0 0 0 0 0 0 0 0 0 0 0 0 0 0 
0 0 0 0 0 0 0 0 0 0 0 0 0 0 0 0 0 0 0 0 0 0 0 0 0 0 0 0 0 0 0 0 0 0 0 0 0 0 0 0 0 0 0 0 0 0 0 0 0 0 0 0 0 0 0 0 0 0 0 0 0 0 0 0 0 0 0 0 0 0 0 0 0 0 0 0 0 0 0 0 0 0 0 0 0 0 0 0 0 0 0 0 0 0 0 0 0 0 0 0 0 
0 0 0 0 0 0 0 0 0 0 0 0 0 0 0 0 0 0 0 0 0 0 0 0 0 0 0 0 0 0 0 0 0 0 0 0 0 0 0 0 0 0 0 0 0 0 0 0 0 0 0 0 0 0 0 0 0 0 0 0 0 0 0 0 0 0 0 0 0 0 0 0 0 0 0 0 0 0 0 0 0 0 0 0 0 0 0 0 0 0 0 0 0 0 0 0 0 0 0 0 0 
0 0 0 0 0 0 0 0 0 0 0 0 0 0 0 0 0 0 0 0 0 0 0 0 0 0 0 0 0 0 0 0 0 0 0 0 0 0 0 0 0 0 0 0 0 0 0 0 0 0 0 0 0 0 0 0 0 0 0 0 0 0 0 0 0 0 0 0 0 0 0 0 0 0 0 0 0 0 0 0 0 0 0 0 0 0 0 0 0 0 0 0 0 0 0 0 0 0 0 0 0 
0 0 0 0 0 0 0 0 0 0 0 0 0 0 0 0 0 0 0 0 0 0 0 0 0 0 0 0 0 0 0 0 0 0 0 0 0 0 0 0 0 0 0 0 0 0 0 0 0 0 0 0 0 0 0 0 0 0 0 0 0 0 0 0 0 0 0 0 0 0 0 0 0 0 0 0 0 0 0 0 0 0 0 0 0 0 0 0 0 0 0 0 0 0 0 0 0 0 0 0 0 
0 0 0 0 0 0 0 0 0 0 0 0 0 0 0 0 0 0 0 0 0 0 0 0 0 0 0 0 0 0 0 0 0 0 0 0 0 0 0 0 0 0 0 0 0 0 0 0 0 0 0 0 0 0 0 0 0 0 0 0 0 0 0 0 0 0 0 0 0 0 0 0 0 0 0 0 0 0 0 0 0 0 0 0 0 0 0 0 0 0 0 0 0 0 0 0 0 0 0 0 0 
0 0 0 0 0 0 0 0 0 0 0 0 0 0 0 0 0 0 0 0 0 0 0 0 0 0 0 0 0 0 0 0 0 0 0 0 0 0 0 0 0 0 0 0 0 0 0 0 0 0 0 0 0 0 0 0 0 0 0 0 0 0 0 0 0 0 0 0 0 0 0 0 0 0 0 0 0 0 0 0 0 0 0 0 0 0 0 0 0 0 0 0 0 0 0 0 0 0 0 0 0 
