0 0 0 0 0 0 0 0 0 0 0 0 0 0 0 0 0 0 0 0 0 0 0 0 0 0 0 0 0 0 0 0 0 0 0 0 0 0 0 0 0 0 0 0 0 0 0 0 0 0 0 0 0 0 0 0 0 0 0 0 0 0 0 0 0 0 0 0 0 0 0 0 0 0 0 0 0 0 0 0 0 0 0 0 0 0 0 0 0 0 0 0 0 0 0 0 0 0 0 0 0 
0 0 0 0 0 0 0 0 0 0 0 0 0 0 0 0 0 0 0 0 0 0 0 0 0 0 0 0 0 0 0 0 0 0 0 0 0 0 0 0 0 0 0 0 0 0 0 0 0 0 0 0 0 0 0 0 0 0 0 0 0 0 0 0 0 0 0 0 0 0 0 0 0 0 0 0 0 0 0 0 0 0 0 0 0 0 0 0 0 0 0 0 0 0 0 0 0 0 0 0 0 
0 0 0 0 0 0 0 0 0 0 0 0 0 0 0 0 0 0 0 0 0 0 0 0 0 0 0 0 0 0 0 0 0 0 0 0 0 0 0 0 0 0 0 0 0 0 0 0 0 0 0 0 0 0 0 0 0 0 0 0 0 0 0 0 0 0 0 0 0 0 0 0 0 0 0 0 0 0 0 0 0 0 0 0 0 0 0 0 0 0 0 0 0 0 0 0 0 0 0 0 0 
0 0 0 0 0 0 0 0 0 0 0 0 0 0 0 0 0 0 0 0 0 0 0 0 0 0 0 0 0 0 0 0 0 0 0 0 0 0 0 0 0 0 0 0 0 0 0 0 0 0 0 0 0 0 0 0 0 0 0 0 0 0 0 0 0 0 0 0 0 0 0 0 0 0 0 0 0 0 0 0 0 0 0 0 0 0 0 0 0 0 0 0 0 0 0 0 0 0 0 0 0 
0 0 0 0 0 0 0 0 0 0 0 0 0 0 0 0 0 0 0 0 0 0 0 0 0 0 0 0 0 0 0 0 0 0 0 0 0 0 0 0 0 0 0 0 0 0 0 0 0 0 0 0 0 0 0 0 0 0 0 0 0 0 0 0 0 0 0 0 0 0 0 0 0 0 0 0 0 0 0 0 0 0 0 0 0 0 0 0 0 0 0 0 0 0 0 0 0 0 0 0 0 
0 0 0 0 0 0 0 0 0 0 0 0 0 0 0 0 0 0 0 0 0 0 0 0 0 0 0 0 0 0 0 0 0 0 0 0 0 0 0 0 0 0 0 0 0 0 0 0 0 0 0 0 0 0 0 0 0 0 0 0 0 0 0 0 0 0 0 0 0 0 0 0 0 0 0 0 0 0 0 0 0 0 0 0 0 0 0 0 0 0 0 0 0 0 0 0 0 0 0 0 0 
0 0 0 0 0 0 0 0 0 0 0 0 0 0 0 0 0 0 0 0 0 0 0 0 0 0 0 0 0 0 0 0 0 0 0 0 0 0 0 0 0 0 0 0 0 0 0 0 0 0 0 0 0 0 0 0 0 0 0 0 0 0 0 0 0 0 0 0 0 0 0 0 0 0 0 0 0 0 0 0 0 0 0 0 0 0 0 0 0 0 0 0 0 0 0 0 0 0 0 0 0 
0 0 0 0 0 0 0 0 0 0 0 0 0 0 0 0 0 0 0 0 0 0 0 0 0 0 0 0 0 0 0 0 0 0 0 0 0 0 0 0 0 0 0 0 0 0 0 0 0 0 0 0 0 0 0 0 0 0 0 0 0 0 0 0 0 0 0 0 0 0 0 0 0 0 0 0 0 0 0 0 0 0 0 0 0 0 0 0 0 0 0 0 0 0 0 0 0 0 0 0 0 
0 0 0 0 0 0 0 0 0 0 0 0 0 0 0 0 0 0 0 0 0 0 0 0 0 0 0 0 0 0 0 0 0 0 0 0 0 0 0 0 0 0 0 0 0 0 0 0 0 0 0 0 0 0 0 0 0 0 0 0 0 0 0 0 0 0 0 0 0 0 0 0 0 0 0 0 0 0 0 0 0 0 0 0 0 0 0 0 0 0 0 0 0 0 0 0 0 0 0 0 0 
0 0 0 0 0 0 0 0 0 0 0 0 0 0 0 0 0 0 0 0 0 0 0 0 0 0 0 0 0 0 0 0 0 0 0 0 0 0 0 0 0 0 0 0 0 0 0 0 0 0 0 0 0 0 0 0 0 0 0 0 0 0 0 0 0 0 0 0 0 0 0 0 0 0 0 0 0 0 0 0 0 0 0 0 0 0 0 0 0 0 0 0 0 0 0 0 0 0 0 0 0 
0 0 0 0 0 0 0 0 0 0 0 0 0 0 0 0 0 0 0 0 0 0 0 0 0 0 0 0 0 0 0 0 0 0 0 0 0 0 0 0 0 0 0 0 0 0 0 0 0 0 0 0 0 0 0 0 0 0 0 0 0 0 0 0 0 0 0 0 0 0 0 0 0 0 0 0 0 0 0 0 0 0 0 0 0 0 0 0 0 0 0 0 0 0 0 0 0 0 0 0 0 
0 0 0 0 0 0 0 0 0 0 0 0 0 0 0 0 0 0 0 0 0 0 0 0 0 0 0 0 0 0 0 0 0 0 0 0 0 0 0 0 0 0 0 0 0 0 0 0 0 0 0 0 0 0 0 0 0 0 0 0 0 0 0 0 0 0 0 0 0 0 0 0 0 0 0 0 0 0 0 0 0 0 0 0 0 0 0 0 0 0 0 0 0 0 0 0 0 0 0 0 0 
0 0 0 0 0 0 0 0 0 0 0 0 0 0 0 0 0 0 0 0 0 0 0 0 0 0 0 0 0 0 0 0 0 0 0 0 0 0 0 0 0 0 0 0 0 0 0 0 0 0 0 0 0 0 0 0 0 0 0 0 0 0 0 0 0 0 0 0 0 0 0 0 0 0 0 0 0 0 0 0 0 0 0 0 0 0 0 0 0 0 0 0 0 0 0 0 0 0 0 0 0 
0 0 0 0 0 0 0 0 0 0 0 0 0 0 0 0 0 0 0 0 0 0 0 0 0 0 0 0 0 0 0 0 0 0 0 0 0 0 0 0 0 0 0 0 0 0 0 0 0 0 0 0 0 0 0 0 0 0 0 0 0 0 0 0 0 0 0 0 0 0 0 0 0 0 0 0 0 0 0 0 0 0 0 0 0 0 0 0 0 0 0 0 0 0 0 0 0 0 0 0 0 
0 0 0 0 0 0 0 0 0 0 0 0 0 0 0 0 0 0 0 0 0 0 0 0 0 0 0 0 0 0 0 0 0 0 0 0 0 0 0 0 0 0 0 0 0 0 0 0 0 0 0 0 0 0 0 0 0 0 0 0 0 0 0 0 0 0 0 0 0 0 0 0 0 0 0 0 0 0 0 0 0 0 0 0 0 0 0 0 0 0 0 0 0 0 0 0 0 0 0 0 0 
0 0 0 0 0 0 0 0 0 0 0 0 0 0 0 0 0 0 0 0 0 0 0 0 0 0 0 0 0 0 0 0 0 0 0 0 0 0 0 0 0 0 0 0 0 0 0 0 0 0 0 0 0 0 0 0 0 0 0 0 0 0 0 0 0 0 0 0 0 0 0 0 0 0 0 0 0 0 0 0 0 0 0 0 0 0 0 0 0 0 0 0 0 0 0 0 0 0 0 0 0 
0 0 0 0 0 0 0 0 0 0 0 0 0 0 0 0 0 0 0 0 0 0 0 0 0 0 0 0 0 0 0 0 0 0 0 0 0 0 0 0 0 0 0 0 0 0 0 0 0 0 0 0 0 0 0 0 0 0 0 0 0 0 0 0 0 0 0 0 0 0 0 0 0 0 0 0 0 0 0 0 0 0 0 0 0 0 0 0 0 0 0 0 0 0 0 0 0 0 0 0 0 
0 0 0 0 0 0 0 0 0 0 0 0 0 0 0 0 0 0 0 0 0 0 0 0 0 0 0 0 0 0 0 0 0 0 0 0 0 0 0 0 0 0 0 0 0 0 0 0 0 0 0 0 0 0 0 0 0 0 0 0 0 0 0 0 0 0 0 0 0 0 0 0 0 0 0 0 0 0 0 0 0 0 0 0 0 0 0 0 0 0 0 0 0 0 0 0 0 0 0 0 0 
0 0 0 0 0 0 0 0 0 0 0 0 0 0 0 0 0 0 0 0 0 0 0 0 0 0 0 0 0 0 0 0 0 0 0 0 0 0 0 0 0 0 0 0 0 0 0 0 0 0 0 0 0 0 0 0 0 0 0 0 0 0 0 0 0 0 0 0 0 0 0 0 0 0 0 0 0 0 0 0 0 0 0 0 0 0 0 0 0 0 0 0 0 0 0 0 0 0 0 0 0 
0 0 0 0 0 0 0 0 0 0 0 0 0 0 0 0 0 0 0 0 0 0 0 0 0 0 0 0 0 0 0 0 0 0 0 0 0 0 0 0 0 0 0 0 0 0 0 0 0 0 0 0 0 0 0 0 0 0 0 0 0 0 0 0 0 0 0 0 0 0 0 0 0 0 0 0 0 0 0 0 0 0 0 0 0 0 0 0 0 0 0 0 0 0 0 0 0 0 0 0 0 
0 0 0 0 0 0 0 0 0 0 0 0 0 0 0 0 0 0 0 0 0 0 0 0 0 0 0 0 0 0 0 0 0 0 0 0 0 0 0 0 0 0 0 0 0 0 0 0 0 0 0 0 0 0 0 0 0 0 0 0 0 0 0 0 0 0 0 0 0 0 0 0 0 0 0 0 0 0 0 0 0 0 0 0 0 0 0 0 0 0 0 0 0 0 0 0 0 0 0 0 0 
0 0 0 0 0 0 0 0 0 0 0 0 0 0 0 0 0 0 0 0 0 0 0 0 0 0 0 0 0 0 0 0 0 0 0 0 0 0 0 0 0 0 0 0 0 0 0 0 0 0 0 0 0 0 0 0 0 0 0 0 0 0 0 0 0 0 0 0 0 0 0 0 0 0 0 0 0 0 0 0 0 0 0 0 0 0 0 0 0 0 0 0 0 0 0 0 0 0 0 0 0 
0.120471589381824 0.130389024071846 0.136628328733696 0.138757024133062 0.136628328733696 0.130389024071846 0.120471589381824 0.107568789834737 0 0 0 0 0 0 0 0 0 0 0 0 0 0 0 0 0 0 0 0 0 0 0 0 0 0 0 0 0 0 0 0 0 0 0 0 0 0 0 0 0 0 0 0 0 0 0 0 0 0 0 0 0 0 0 0 0 0 0 0 0 0 0 0 0 0 0 0 0 0 0 0 0 0 0 0 0 0 0 0 0 0 0 0 0 0 0 0 0 0 0 0 0 
0.192019457402512 0.205894291721825 0.214540669485641 0.217476526220791 0.214540669485641 0.205894291721825 0.192019457402512 0.17371092711035 0.152051462472023 0.128357753761878 0.104086408283296 0 0 0 0 0 0 0 0 0 0 0 0 0 0 0 0 0 0 0 0 0 0 0 0 0 0 0 0 0 0 0 0 0 0 0 0 0 0 0 0 0 0 0 0 0 0 0 0 0 0 0 0 0 0 0 0 0 0 0 0 0 0 0 0 0 0 0 0 0 0 0 0 0 0 0 0 0 0 0 0 0 0 0 0 0 0 0 0 0 0 
0.281819136938847 0.299553214987056 0.310500262849391 0.314199590913687 0.310500262849391 0.299553214987056 0.281819136938847 0.258087023890284 0.229488880627965 0.197489219894671 0.163826356947972 0.130389024071846 0 0 0 0 0 0 0 0 0 0 0 0 0 0 0 0 0 0 0 0 0 0 0 0 0 0 0 0 0 0 0 0 0 0 0 0 0 0 0 0 0 0 0 0 0 0 0 0 0 0 0 0 0 0 0 0 0 0 0 0 0 0 0 0 0 0 0 0 0 0 0 0 0 0 0 0 0 0 0 0 0 0 0 0 0 0 0 0 0 
0.38487087176446 0.405774496444363 0.418554922794237 0.422852923152662 0.418554922794237 0.405774496444363 0.38487087176446 0.356498784522851 0.321672824555717 0.281819136938847 0.238780436436258 0.194741003851222 0.152051462472023 0.112960953822478 0 0 0 0 0 0 0 0 0 0 0 0 0 0 0 0 0 0 0 0 0 0 0 0 0 0 0 0 0 0 0 0 0 0 0 0 0 0 0 0 0 0 0 0 0 0 0 0 0 0 0 0 0 0 0 0 0 0 0 0 0 0 0 0 0 0.118677929830109 0.139024843303116 0.155080486216545 0.165343416535862 0.168871091339326 0.165343416535862 0.155080486216545 0.139024843303116 0.118677929830109 0 0 0 0 0 0 0 0 0 0 0 0 0 
0.49387778068487 0.516793632755975 0.530666458597096 0.535308468432647 0.530666458597096 0.516793632755975 0.49387778068487 0.462320712153103 0.422852923152662 0.376655165602904 0.325446411153877 0.271490265509849 0.217476526220791 0.166258508204383 0.120471589381824 0 0 0 0 0 0 0 0 0 0 0 0 0 0 0 0 0 0 0 0 0 0 0 0 0 0 0 0 0 0 0 0 0 0 0 0 0 0 0 0 0 0 0 0 0 0 0 0 0 0 0 0 0 0 0 0 0 0 0 0 0 0 0.132962105062322 0.168871091339326 0.203065827506706 0.23275198576861 0.255621144923586 0.270003698857246 0.274907029217262 0.270003698857246 0.255621144923586 0.23275198576861 0.203065827506706 0.168871091339326 0.132962105062322 0 0 0 0 0 0 0 0 0 0 0 
0.600911144741567 0.624449971923118 0.638551559432477 0.643244957486672 0.638551559432477 0.624449971923118 0.600911144741567 0.56800022224668 0.526032996038429 0.475762471354768 0.418554922794237 0.356498784522851 0.292382322920363 0.229488880627965 0.171200710035371 0.120471589381824 0 0 0 0 0 0 0 0 0 0 0 0 0 0 0 0 0 0 0 0 0 0 0 0 0 0 0 0 0 0 0 0 0 0 0 0 0 0 0 0 0 0 0 0 0 0 0 0 0 0 0 0 0 0 0 0 0 0 0 0.118677929830109 0.165343416535862 0.215455236911485 0.265154799099778 0.310730738161097 0.349085762251729 0.377933219110864 0.395781722747518 0.401816508327864 0.395781722747518 0.377933219110864 0.349085762251729 0.310730738161097 0.265154799099778 0.215455236911485 0.165343416535862 0.118677929830109 0 0 0 0 0 0 0 0 0 
0.699036230406395 0.721836046214687 0.735339301191347 0.739807102215433 0.735339301191347 0.721836046214687 0.699036230406395 0.666631526507857 0.624449971923118 0.572692599003071 0.512188677362739 0.444611925781309 0.372579628743931 0.299553214987056 0.229488880627965 0.166258508204383 0.112960953822478 0 0 0 0 0 0 0 0 0 0 0 0 0 0 0 0 0 0 0 0 0 0 0 0 0 0 0 0 0 0 0 0 0 0 0 0 0 0 0 0 0 0 0 0 0 0 0 0 0 0 0 0 0 0 0 0 0 0.130006324424054 0.187320781306818 0.250936757141985 0.316058606295582 0.377933219110864 0.432590140412183 0.477170051191942 0.509890085097244 0.529797018709162 0.536470249431084 0.529797018709162 0.509890085097244 0.477170051191942 0.432590140412183 0.377933219110864 0.316058606295582 0.250936757141985 0.187320781306818 0.130006324424054 0 0 0 0 0 0 0 0 
0.783404355871614 0.804337123300526 0.816573490775908 0.820594582381403 0.816573490775908 0.804337123300526 0.783404355871614 0.753101639632532 0.712757084008226 0.661966953905587 0.600911144741567 0.530666458597096 0.453434521757669 0.372579628743931 0.292382322920363 0.217476526220791 0.152051462472023 0 0 0 0 0 0 0 0 0 0 0 0 0 0 0 0 0 0 0 0 0 0 0 0 0 0 0 0 0 0 0 0 0 0 0 0 0 0 0 0 0 0 0 0 0 0 0 0 0 0 0 0 0 0 0 0 0.130006324424054 0.195083071445882 0.270003698857246 0.349085762251729 0.42635860272545 0.496726676365684 0.556582433376556 0.603854032122282 0.637671088448717 0.657879706706407 0.664591674031008 0.657879706706407 0.637671088448717 0.603854032122282 0.556582433376556 0.496726676365684 0.42635860272545 0.349085762251729 0.270003698857246 0.195083071445882 0.130006324424054 0 0 0 0 0 0 0 
0.851634500239094 0.869922157334966 0.880445675512348 0.883875174657539 0.880445675512348 0.869922157334966 0.851634500239094 0.824585773351194 0.787641808867241 0.739807102215433 0.680577219066995 0.610328632052709 0.530666458597096 0.444611925781309 0.356498784522851 0.271490265509849 0.194741003851222 0.130389024071846 0 0 0 0 0 0 0 0 0 0 0 0 0 0 0 0 0 0 0 0 0 0 0 0 0 0 0 0 0 0 0 0 0 0 0 0 0 0 0 0 0 0 0 0 0 0 0 0 0 0 0 0 0 0 0.118677929830109 0.187320781306818 0.270003698857246 0.360485317728838 0.451499039895303 0.536470249431084 0.610622922614268 0.671288506280403 0.717587513321982 0.749793903980324 0.768657791966943 0.774857596741818 0.768657791966943 0.749793903980324 0.717587513321982 0.671288506280403 0.610622922614268 0.536470249431084 0.451499039895303 0.360485317728838 0.270003698857246 0.187320781306818 0.118677929830109 0 0 0 0 0 0 
0.903590096105259 0.918830463413264 0.927426762519181 0.930197891931954 0.927426762519181 0.918830463413264 0.903590096105259 0.880445675512348 0.847870038198151 0.804337123300526 0.748688916294892 0.680577219066995 0.600911144741567 0.512188677362739 0.418554922794237 0.325446411153877 0.238780436436258 0.163826356947972 0.104086408283296 0 0 0 0 0 0 0 0 0 0 0 0 0 0 0 0 0 0 0 0 0 0 0 0 0 0 0 0 0 0 0 0 0 0 0 0 0 0 0 0 0 0 0 0 0 0 0 0 0 0 0 0 0 0.165343416535862 0.250936757141985 0.349085762251729 0.451499039895303 0.549864440847394 0.637671088448717 0.71104844980095 0.768657791966943 0.810996825403251 0.839516760521633 0.855827841442142 0.861120461442727 0.855827841442142 0.839516760521633 0.810996825403251 0.768657791966943 0.71104844980095 0.637671088448717 0.549864440847394 0.451499039895303 0.349085762251729 0.250936757141985 0.165343416535862 0 0 0 0 0 0 
0.940798238306419 0.952925523498178 0.95958250672086 0.961695883601404 0.95958250672086 0.952925523498178 0.940798238306419 0.921742561228659 0.893920696629575 0.855364119080133 0.804337123300526 0.739807102215433 0.661966953905587 0.572692599003071 0.475762471354768 0.376655165602904 0.281819136938847 0.197489219894671 0.128357753761878 0 0 0 0 0 0 0 0 0 0 0 0 0 0 0 0 0 0 0 0 0 0 0 0 0 0 0 0 0 0 0 0 0 0 0 0 0 0 0 0 0 0 0 0 0 0 0 0 0 0 0 0 0.132962105062322 0.215455236911485 0.316058606295582 0.42635860272545 0.536470249431084 0.637671088448717 0.724096521486238 0.793165715556541 0.845024190708666 0.881521669663235 0.905164062264459 0.918279308438654 0.92246333913879 0.918279308438654 0.905164062264459 0.881521669663235 0.845024190708666 0.793165715556541 0.724096521486238 0.637671088448717 0.536470249431084 0.42635860272545 0.316058606295582 0.215455236911485 0.132962105062322 0 0 0 0 0 
0.965761966701412 0.974973621001397 0.979833785786504 0.981340914492399 0.979833785786504 0.974973621001397 0.965761966701412 0.950602209116376 0.927426762519181 0.893920696629575 0.847870038198151 0.787641808867241 0.712757084008226 0.624449971923118 0.526032996038429 0.422852923152662 0.321672824555717 0.229488880627965 0.152051462472023 0 0 0 0 0 0 0 0 0 0 0 0 0 0 0 0 0 0 0 0 0 0 0 0 0 0 0 0 0 0 0 0 0 0 0 0 0 0 0 0 0 0 0 0 0 0 0 0 0 0 0 0 0.168871091339326 0.265154799099778 0.377933219110864 0.496726676365684 0.610622922614268 0.71104844980095 0.793165715556541 0.855827841442142 0.9006097048128 0.930540921193931 0.948975037403326 0.958776289579179 0.961826199230024 0.958776289579179 0.948975037403326 0.930540921193931 0.9006097048128 0.855827841442142 0.793165715556541 0.71104844980095 0.610622922614268 0.496726676365684 0.377933219110864 0.265154799099778 0.168871091339326 0 0 0 0 0 
0.981340914492399 0.988017734024476 0.991328345973786 0.992314719486584 0.991328345973786 0.988017734024476 0.981340914492399 0.969611446974872 0.950602209116376 0.921742561228659 0.880445675512348 0.824585773351194 0.753101639632532 0.666631526507857 0.56800022224668 0.462320712153103 0.356498784522851 0.258087023890284 0.17371092711035 0.107568789834737 0 0 0 0 0 0 0 0 0 0 0 0 0 0 0 0 0 0 0 0 0 0 0 0 0 0 0 0 0 0 0 0 0 0 0 0 0 0 0 0 0 0 0 0 0 0 0 0 0 0 0.118677929830109 0.203065827506706 0.310730738161097 0.432590140412183 0.556582433376556 0.671288506280403 0.768657791966943 0.845024190708666 0.9006097048128 0.938221700746449 0.961826199230024 0.975397921274272 0.982163677756887 0.984184154270883 0.982163677756887 0.975397921274272 0.961826199230024 0.938221700746449 0.9006097048128 0.845024190708666 0.768657791966943 0.671288506280403 0.556582433376556 0.432590140412183 0.310730738161097 0.203065827506706 0.118677929830109 0 0 0 0 
0.990283263628568 0.994919865740886 0.996990878514479 0.997561913995889 0.996990878514479 0.994919865740886 0.990283263628568 0.981340914492399 0.965761966701412 0.940798238306419 0.903590096105259 0.851634500239094 0.783404355871614 0.699036230406395 0.600911144741567 0.49387778068487 0.38487087176446 0.281819136938847 0.192019457402512 0.120471589381824 0 0 0 0 0 0 0 0 0 0 0 0 0 0 0 0 0 0 0 0 0 0 0 0 0 0 0 0 0 0 0 0 0 0 0 0 0 0 0 0 0 0 0 0 0 0 0 0 0 0 0.139024843303116 0.23275198576861 0.349085762251729 0.477170051191942 0.603854032122282 0.717587513321982 0.810996825403251 0.881521669663235 0.930540921193931 0.961826199230024 0.980025280563354 0.9895308109775 0.993791908611513 0.994968472963602 0.993791908611513 0.9895308109775 0.980025280563354 0.961826199230024 0.930540921193931 0.881521669663235 0.810996825403251 0.717587513321982 0.603854032122282 0.477170051191942 0.349085762251729 0.23275198576861 0.139024843303116 0 0 0 0 
0.994919865740886 0.998073117709431 0.999246869246823 0.999517930953524 0.999246869246823 0.998073117709431 0.994919865740886 0.988017734024476 0.974973621001397 0.952925523498178 0.918830463413264 0.869922157334966 0.804337123300526 0.721836046214687 0.624449971923118 0.516793632755975 0.405774496444363 0.299553214987056 0.205894291721825 0.130389024071846 0 0 0 0 0 0 0 0 0 0 0 0 0 0 0 0 0 0 0 0 0 0 0 0 0 0 0 0 0 0 0 0 0 0 0 0 0 0 0 0 0 0 0 0 0 0 0 0 0 0 0.155080486216545 0.255621144923586 0.377933219110864 0.509890085097244 0.637671088448717 0.749793903980324 0.839516760521633 0.905164062264459 0.948975037403326 0.975397921274272 0.9895308109775 0.996022369116245 0.998444350849736 0.99900410555794 0.998444350849736 0.996022369116245 0.9895308109775 0.975397921274272 0.948975037403326 0.905164062264459 0.839516760521633 0.749793903980324 0.637671088448717 0.509890085097244 0.377933219110864 0.255621144923586 0.155080486216545 0 0 0 0 
0.996990878514479 0.999246869246823 0.999879460945637 0.999969863874158 0.999879460945637 0.999246869246823 0.996990878514479 0.991328345973786 0.979833785786504 0.95958250672086 0.927426762519181 0.880445675512348 0.816573490775908 0.735339301191347 0.638551559432477 0.530666458597096 0.418554922794237 0.310500262849391 0.214540669485641 0.136628328733696 0 0 0 0 0 0 0 0 0 0 0 0 0 0 0 0 0 0 0 0 0 0 0 0 0 0 0 0 0 0 0 0 0 0 0 0 0 0 0 0 0 0 0 0 0 0 0 0 0 0 0.165343416535862 0.270003698857246 0.395781722747518 0.529797018709162 0.657879706706407 0.768657791966943 0.855827841442142 0.918279308438654 0.958776289579179 0.982163677756887 0.993791908611513 0.998444350849736 0.999750933353643 0.99993772752186 0.999750933353643 0.998444350849736 0.993791908611513 0.982163677756887 0.958776289579179 0.918279308438654 0.855827841442142 0.768657791966943 0.657879706706407 0.529797018709162 0.395781722747518 0.270003698857246 0.165343416535862 0 0 0 0 
0.997561913995889 0.999517930953524 0.999969863874158 1 0.999969863874158 0.999517930953524 0.997561913995889 0.992314719486584 0.981340914492399 0.961695883601404 0.930197891931954 0.883875174657539 0.820594582381403 0.739807102215433 0.643244957486672 0.535308468432647 0.422852923152662 0.314199590913687 0.217476526220791 0.138757024133062 0 0 0 0 0 0 0 0 0 0 0 0 0 0 0 0 0 0 0 0 0 0 0 0 0 0 0 0 0 0 0 0 0 0 0 0 0 0 0 0 0 0 0 0 0 0 0 0 0 0 0.168871091339326 0.274907029217262 0.401816508327864 0.536470249431084 0.664591674031008 0.774857596741818 0.861120461442727 0.92246333913879 0.961826199230024 0.984184154270883 0.994968472963602 0.99900410555794 0.99993772752186 1 0.99993772752186 0.99900410555794 0.994968472963602 0.984184154270883 0.961826199230024 0.92246333913879 0.861120461442727 0.774857596741818 0.664591674031008 0.536470249431084 0.401816508327864 0.274907029217262 0.168871091339326 0 0 0 0 
0.996990878514479 0.999246869246823 0.999879460945637 0.999969863874158 0.999879460945637 0.999246869246823 0.996990878514479 0.991328345973786 0.979833785786504 0.95958250672086 0.927426762519181 0.880445675512348 0.816573490775908 0.735339301191347 0.638551559432477 0.530666458597096 0.418554922794237 0.310500262849391 0.214540669485641 0.136628328733696 0 0 0 0 0 0 0 0 0 0 0 0 0 0 0 0 0 0 0 0 0 0 0 0 0 0 0 0 0 0 0 0 0 0 0 0 0 0 0 0 0 0 0 0 0 0 0 0 0 0 0.165343416535862 0.270003698857246 0.395781722747518 0.529797018709162 0.657879706706407 0.768657791966943 0.855827841442142 0.918279308438654 0.958776289579179 0.982163677756887 0.993791908611513 0.998444350849736 0.999750933353643 0.99993772752186 0.999750933353643 0.998444350849736 0.993791908611513 0.982163677756887 0.958776289579179 0.918279308438654 0.855827841442142 0.768657791966943 0.657879706706407 0.529797018709162 0.395781722747518 0.270003698857246 0.165343416535862 0 0 0 0 
0.994919865740886 0.998073117709431 0.999246869246823 0.999517930953524 0.999246869246823 0.998073117709431 0.994919865740886 0.988017734024476 0.974973621001397 0.952925523498178 0.918830463413264 0.869922157334966 0.804337123300526 0.721836046214687 0.624449971923118 0.516793632755975 0.405774496444363 0.299553214987056 0.205894291721825 0.130389024071846 0 0 0 0 0 0 0 0 0 0 0 0 0 0 0 0 0 0 0 0 0 0 0 0 0 0 0 0 0 0 0 0 0 0 0 0 0 0 0 0 0 0 0 0 0 0 0 0 0 0 0.155080486216545 0.255621144923586 0.377933219110864 0.509890085097244 0.637671088448717 0.749793903980324 0.839516760521633 0.905164062264459 0.948975037403326 0.975397921274272 0.9895308109775 0.996022369116245 0.998444350849736 0.99900410555794 0.998444350849736 0.996022369116245 0.9895308109775 0.975397921274272 0.948975037403326 0.905164062264459 0.839516760521633 0.749793903980324 0.637671088448717 0.509890085097244 0.377933219110864 0.255621144923586 0.155080486216545 0 0 0 0 
0.990283263628568 0.994919865740886 0.996990878514479 0.997561913995889 0.996990878514479 0.994919865740886 0.990283263628568 0.981340914492399 0.965761966701412 0.940798238306419 0.903590096105259 0.851634500239094 0.783404355871614 0.699036230406395 0.600911144741567 0.49387778068487 0.38487087176446 0.281819136938847 0.192019457402512 0.120471589381824 0 0 0 0 0 0 0 0 0 0 0 0 0 0 0 0 0 0 0 0 0 0 0 0 0 0 0 0 0 0 0 0 0 0 0 0 0 0 0 0 0 0 0 0 0 0 0 0 0 0 0.139024843303116 0.23275198576861 0.349085762251729 0.477170051191942 0.603854032122282 0.717587513321982 0.810996825403251 0.881521669663235 0.930540921193931 0.961826199230024 0.980025280563354 0.9895308109775 0.993791908611513 0.994968472963602 0.993791908611513 0.9895308109775 0.980025280563354 0.961826199230024 0.930540921193931 0.881521669663235 0.810996825403251 0.717587513321982 0.603854032122282 0.477170051191942 0.349085762251729 0.23275198576861 0.139024843303116 0 0 0 0 
0.981340914492399 0.988017734024476 0.991328345973786 0.992314719486584 0.991328345973786 0.988017734024476 0.981340914492399 0.969611446974872 0.950602209116376 0.921742561228659 0.880445675512348 0.824585773351194 0.753101639632532 0.666631526507857 0.56800022224668 0.462320712153103 0.356498784522851 0.258087023890284 0.17371092711035 0.107568789834737 0 0 0 0 0 0 0 0 0 0 0 0 0 0 0 0 0 0 0 0 0 0 0 0 0 0 0 0 0 0 0 0 0 0 0 0 0 0 0 0 0 0 0 0 0 0 0 0 0 0 0.118677929830109 0.203065827506706 0.310730738161097 0.432590140412183 0.556582433376556 0.671288506280403 0.768657791966943 0.845024190708666 0.9006097048128 0.938221700746449 0.961826199230024 0.975397921274272 0.982163677756887 0.984184154270883 0.982163677756887 0.975397921274272 0.961826199230024 0.938221700746449 0.9006097048128 0.845024190708666 0.768657791966943 0.671288506280403 0.556582433376556 0.432590140412183 0.310730738161097 0.203065827506706 0.118677929830109 0 0 0 0 
0.965761966701412 0.974973621001397 0.979833785786504 0.981340914492399 0.979833785786504 0.974973621001397 0.965761966701412 0.950602209116376 0.927426762519181 0.893920696629575 0.847870038198151 0.787641808867241 0.712757084008226 0.624449971923118 0.526032996038429 0.422852923152662 0.321672824555717 0.229488880627965 0.152051462472023 0 0 0 0 0 0 0 0 0 0 0 0 0 0 0 0 0 0 0 0 0 0 0 0 0 0 0 0 0 0 0 0 0 0 0 0 0 0 0 0 0 0 0 0 0 0 0 0 0 0 0 0 0.168871091339326 0.265154799099778 0.377933219110864 0.496726676365684 0.610622922614268 0.71104844980095 0.793165715556541 0.855827841442142 0.9006097048128 0.930540921193931 0.948975037403326 0.958776289579179 0.961826199230024 0.958776289579179 0.948975037403326 0.930540921193931 0.9006097048128 0.855827841442142 0.793165715556541 0.71104844980095 0.610622922614268 0.496726676365684 0.377933219110864 0.265154799099778 0.168871091339326 0 0 0 0 0 
0.940798238306419 0.952925523498178 0.95958250672086 0.961695883601404 0.95958250672086 0.952925523498178 0.940798238306419 0.921742561228659 0.893920696629575 0.855364119080133 0.804337123300526 0.739807102215433 0.661966953905587 0.572692599003071 0.475762471354768 0.376655165602904 0.281819136938847 0.197489219894671 0.128357753761878 0 0 0 0 0 0 0 0 0 0 0 0 0 0 0 0 0 0 0 0 0 0 0 0 0 0 0 0 0 0 0 0 0 0 0 0 0 0 0 0 0 0 0 0 0 0 0 0 0 0 0 0 0.132962105062322 0.215455236911485 0.316058606295582 0.42635860272545 0.536470249431084 0.637671088448717 0.724096521486238 0.793165715556541 0.845024190708666 0.881521669663235 0.905164062264459 0.918279308438654 0.92246333913879 0.918279308438654 0.905164062264459 0.881521669663235 0.845024190708666 0.793165715556541 0.724096521486238 0.637671088448717 0.536470249431084 0.42635860272545 0.316058606295582 0.215455236911485 0.132962105062322 0 0 0 0 0 
0.903590096105259 0.918830463413264 0.927426762519181 0.930197891931954 0.927426762519181 0.918830463413264 0.903590096105259 0.880445675512348 0.847870038198151 0.804337123300526 0.748688916294892 0.680577219066995 0.600911144741567 0.512188677362739 0.418554922794237 0.325446411153877 0.238780436436258 0.163826356947972 0.104086408283296 0 0 0 0 0 0 0 0 0 0 0 0 0 0 0 0 0 0 0 0 0 0 0 0 0 0 0 0 0 0 0 0 0 0 0 0 0 0 0 0 0 0 0 0 0 0 0 0 0 0 0 0 0 0.165343416535862 0.250936757141985 0.349085762251729 0.451499039895303 0.549864440847394 0.637671088448717 0.71104844980095 0.768657791966943 0.810996825403251 0.839516760521633 0.855827841442142 0.861120461442727 0.855827841442142 0.839516760521633 0.810996825403251 0.768657791966943 0.71104844980095 0.637671088448717 0.549864440847394 0.451499039895303 0.349085762251729 0.250936757141985 0.165343416535862 0 0 0 0 0 0 
0.851634500239094 0.869922157334966 0.880445675512348 0.883875174657539 0.880445675512348 0.869922157334966 0.851634500239094 0.824585773351194 0.787641808867241 0.739807102215433 0.680577219066995 0.610328632052709 0.530666458597096 0.444611925781309 0.356498784522851 0.271490265509849 0.194741003851222 0.130389024071846 0 0 0 0 0 0 0 0 0 0 0 0 0 0 0 0 0 0 0 0 0 0 0 0 0 0 0 0 0 0 0 0 0 0 0 0 0 0 0 0 0 0 0 0 0 0 0 0 0 0 0 0 0 0 0.118677929830109 0.187320781306818 0.270003698857246 0.360485317728838 0.451499039895303 0.536470249431084 0.610622922614268 0.671288506280403 0.717587513321982 0.749793903980324 0.768657791966943 0.774857596741818 0.768657791966943 0.749793903980324 0.717587513321982 0.671288506280403 0.610622922614268 0.536470249431084 0.451499039895303 0.360485317728838 0.270003698857246 0.187320781306818 0.118677929830109 0 0 0 0 0 0 
0.783404355871614 0.804337123300526 0.816573490775908 0.820594582381403 0.816573490775908 0.804337123300526 0.783404355871614 0.753101639632532 0.712757084008226 0.661966953905587 0.600911144741567 0.530666458597096 0.453434521757669 0.372579628743931 0.292382322920363 0.217476526220791 0.152051462472023 0 0 0 0 0 0 0 0 0 0 0 0 0 0 0 0 0 0 0 0 0 0 0 0 0 0 0 0 0 0 0 0 0 0 0 0 0 0 0 0 0 0 0 0 0 0 0 0 0 0 0 0 0 0 0 0 0.130006324424054 0.195083071445882 0.270003698857246 0.349085762251729 0.42635860272545 0.496726676365684 0.556582433376556 0.603854032122282 0.637671088448717 0.657879706706407 0.664591674031008 0.657879706706407 0.637671088448717 0.603854032122282 0.556582433376556 0.496726676365684 0.42635860272545 0.349085762251729 0.270003698857246 0.195083071445882 0.130006324424054 0 0 0 0 0 0 0 
0.699036230406395 0.721836046214687 0.735339301191347 0.739807102215433 0.735339301191347 0.721836046214687 0.699036230406395 0.666631526507857 0.624449971923118 0.572692599003071 0.512188677362739 0.444611925781309 0.372579628743931 0.299553214987056 0.229488880627965 0.166258508204383 0.112960953822478 0 0 0 0 0 0 0 0 0 0 0 0 0 0 0 0 0 0 0 0 0 0 0 0 0 0 0 0 0 0 0 0 0 0 0 0 0 0 0 0 0 0 0 0 0 0 0 0 0 0 0 0 0 0 0 0 0 0.130006324424054 0.187320781306818 0.250936757141985 0.316058606295582 0.377933219110864 0.432590140412183 0.477170051191942 0.509890085097244 0.529797018709162 0.536470249431084 0.529797018709162 0.509890085097244 0.477170051191942 0.432590140412183 0.377933219110864 0.316058606295582 0.250936757141985 0.187320781306818 0.130006324424054 0 0 0 0 0 0 0 0 
0.600911144741567 0.624449971923118 0.638551559432477 0.643244957486672 0.638551559432477 0.624449971923118 0.600911144741567 0.56800022224668 0.526032996038429 0.475762471354768 0.418554922794237 0.356498784522851 0.292382322920363 0.229488880627965 0.171200710035371 0.120471589381824 0 0 0 0 0 0 0 0 0 0 0 0 0 0 0 0 0 0 0 0 0 0 0 0 0 0 0 0 0 0 0 0 0 0 0 0 0 0 0 0 0 0 0 0 0 0 0 0 0 0 0 0 0 0 0 0 0 0 0 0.118677929830109 0.165343416535862 0.215455236911485 0.265154799099778 0.310730738161097 0.349085762251729 0.377933219110864 0.395781722747518 0.401816508327864 0.395781722747518 0.377933219110864 0.349085762251729 0.310730738161097 0.265154799099778 0.215455236911485 0.165343416535862 0.118677929830109 0 0 0 0 0 0 0 0 0 
0.49387778068487 0.516793632755975 0.530666458597096 0.535308468432647 0.530666458597096 0.516793632755975 0.49387778068487 0.462320712153103 0.422852923152662 0.376655165602904 0.325446411153877 0.271490265509849 0.217476526220791 0.166258508204383 0.120471589381824 0 0 0 0 0 0 0 0 0 0 0 0 0 0 0 0 0 0 0 0 0 0 0 0 0 0 0 0 0 0 0 0 0 0 0 0 0 0 0 0 0 0 0 0 0 0 0 0 0 0 0 0 0 0 0 0 0 0 0 0 0 0 0.132962105062322 0.168871091339326 0.203065827506706 0.23275198576861 0.255621144923586 0.270003698857246 0.274907029217262 0.270003698857246 0.255621144923586 0.23275198576861 0.203065827506706 0.168871091339326 0.132962105062322 0 0 0 0 0 0 0 0 0 0 0 
0.38487087176446 0.405774496444363 0.418554922794237 0.422852923152662 0.418554922794237 0.405774496444363 0.38487087176446 0.356498784522851 0.321672824555717 0.281819136938847 0.238780436436258 0.194741003851222 0.152051462472023 0.112960953822478 0 0 0 0 0 0 0 0 0 0 0 0 0 0 0 0 0 0 0 0 0 0 0 0 0 0 0 0 0 0 0 0 0 0 0 0 0 0 0 0 0 0 0 0 0 0 0 0 0 0 0 0 0 0 0 0 0 0 0 0 0 0 0 0 0 0.118677929830109 0.139024843303116 0.155080486216545 0.165343416535862 0.168871091339326 0.165343416535862 0.155080486216545 0.139024843303116 0.118677929830109 0 0 0 0 0 0 0 0 0 0 0 0 0 
0.281819136938847 0.299553214987056 0.310500262849391 0.314199590913687 0.310500262849391 0.299553214987056 0.281819136938847 0.258087023890284 0.229488880627965 0.197489219894671 0.163826356947972 0.130389024071846 0 0 0 0 0 0 0 0 0 0 0 0 0 0 0 0 0 0 0 0 0 0 0 0 0 0 0 0 0 0 0 0 0 0 0 0 0 0 0 0 0 0 0 0 0 0 0 0 0 0 0 0 0 0 0 0 0 0 0 0 0 0 0 0 0 0 0 0 0 0 0 0 0 0 0 0 0 0 0 0 0 0 0 0 0 0 0 0 0 
0.192019457402512 0.205894291721825 0.214540669485641 0.217476526220791 0.214540669485641 0.205894291721825 0.192019457402512 0.17371092711035 0.152051462472023 0.128357753761878 0.104086408283296 0 0 0 0 0 0 0 0 0 0 0 0 0 0 0 0 0 0 0 0 0 0 0 0 0 0 0 0 0 0 0 0 0 0 0 0 0 0 0 0 0 0 0 0 0 0 0 0 0 0 0 0 0 0 0 0 0 0 0 0 0 0 0 0 0 0 0 0 0 0 0 0 0 0 0 0 0 0 0 0 0 0 0 0 0 0 0 0 0 0 
0.120471589381824 0.130389024071846 0.136628328733696 0.138757024133062 0.136628328733696 0.130389024071846 0.120471589381824 0.107568789834737 0 0 0 0 0 0 0 0 0 0 0 0 0 0 0 0 0 0 0 0 0 0 0 0 0 0 0 0 0 0 0 0 0 0 0 0 0 0 0 0 0 0 0 0 0 0 0 0 0 0 0 0 0 0 0 0 0 0 0 0 0 0 0 0 0 0 0 0 0 0 0 0 0 0 0 0 0 0 0 0 0 0 0 0 0 0 0 0 0 0 0 0 0 
0 0 0 0 0 0 0 0 0.11242774203159 0.129032167400704 0.143179849077599 0.153969574170007 0.16072307357744 0.163021388703181 0.16072307357744 0.153969574170007 0.143179849077599 0.129032167400704 0.11242774203159 0 0 0 0 0 0 0 0 0 0 0 0 0 0 0 0 0 0 0 0 0 0 0 0 0 0 0 0 0 0 0 0 0 0 0 0 0 0 0 0 0 0 0 0 0 0 0 0 0 0 0 0 0 0 0 0 0 0 0 0 0 0 0 0 0 0 0 0 0 0 0 0 0 0 0 0 0 0 0 0 0 0 
0 0 0 0 0 0 0.125190663414 0.151765266115149 0.177311905213897 0.20038035057843 0.21969606384552 0.234233508897561 0.243252094649978 0.24630753392759 0.243252094649978 0.234233508897561 0.21969606384552 0.20038035057843 0.177311905213897 0.151765266115149 0.125190663414 0 0 0 0 0 0 0 0 0 0 0 0 0 0 0 0 0 0 0 0 0 0 0 0 0 0 0 0 0 0 0 0 0 0 0 0 0 0 0 0 0 0 0 0 0 0 0 0 0 0 0 0 0 0 0 0 0 0 0 0 0 0 0 0 0 0 0 0 0 0 0 0 0 0 0 0 0 0 0 0 
0 0 0 0 0.119592118922377 0.153969574170007 0.189883783073075 0.225436948126087 0.258774645020236 0.288246747940293 0.312500964068005 0.330515821523994 0.341592482328639 0.345328355440562 0.341592482328639 0.330515821523994 0.312500964068005 0.288246747940293 0.258774645020236 0.225436948126087 0.189883783073075 0.153969574170007 0.119592118922377 0 0 0 0 0 0 0 0 0 0 0 0 0 0 0 0 0 0 0 0 0 0 0 0 0 0 0 0 0 0 0 0 0 0 0 0 0 0 0 0 0 0 0 0 0 0 0 0 0 0 0 0 0 0 0 0 0 0 0 0 0 0 0 0 0 0 0 0 0 0 0 0 0 0 0 0 0 0 
0 0 0 0.134960527376061 0.177311905213897 0.222554154819104 0.268381339755955 0.312500964068005 0.352864518829096 0.38780095302173 0.416056378124638 0.43676479375072 0.449382755873487 0.453619012593026 0.449382755873487 0.43676479375072 0.416056378124638 0.38780095302173 0.352864518829096 0.312500964068005 0.268381339755955 0.222554154819104 0.177311905213897 0.134960527376061 0 0 0 0 0 0 0 0 0 0 0 0 0 0 0 0 0 0 0 0 0 0 0 0 0 0 0 0 0 0 0 0 0 0 0 0 0 0 0 0 0 0 0 0 0 0 0 0 0 0 0 0 0 0 0 0 0 0 0 0 0 0 0 0 0 0 0 0 0 0 0 0 0 0 0 0 0 
0 0.100692484575402 0.143179849077599 0.192471198362885 0.24630753392759 0.301966205404137 0.356664435678938 0.407892505183624 0.453619012593026 0.492360316662318 0.523141636526835 0.545393148849829 0.55882448727475 0.563312339004761 0.55882448727475 0.545393148849829 0.523141636526835 0.492360316662318 0.453619012593026 0.407892505183624 0.356664435678938 0.301966205404137 0.24630753392759 0.192471198362885 0.143179849077599 0.100692484575402 0 0 0 0 0 0 0 0 0 0 0 0 0 0 0 0 0 0 0 0 0 0 0 0 0 0 0 0 0 0 0 0 0 0 0 0 0 0 0 0 0 0 0 0 0 0 0 0 0 0 0 0 0 0 0 0 0 0 0 0 0 0 0 0 0 0 0 0 0 0 0 0 0 0 0 
0 0.143179849077599 0.197719443104673 0.258774645020236 0.323242173213885 0.38780095302173 0.449382755873487 0.505491953135577 0.554341703344906 0.594830166213045 0.62641006488962 0.648910010746791 0.662355943303985 0.666825723187815 0.662355943303985 0.648910010746791 0.62641006488962 0.594830166213045 0.554341703344906 0.505491953135577 0.449382755873487 0.38780095302173 0.323242173213885 0.258774645020236 0.197719443104673 0.143179849077599 0 0 0 0 0 0 0 0 0 0 0 0 0 0 0 0 0 0 0 0 0 0 0 0 0 0 0 0 0 0 0 0 0 0 0 0 0 0 0 0 0 0 0 0 0 0 0 0 0 0 0 0 0 0 0 0 0 0 0 0 0 0 0 0 0 0 0 0 0 0 0 0 0 0 0 
0.134960527376061 0.192471198362885 0.258774645020236 0.330515821523994 0.403837305518855 0.475012317422744 0.54092827179312 0.599341703750742 0.648910010746791 0.689058785152317 0.719760615967717 0.741292464496538 0.754018505173685 0.758224936516816 0.754018505173685 0.741292464496538 0.719760615967717 0.689058785152317 0.648910010746791 0.599341703750742 0.54092827179312 0.475012317422744 0.403837305518855 0.330515821523994 0.258774645020236 0.192471198362885 0.134960527376061 0 0 0 0 0 0 0 0 0 0 0 0 0 0 0 0 0 0 0 0 0 0 0 0 0 0 0 0 0 0 0 0 0 0 0 0 0 0 0 0 0 0 0 0 0 0 0 0 0 0 0 0 0 0 0 0 0 0 0 0 0 0 0 0 0 0 0 0 0 0 0 0 0 0 
0.177311905213897 0.24630753392759 0.323242173213885 0.403837305518855 0.4836620781975 0.55882448727475 0.62641006488962 0.684629437705486 0.732725159387735 0.770729527956037 0.799164955770888 0.818755255720602 0.830187553233752 0.833941352021478 0.830187553233752 0.818755255720602 0.799164955770888 0.770729527956037 0.732725159387735 0.684629437705486 0.62641006488962 0.55882448727475 0.4836620781975 0.403837305518855 0.323242173213885 0.24630753392759 0.177311905213897 0.119592118922377 0 0 0 0 0 0 0 0 0 0 0 0 0 0 0 0 0 0 0 0 0 0 0 0 0 0 0 0 0 0 0 0 0 0 0 0 0 0 0 0 0 0 0 0 0 0 0 0 0 0 0 0 0 0 0 0 0 0 0 0 0 0 0 0 0 0 0 0 0 0 0 0 0 
0.222554154819104 0.301966205404137 0.38780095302173 0.475012317422744 0.55882448727475 0.635420390446752 0.702286220379775 0.758224936516816 0.80313406332255 0.837665753786066 0.862868049246688 0.879870231467196 0.889640779162265 0.892822829742287 0.889640779162265 0.879870231467196 0.862868049246688 0.837665753786066 0.80313406332255 0.758224936516816 0.702286220379775 0.635420390446752 0.55882448727475 0.475012317422744 0.38780095302173 0.301966205404137 0.222554154819104 0.153969574170007 0 0 0 0 0 0 0 0 0 0 0 0 0 0 0 0 0 0 0 0 0 0 0 0 0 0 0 0 0 0 0 0 0 0 0 0 0 0 0 0 0 0 0 0 0 0 0 0 0 0 0 0 0 0 0 0 0 0 0 0 0 0 0 0 0 0 0 0 0 0 0 0 0 
0.268381339755955 0.356664435678938 0.449382755873487 0.54092827179312 0.62641006488962 0.702286220379775 0.766581016240933 0.818755255720602 0.859364520450072 0.889640779162265 0.911095850168918 0.925199258453684 0.93314582184722 0.935706217017436 0.93314582184722 0.925199258453684 0.911095850168918 0.889640779162265 0.859364520450072 0.818755255720602 0.766581016240933 0.702286220379775 0.62641006488962 0.54092827179312 0.449382755873487 0.356664435678938 0.268381339755955 0.189883783073075 0.125190663414 0 0 0 0 0 0 0 0 0 0 0 0 0 0 0 0 0 0 0 0 0 0 0 0 0 0 0 0 0 0 0 0 0 0 0 0 0 0 0 0 0 0 0 0 0 0 0 0 0 0 0 0 0 0 0 0 0 0 0 0 0 0 0 0 0 0 0 0 0 0 0 0 
0.312500964068005 0.407892505183624 0.505491953135577 0.599341703750742 0.684629437705486 0.758224936516816 0.818755255720602 0.866337904026611 0.902137756481218 0.927891927274027 0.945494719820303 0.956682192461664 0.962818341443925 0.964765642858517 0.962818341443925 0.956682192461664 0.945494719820303 0.927891927274027 0.902137756481218 0.866337904026611 0.818755255720602 0.758224936516816 0.684629437705486 0.599341703750742 0.505491953135577 0.407892505183624 0.312500964068005 0.225436948126087 0.151765266115149 0 0 0 0 0 0 0 0 0 0 0 0 0 0 0 0 0 0 0 0 0 0 0 0 0 0 0 0 0 0 0 0 0 0 0 0 0 0 0 0 0 0 0 0 0 0 0 0 0 0 0 0 0 0 0 0 0 0 0 0 0 0 0 0 0 0 0 0 0 0 0 0 
0.352864518829096 0.453619012593026 0.554341703344906 0.648910010746791 0.732725159387735 0.80313406332255 0.859364520450072 0.902137756481218 0.93314582184722 0.954539829085066 0.968511219632588 0.976992021541973 0.981463942905692 0.982850309961092 0.981463942905692 0.976992021541973 0.968511219632588 0.954539829085066 0.93314582184722 0.902137756481218 0.859364520450072 0.80313406332255 0.732725159387735 0.648910010746791 0.554341703344906 0.453619012593026 0.352864518829096 0.258774645020236 0.177311905213897 0.11242774203159 0 0 0 0 0 0 0 0 0 0 0 0 0 0 0 0 0 0 0 0 0 0 0 0 0 0 0 0 0 0 0 0 0 0 0 0 0 0 0 0 0 0 0 0 0 0 0 0 0 0 0 0 0 0 0 0 0 0 0 0 0 0 0 0 0 0 0 0 0 0 0 
0.38780095302173 0.492360316662318 0.594830166213045 0.689058785152317 0.770729527956037 0.837665753786066 0.889640779162265 0.927891927274027 0.954539829085066 0.972056081486504 0.982850309961092 0.98899005057738 0.992033102385187 0.992939597787242 0.992033102385187 0.98899005057738 0.982850309961092 0.972056081486504 0.954539829085066 0.927891927274027 0.889640779162265 0.837665753786066 0.770729527956037 0.689058785152317 0.594830166213045 0.492360316662318 0.38780095302173 0.288246747940293 0.20038035057843 0.129032167400704 0 0 0 0 0 0 0 0 0 0 0 0 0 0 0 0 0 0 0 0 0 0 0 0 0 0 0 0 0 0 0 0 0 0 0 0 0 0 0 0 0 0 0 0 0 0 0 0 0 0 0 0 0 0 0 0 0 0 0 0 0 0 0 0 0 0 0 0 0 0 0 
0.416056378124638 0.523141636526835 0.62641006488962 0.719760615967717 0.799164955770888 0.862868049246688 0.911095850168918 0.945494719820303 0.968511219632588 0.982850309961092 0.991072572182266 0.99533342180362 0.997236074820564 0.997760632116414 0.997236074820564 0.99533342180362 0.991072572182266 0.982850309961092 0.968511219632588 0.945494719820303 0.911095850168918 0.862868049246688 0.799164955770888 0.719760615967717 0.62641006488962 0.523141636526835 0.416056378124638 0.312500964068005 0.21969606384552 0.143179849077599 0 0 0 0 0 0 0 0 0 0 0 0 0 0 0 0 0 0 0 0 0 0 0 0 0 0 0 0 0 0 0 0 0 0 0 0 0 0 0 0 0 0 0 0 0 0 0 0 0 0 0 0 0 0 0 0 0 0 0 0 0 0 0 0 0 0 0 0 0 0 0 
0.43676479375072 0.545393148849829 0.648910010746791 0.741292464496538 0.818755255720602 0.879870231467196 0.925199258453684 0.956682192461664 0.976992021541973 0.98899005057738 0.99533342180362 0.998230206735349 0.999308301365524 0.99955725773955 0.999308301365524 0.998230206735349 0.99533342180362 0.98899005057738 0.976992021541973 0.956682192461664 0.925199258453684 0.879870231467196 0.818755255720602 0.741292464496538 0.648910010746791 0.545393148849829 0.43676479375072 0.330515821523994 0.234233508897561 0.153969574170007 0 0 0 0 0 0 0 0 0 0 0 0 0 0 0 0 0 0 0 0 0 0 0 0 0 0 0 0 0 0 0 0 0 0 0 0 0 0 0 0 0 0 0 0 0 0 0 0 0 0 0 0 0 0 0 0 0 0 0 0 0 0 0 0 0 0 0 0 0 0 0 
0.449382755873487 0.55882448727475 0.662355943303985 0.754018505173685 0.830187553233752 0.889640779162265 0.93314582184722 0.962818341443925 0.981463942905692 0.992033102385187 0.997236074820564 0.999308301365524 0.999889296053199 0.999972322864285 0.999889296053199 0.999308301365524 0.997236074820564 0.992033102385187 0.981463942905692 0.962818341443925 0.93314582184722 0.889640779162265 0.830187553233752 0.754018505173685 0.662355943303985 0.55882448727475 0.449382755873487 0.341592482328639 0.243252094649978 0.16072307357744 0 0 0 0 0 0 0 0 0 0 0 0 0 0 0 0 0 0 0 0 0 0 0 0 0 0 0 0 0 0 0 0 0 0 0 0 0 0 0 0 0 0 0 0 0 0 0 0 0 0 0 0 0 0 0 0 0 0 0 0 0 0 0 0 0 0 0 0 0 0 0 
0.453619012593026 0.563312339004761 0.666825723187815 0.758224936516816 0.833941352021478 0.892822829742287 0.935706217017436 0.964765642858517 0.982850309961092 0.992939597787242 0.997760632116414 0.99955725773955 0.999972322864285 1 0.999972322864285 0.99955725773955 0.997760632116414 0.992939597787242 0.982850309961092 0.964765642858517 0.935706217017436 0.892822829742287 0.833941352021478 0.758224936516816 0.666825723187815 0.563312339004761 0.453619012593026 0.345328355440562 0.24630753392759 0.163021388703181 0 0 0 0 0 0 0 0 0 0 0 0 0 0 0 0 0 0 0 0 0 0 0 0 0 0 0 0 0 0 0 0 0 0 0 0 0 0 0 0 0 0 0 0 0 0 0 0 0 0 0 0 0 0 0 0 0 0 0 0 0 0 0 0 0 0 0 0 0 0 0 
