0 0 0 0 0 0 0 0 0 0 0 0 0 0 0 0 0 0 0 0 0 0 0 0 0 0 0 0 0 0 0 0 0 0 0.13343968466458 0.203065827506707 0.287705827431759 0.382891323309651 0.482621488753261 0.58058443944521 0.671288506280403 0.750809434953136 0.817057579695971 0.869636801074136 0.909451340065162 0.938221700746449 0.958027996315635 0.970943706574908 0.978776562669522 0.982904673655687 0.984184154270883 0.982904673655687 0.978776562669522 0.970943706574908 0.958027996315635 0.938221700746449 0.909451340065162 0.869636801074136 0.817057579695971 0.750809434953136 0.671288506280403 0.58058443944521 0.482621488753261 0.382891323309651 0.287705827431759 0.203065827506707 0.13343968466458 0 0 0 0 0 0 0 0 0 0 0 0 0 0 0 0 0 0 0 0 0 0 0 0 0 0 0 0 0 0 0 0 0 0 
0 0 0 0 0 0 0 0 0 0 0 0 0 0 0 0 0 0 0 0 0 0 0 0 0 0 0 0 0 0 0 0 0 0 0.151502315245214 0.227294899227228 0.317774384324019 0.417697558207423 0.520484800861251 0.619556011382502 0.709474813025246 0.78662705846737 0.849379965443433 0.897834419877782 0.93335229668083 0.958027996315635 0.974218387140686 0.984184154270883 0.989848833936131 0.992655407548477 0.993491327842298 0.992655407548477 0.989848833936131 0.984184154270883 0.974218387140686 0.958027996315635 0.93335229668083 0.897834419877782 0.849379965443433 0.78662705846737 0.709474813025246 0.619556011382502 0.520484800861251 0.417697558207423 0.317774384324019 0.227294899227228 0.151502315245214 0 0 0 0 0 0 0 0 0 0 0 0 0 0 0 0 0 0 0 0 0 0 0 0 0 0 0 0 0 0 0 0 0 0 
0 0 0 0 0 0 0 0 0 0 0 0 0 0 0 0 0 0 0 0 0 0 0 0 0 0 0 0 0 0 0 0 0 0.103811655889029 0.166748048259258 0.247413509434977 0.34233792561265 0.445667180102787 0.550401405914095 0.64980792394711 0.738557875838721 0.813335512349839 0.872903727377117 0.917770820265984 0.949658443149579 0.970943706574908 0.984184154270883 0.99176959397792 0.995698493481434 0.997452490297822 0.997936017245343 0.997452490297822 0.995698493481434 0.99176959397792 0.984184154270883 0.970943706574908 0.949658443149579 0.917770820265984 0.872903727377117 0.813335512349839 0.738557875838721 0.64980792394711 0.550401405914095 0.445667180102787 0.34233792561265 0.247413509434977 0.166748048259258 0.103811655889029 0 0 0 0 0 0 0 0 0 0 0 0 0 0 0 0 0 0 0 0 0 0 0 0 0 0 0 0 0 0 0 0 0 
0 0 0 0 0 0 0 0 0 0 0 0 0 0 0 0 0 0 0 0 0 0 0 0 0 0 0 0 0 0 0 0 0 0.111938903497631 0.178295347961765 0.262463273307847 0.360485317728838 0.466071138740815 0.571941538575961 0.671288506280403 0.758896241396258 0.831692565439143 0.88874302299728 0.930855845579818 0.960009439242539 0.978776562669522 0.989848833936131 0.995698493481434 0.99836884530028 0.999362513249446 0.999591961650057 0.999362513249446 0.99836884530028 0.995698493481434 0.989848833936131 0.978776562669522 0.960009439242539 0.930855845579818 0.88874302299728 0.831692565439143 0.758896241396258 0.671288506280403 0.571941538575961 0.466071138740815 0.360485317728838 0.262463273307847 0.178295347961765 0.111938903497631 0 0 0 0 0 0 0 0 0 0 0 0 0 0 0 0 0 0 0 0 0 0 0 0 0 0 0 0 0 0 0 0 0 
0 0 0 0 0 0 0 0 0 0 0 0 0 0 0 0 0 0 0 0 0 0 0 0 0 0 0 0 0 0 0 0 0 0.117045882094697 0.18549051024286 0.271762639593139 0.371604747050202 0.478466215037724 0.584909984288916 0.684097288222227 0.770895046991776 0.842389223460813 0.897834419877782 0.938221700746449 0.965682758427565 0.982904673655687 0.992655407548477 0.997452490297822 0.999362513249446 0.999897974799864 0.999974492724051 0.999897974799864 0.999362513249446 0.997452490297822 0.992655407548477 0.982904673655687 0.965682758427565 0.938221700746449 0.897834419877782 0.842389223460813 0.770895046991776 0.684097288222227 0.584909984288916 0.478466215037724 0.371604747050202 0.271762639593139 0.18549051024286 0.117045882094697 0 0 0 0 0 0 0 0 0 0 0 0 0 0 0 0 0 0 0 0 0 0 0 0 0 0 0 0 0 0 0 0 0 
0 0 0 0 0 0 0 0 0 0 0 0 0 0 0 0 0 0 0 0 0 0 0 0 0 0 0 0 0 0 0 0 0 0.118787349279647 0.187933677713137 0.274907029217262 0.375348628008205 0.482621488753261 0.589237695015882 0.688350729203772 0.774857596741818 0.845898949199431 0.900793592465332 0.940593941458302 0.967482587902963 0.984184154270883 0.993491327842298 0.997936017245343 0.999591961650057 0.999974492724051 1 0.999974492724051 0.999591961650057 0.997936017245343 0.993491327842298 0.984184154270883 0.967482587902963 0.940593941458302 0.900793592465332 0.845898949199431 0.774857596741818 0.688350729203772 0.589237695015882 0.482621488753261 0.375348628008205 0.274907029217262 0.187933677713137 0.118787349279647 0 0 0 0 0 0 0 0 0 0 0 0 0 0 0 0 0 0 0 0 0 0 0 0 0 0 0 0 0 0 0 0 0 
0 0 0 0 0 0 0 0 0 0 0 0 0 0 0 0 0 0 0 0 0 0 0 0 0 0 0 0 0 0 0 0 0 0.117045882094697 0.18549051024286 0.271762639593139 0.371604747050202 0.478466215037724 0.584909984288916 0.684097288222227 0.770895046991776 0.842389223460813 0.897834419877782 0.938221700746449 0.965682758427565 0.982904673655687 0.992655407548477 0.997452490297822 0.999362513249446 0.999897974799864 0.999974492724051 0.999897974799864 0.999362513249446 0.997452490297822 0.992655407548477 0.982904673655687 0.965682758427565 0.938221700746449 0.897834419877782 0.842389223460813 0.770895046991776 0.684097288222227 0.584909984288916 0.478466215037724 0.371604747050202 0.271762639593139 0.18549051024286 0.117045882094697 0 0 0 0 0 0 0 0 0 0 0 0 0 0 0 0 0 0 0 0 0 0 0 0 0 0 0 0 0 0 0 0 0 
0 0 0 0 0 0 0 0 0 0 0 0 0 0 0 0 0 0 0 0 0 0 0 0 0 0 0 0 0 0 0 0 0 0.111938903497631 0.178295347961765 0.262463273307847 0.360485317728838 0.466071138740815 0.571941538575961 0.671288506280403 0.758896241396258 0.831692565439143 0.88874302299728 0.930855845579818 0.960009439242539 0.978776562669522 0.989848833936131 0.995698493481434 0.99836884530028 0.999362513249446 0.999591961650057 0.999362513249446 0.99836884530028 0.995698493481434 0.989848833936131 0.978776562669522 0.960009439242539 0.930855845579818 0.88874302299728 0.831692565439143 0.758896241396258 0.671288506280403 0.571941538575961 0.466071138740815 0.360485317728838 0.262463273307847 0.178295347961765 0.111938903497631 0 0 0 0 0 0 0 0 0 0 0 0 0 0 0 0 0 0 0 0 0 0 0 0 0 0 0 0 0 0 0 0 0 
0 0 0 0 0 0 0 0 0 0 0 0 0 0 0 0 0 0 0 0 0 0 0 0 0 0 0 0 0 0 0 0 0 0.103811655889029 0.166748048259258 0.247413509434977 0.34233792561265 0.445667180102787 0.550401405914095 0.64980792394711 0.738557875838721 0.813335512349839 0.872903727377117 0.917770820265984 0.949658443149579 0.970943706574908 0.984184154270883 0.99176959397792 0.995698493481434 0.997452490297822 0.997936017245343 0.997452490297822 0.995698493481434 0.99176959397792 0.984184154270883 0.970943706574908 0.949658443149579 0.917770820265984 0.872903727377117 0.813335512349839 0.738557875838721 0.64980792394711 0.550401405914095 0.445667180102787 0.34233792561265 0.247413509434977 0.166748048259258 0.103811655889029 0 0 0 0 0 0 0 0 0 0 0 0 0 0 0 0 0 0 0 0 0 0 0 0 0 0 0 0 0 0 0 0 0 
0 0 0 0 0 0 0 0 0 0 0 0 0 0 0 0 0 0 0 0 0 0 0 0 0 0 0 0 0 0 0 0 0 0 0.151502315245214 0.227294899227228 0.317774384324019 0.417697558207423 0.520484800861251 0.619556011382502 0.709474813025246 0.78662705846737 0.849379965443433 0.897834419877782 0.93335229668083 0.958027996315635 0.974218387140686 0.984184154270883 0.989848833936131 0.992655407548477 0.993491327842298 0.992655407548477 0.989848833936131 0.984184154270883 0.974218387140686 0.958027996315635 0.93335229668083 0.897834419877782 0.849379965443433 0.78662705846737 0.709474813025246 0.619556011382502 0.520484800861251 0.417697558207423 0.317774384324019 0.227294899227228 0.151502315245214 0 0 0 0 0 0 0 0 0 0 0 0 0 0 0 0 0 0 0 0 0 0 0 0 0 0 0 0 0 0 0 0 0 0 
0 0 0 0 0 0 0 0 0 0 0 0 0 0 0 0 0 0 0 0 0 0 0 0 0 0 0 0 0 0 0 0 0 0 0.13343968466458 0.203065827506707 0.287705827431759 0.382891323309651 0.482621488753261 0.58058443944521 0.671288506280403 0.750809434953136 0.817057579695971 0.869636801074136 0.909451340065162 0.938221700746449 0.958027996315635 0.970943706574908 0.978776562669522 0.982904673655687 0.984184154270883 0.982904673655687 0.978776562669522 0.970943706574908 0.958027996315635 0.938221700746449 0.909451340065162 0.869636801074136 0.817057579695971 0.750809434953136 0.671288506280403 0.58058443944521 0.482621488753261 0.382891323309651 0.287705827431759 0.203065827506707 0.13343968466458 0 0 0 0 0 0 0 0 0 0 0 0 0 0 0 0 0 0 0 0 0 0 0 0 0 0 0 0 0 0 0 0 0 0 
0 0 0 0 0 0 0 0 0 0 0 0 0 0 0 0 0 0 0 0 0 0 0 0 0 0 0 0 0 0 0 0 0 0 0.113621774483194 0.175941573855874 0.253365763056676 0.34233792561265 0.437601639638911 0.533264962162575 0.623885392715877 0.705270717291754 0.774857596741818 0.831692565439143 0.876138228889075 0.909451340065162 0.93335229668083 0.949658443149579 0.960009439242539 0.965682758427565 0.967482587902963 0.965682758427565 0.960009439242539 0.949658443149579 0.93335229668083 0.909451340065162 0.876138228889075 0.831692565439143 0.774857596741818 0.705270717291754 0.623885392715877 0.533264962162575 0.437601639638911 0.34233792561265 0.253365763056676 0.175941573855874 0.113621774483194 0 0 0 0 0 0 0 0 0 0 0 0 0 0 0 0 0 0 0 0 0 0 0 0 0 0 0 0 0 0 0 0 0 0 
0 0 0 0 0 0 0 0 0 0 0 0 0 0 0 0 0 0 0 0 0 0 0 0 0 0 0 0 0 0 0 0 0 0 0 0.14734055475722 0.216298957454005 0.297535050977041 0.386689729710106 0.478466215037724 0.567625019228767 0.64980792394711 0.722017024624455 0.78272410410338 0.831692565439143 0.869636801074136 0.897834419877782 0.917770820265984 0.930855845579818 0.938221700746449 0.940593941458302 0.938221700746449 0.930855845579818 0.917770820265984 0.897834419877782 0.869636801074136 0.831692565439143 0.78272410410338 0.722017024624455 0.64980792394711 0.567625019228767 0.478466215037724 0.386689729710106 0.297535050977041 0.216298957454005 0.14734055475722 0 0 0 0 0 0 0 0 0 0 0 0 0 0 0 0 0 0 0 0 0 0 0 0 0 0 0 0 0 0 0 0 0 0 0 
0 0 0 0 0 0 0 0 0 0 0 0 0 0 0 0 0 0 0 0 0 0 0 0 0 0 0 0 0 0 0 0 0 0 0 0.118787349279647 0.178295347961765 0.250378334994917 0.331687883848038 0.417697558207423 0.503559982101402 0.584909984288916 0.658417178203115 0.722017024624455 0.774857596741818 0.817057579695971 0.849379965443433 0.872903727377117 0.88874302299728 0.897834419877782 0.900793592465332 0.897834419877782 0.88874302299728 0.872903727377117 0.849379965443433 0.817057579695971 0.774857596741818 0.722017024624455 0.658417178203115 0.584909984288916 0.503559982101402 0.417697558207423 0.331687883848038 0.250378334994917 0.178295347961765 0.118787349279647 0 0 0 0 0 0 0 0 0 0 0 0 0 0 0 0 0 0 0 0 0 0 0 0 0 0 0 0 0 0 0 0 0 0 0 
0 0 0 0 0 0 0 0 0 0 0 0 0 0 0 0 0 0 0 0 0 0 0 0 0 0 0 0 0 0 0 0 0 0 0 0 0.141257228156461 0.203065827506707 0.274907029217262 0.353167736027855 0.433590592633304 0.512004693187243 0.584909984288916 0.64980792394711 0.705270717291754 0.750809434953136 0.78662705846737 0.813335512349839 0.831692565439143 0.842389223460813 0.845898949199431 0.842389223460813 0.831692565439143 0.813335512349839 0.78662705846737 0.750809434953136 0.705270717291754 0.64980792394711 0.584909984288916 0.512004693187243 0.433590592633304 0.353167736027855 0.274907029217262 0.203065827506707 0.141257228156461 0 0 0 0 0 0 0 0 0 0 0 0 0 0 0 0 0 0 0 0 0 0 0 0 0 0 0 0 0 0 0 0 0 0 0 0 
0 0 0 0 0 0 0 0 0 0 0 0 0 0 0 0 0 0 0 0 0 0 0 0 0 0 0 0 0 0 0 0 0 0 0 0 0.107005612518734 0.157905972296914 0.219013797487629 0.287705827431759 0.360485317728838 0.433590592633304 0.503559982101402 0.567625019228767 0.623885392715877 0.671288506280403 0.709474813025246 0.738557875838721 0.758896241396258 0.770895046991776 0.774857596741818 0.770895046991776 0.758896241396258 0.738557875838721 0.709474813025246 0.671288506280403 0.623885392715877 0.567625019228767 0.503559982101402 0.433590592633304 0.360485317728838 0.287705827431759 0.219013797487629 0.157905972296914 0.107005612518734 0 0 0 0 0 0 0 0 0 0 0 0 0 0 0 0 0 0 0 0 0 0 0 0 0 0 0 0 0 0 0 0 0 0 0 0 
0 0 0 0 0 0 0 0 0 0 0 0 0 0 0 0 0 0 0 0 0 0 0 0 0 0 0 0 0 0 0 0 0 0 0 0 0 0.117045882094697 0.166748048259258 0.224511766646547 0.287705827431759 0.353167736027855 0.417697558207423 0.478466215037724 0.533264962162575 0.58058443944521 0.619556011382502 0.64980792394711 0.671288506280403 0.684097288222227 0.688350729203772 0.684097288222227 0.671288506280403 0.64980792394711 0.619556011382502 0.58058443944521 0.533264962162575 0.478466215037724 0.417697558207423 0.353167736027855 0.287705827431759 0.224511766646547 0.166748048259258 0.117045882094697 0 0 0 0 0 0 0 0 0 0 0 0 0 0 0 0 0 0 0 0 0 0 0 0 0 0 0 0 0 0 0 0 0 0 0 0 0 
0 0 0 0 0 0 0 0 0 0 0 0 0 0 0 0 0 0 0 0 0 0 0 0 0 0 0 0 0 0 0 0 0 0 0 0 0 0 0.120548576917592 0.166748048259258 0.219013797487629 0.274907029217262 0.331687883848038 0.386689729710106 0.437601639638911 0.482621488753261 0.520484800861251 0.550401405914095 0.571941538575961 0.584909984288916 0.589237695015882 0.584909984288916 0.571941538575961 0.550401405914095 0.520484800861251 0.482621488753261 0.437601639638911 0.386689729710106 0.331687883848038 0.274907029217262 0.219013797487629 0.166748048259258 0.120548576917592 0 0 0 0 0 0 0 0 0 0 0 0 0 0 0 0 0 0 0 0 0 0 0 0 0 0 0 0 0 0 0 0 0 0 0 0 0 0 
0 0 0 0 0 0 0 0 0 0 0 0 0 0 0 0 0 0 0 0 0 0 0 0 0 0 0 0 0 0 0 0 0 0 0 0 0 0 0 0.117045882094697 0.157905972296914 0.203065827506707 0.250378334994917 0.297535050977041 0.34233792561265 0.382891323309651 0.417697558207423 0.445667180102787 0.466071138740815 0.478466215037724 0.482621488753261 0.478466215037724 0.466071138740815 0.445667180102787 0.417697558207423 0.382891323309651 0.34233792561265 0.297535050977041 0.250378334994917 0.203065827506707 0.157905972296914 0.117045882094697 0 0 0 0 0 0 0 0 0 0 0 0 0 0 0 0 0 0 0 0 0 0 0 0 0 0 0 0 0 0 0 0 0 0 0 0 0 0 0 
0 0 0 0 0 0 0 0 0 0 0 0 0 0 0 0 0 0 0 0 0 0 0 0 0 0 0 0 0 0 0 0 0 0 0 0 0 0 0 0 0.107005612518734 0.141257228156461 0.178295347961765 0.216298957454005 0.253365763056676 0.287705827431759 0.317774384324019 0.34233792561265 0.360485317728838 0.371604747050202 0.375348628008205 0.371604747050202 0.360485317728838 0.34233792561265 0.317774384324019 0.287705827431759 0.253365763056676 0.216298957454005 0.178295347961765 0.141257228156461 0.107005612518734 0 0 0 0 0 0 0 0 0 0 0 0 0 0 0 0 0 0 0 0 0 0 0 0 0 0 0 0 0 0 0 0 0 0 0 0 0 0 0 0 
0 0 0 0 0 0 0 0 0 0 0 0 0 0 0 0 0 0 0 0 0 0 0 0 0 0 0 0 0 0 0 0 0 0 0 0 0 0 0 0 0 0 0.118787349279647 0.14734055475722 0.175941573855874 0.203065827506707 0.227294899227228 0.247413509434977 0.262463273307847 0.271762639593139 0.274907029217262 0.271762639593139 0.262463273307847 0.247413509434977 0.227294899227228 0.203065827506707 0.175941573855874 0.14734055475722 0.118787349279647 0 0 0 0 0 0 0 0 0 0 0 0 0 0 0 0 0 0 0 0 0 0 0 0 0 0 0 0 0 0 0 0 0 0 0 0 0 0 0 0 0 0 
0 0 0 0 0 0 0 0 0 0 0 0 0 0 0 0 0 0 0 0 0 0 0 0 0 0 0 0 0 0 0 0 0 0 0 0 0 0 0 0 0 0 0 0 0.113621774483194 0.13343968466458 0.151502315245214 0.166748048259258 0.178295347961765 0.18549051024286 0.187933677713137 0.187320781306818 0.203065827506706 0.212937405501937 0.216298957454005 0.212937405501937 0.203065827506706 0.187320781306818 0.166748048259259 0.142760243146809 0.117045882094697 0 0 0 0 0 0 0 0 0 0 0 0 0 0 0 0 0 0 0 0 0 0 0 0 0 0 0 0 0 0 0 0 0 0 0 0 0 0 0 0 
0 0 0 0 0 0 0 0 0 0 0 0 0 0 0 0 0 0 0 0 0 0 0 0 0 0 0 0 0 0 0 0 0 0 0 0 0 0 0 0 0 0 0 0 0 0 0.114896663488234 0.150453860515103 0.187320781306818 0.223128737274178 0.255621144923586 0.282864955257186 0.303358786600548 0.316058606295582 0.320357870715484 0.316058606295582 0.303358786600548 0.282864955257186 0.255621144923586 0.223128737274178 0.187320781306818 0.150453860515103 0.114896663488234 0 0 0 0 0 0 0 0 0 0 0 0 0 0 0 0 0 0 0 0 0 0 0 0 0 0 0 0 0 0 0 0 0 0 0 0 0 0 
0 0 0 0 0 0 0 0 0 0 0 0 0 0 0 0 0 0 0 0 0 0 0 0 0 0 0 0 0 0 0 0 0 0 0 0 0 0 0 0 0 0 0 0 0 0.132962105062322 0.178295347961765 0.226596981963692 0.274907029217262 0.320357870715484 0.360485317728838 0.393379544174952 0.417697558207423 0.432590140412183 0.437601639638911 0.432590140412183 0.417697558207423 0.393379544174952 0.360485317728838 0.320357870715484 0.274907029217262 0.226596981963692 0.178295347961765 0.132962105062322 0 0 0 0 0 0 0 0 0 0 0 0 0 0 0 0 0 0 0 0 0 0 0 0 0 0 0 0 0 0 0 0 0 0 0 0 0 
0 0 0 0 0 0 0 0 0 0 0 0 0 0 0 0 0 0 0 0 0 0 0 0 0 0 0 0 0 0 0 0 0 0 0 0 0 0 0 0 0 0 0 0 0.142760243146809 0.196661952148726 0.255621144923586 0.316058606295582 0.374410927033409 0.427601947804939 0.473288441843528 0.509890085097244 0.536470249431084 0.552550110523312 0.557927510483319 0.552550110523312 0.536470249431084 0.509890085097244 0.473288441843528 0.427601947804939 0.374410927033409 0.316058606295582 0.255621144923586 0.196661952148726 0.142760243146809 0 0 0 0 0 0 0 0 0 0 0 0 0 0 0 0 0 0 0 0 0 0 0 0 0 0 0 0 0 0 0 0 0 0 0 0 
0 0 0 0 0 0 0 0 0 0 0 0 0 0 0 0 0 0 0 0 0 0 0 0 0 0 0 0 0 0 0 0 0 0 0 0 0 0 0 0 0 0 0 0.142760243146809 0.203065827506706 0.270980017932272 0.34233792561265 0.41278236981315 0.478466215037724 0.536470249431084 0.584909984288916 0.622803198030451 0.64980792394711 0.665932309635736 0.671288506280403 0.665932309635736 0.64980792394711 0.622803198030451 0.584909984288916 0.536470249431084 0.478466215037724 0.41278236981315 0.34233792561265 0.270980017932272 0.203065827506706 0.142760243146809 0 0 0 0 0 0 0 0 0 0 0 0 0 0 0 0 0 0 0 0 0 0 0 0 0 0 0 0 0 0 0 0 0 0 0 
0 0 0 0 0 0 0 0 0 0 0 0 0 0 0 0 0 0 0 0 0 0 0 0 0 0 0 0 0 0 0 0 0 0 0 0 0 0 0 0 0 0 0.132962105062322 0.196661952148726 0.270980017932272 0.351350466229028 0.432590140412183 0.509890085097244 0.579503441380461 0.639021087279461 0.687288183098041 0.724096521486238 0.749793903980324 0.764916014773431 0.769901442873322 0.764916014773431 0.749793903980324 0.724096521486238 0.687288183098041 0.639021087279461 0.579503441380461 0.509890085097244 0.432590140412183 0.351350466229028 0.270980017932272 0.196661952148726 0.132962105062322 0 0 0 0 0 0 0 0 0 0 0 0 0 0 0 0 0 0 0 0 0 0 0 0 0 0 0 0 0 0 0 0 0 0 
0 0 0 0 0 0 0 0 0 0 0 0 0 0 0 0 0 0 0 0 0 0 0 0 0 0 0 0 0 0 0 0 0 0 0 0 0 0 0 0 0 0.114896663488234 0.178295347961765 0.255621144923586 0.34233792561265 0.432590140412183 0.520484800861251 0.601146567860472 0.671288506280403 0.7292808106982 0.774857596741818 0.808648748418409 0.831692565439143 0.845024190708666 0.849379965443433 0.845024190708666 0.831692565439143 0.808648748418409 0.774857596741818 0.7292808106982 0.671288506280403 0.601146567860472 0.520484800861251 0.432590140412183 0.34233792561265 0.255621144923586 0.178295347961765 0.114896663488234 0 0 0 0 0 0 0 0 0 0 0 0 0 0 0 0 0 0 0 0 0 0 0 0 0 0 0 0 0 0 0 0 0 
0 0 0 0 0 0 0 0 0 0 0 0 0 0 0 0 0 0 0 0 0 0 0 0 0.109894159073899 0.126657759766995 0.137607745602626 0.141410839199098 0.137607745602626 0.126657759766995 0.109894159073899 0 0 0 0 0 0 0 0 0 0 0.150453860515103 0.226596981963692 0.316058606295582 0.41278236981315 0.509890085097244 0.601146567860472 0.681967387303204 0.749793903980324 0.803924907075338 0.845024190708666 0.874525059483075 0.894084976620179 0.905164062264459 0.908742629852029 0.905164062264459 0.894084976620179 0.874525059483075 0.845024190708666 0.803924907075338 0.749793903980324 0.681967387303204 0.601146567860472 0.509890085097244 0.41278236981315 0.316058606295582 0.226596981963692 0.150453860515103 0 0 0 0 0 0 0 0 0 0 0 0 0 0 0 0 0 0 0 0 0 0 0 0 0 0 0 0 0 0 0 0 0 
0 0 0 0 0 0 0 0 0 0 0 0 0 0 0 0 0 0 0 0 0 0 0.133881670888812 0.170242197235133 0.203065827506707 0.229018910140102 0.245600250262948 0.251295137900506 0.245600250262948 0.229018910140102 0.203065827506707 0.170242197235133 0.133881670888812 0 0 0 0 0 0 0 0.117045882094697 0.187320781306818 0.274907029217262 0.374410927033409 0.478466215037724 0.579503441380461 0.671288506280403 0.749793903980324 0.813335512349839 0.862170020696252 0.897834419877782 0.92246333913879 0.938221700746449 0.946899464681021 0.949658443149579 0.946899464681021 0.938221700746449 0.92246333913879 0.897834419877782 0.862170020696252 0.813335512349839 0.749793903980324 0.671288506280403 0.579503441380461 0.478466215037724 0.374410927033409 0.274907029217262 0.187320781306818 0.117045882094697 0 0 0 0 0 0 0 0 0 0 0 0 0 0 0 0 0 0 0 0 0 0 0 0 0 0 0 0 0 0 0 0 
0 0 0 0 0 0 0 0 0 0 0 0 0 0 0 0 0 0 0 0 0.123158456316655 0.174683362763146 0.229018910140102 0.281016255888607 0.326029135000313 0.360485317728838 0.382017312399871 0.389329811870575 0.382017312399871 0.360485317728838 0.326029135000313 0.281016255888607 0.229018910140102 0.174683362763146 0.123158456316655 0 0 0 0 0 0.142760243146809 0.223128737274178 0.320357870715484 0.427601947804939 0.536470249431084 0.639021087279461 0.7292808106982 0.803924907075338 0.862170020696252 0.905164062264459 0.935197717999018 0.954972146605145 0.967036941305955 0.973417305012206 0.975397921274272 0.973417305012206 0.967036941305955 0.954972146605145 0.935197717999018 0.905164062264459 0.862170020696252 0.803924907075338 0.7292808106982 0.639021087279461 0.536470249431084 0.427601947804939 0.320357870715484 0.223128737274178 0.142760243146809 0 0 0 0 0 0 0 0 0 0 0 0 0 0 0 0 0 0 0 0 0 0 0 0 0 0 0 0 0 0 0 0 
0 0 0 0 0 0 0 0 0 0 0 0 0 0 0 0 0 0 0 0.137607745602626 0.203065827506707 0.274907029217262 0.346482195513557 0.411651674359674 0.465754762636727 0.50582991401344 0.53030972877502 0.538526918615456 0.53030972877502 0.50582991401344 0.465754762636727 0.411651674359674 0.346482195513557 0.274907029217262 0.203065827506707 0.137607745602626 0 0 0 0 0.166748048259259 0.255621144923586 0.360485317728838 0.473288441843528 0.584909984288916 0.687288183098041 0.774857596741818 0.845024190708666 0.897834419877782 0.935197717999018 0.960009439242539 0.975397921274272 0.984184154270883 0.988547805189069 0.989848833936131 0.988547805189069 0.984184154270883 0.975397921274272 0.960009439242539 0.935197717999018 0.897834419877782 0.845024190708666 0.774857596741818 0.687288183098041 0.584909984288916 0.473288441843528 0.360485317728838 0.255621144923586 0.166748048259259 0 0 0 0 0 0 0 0 0 0 0 0 0 0 0 0 0 0 0 0 0 0 0 0 0 0 0 0 0 0 0 0 
0 0 0 0 0 0 0 0 0 0 0 0 0 0 0 0 0 0 0.137607745602626 0.213194724557767 0.299831059865423 0.389329811870575 0.47368607554494 0.546768268297297 0.604895398733175 0.64649159935633 0.671288506280403 0.67950727926201 0.671288506280403 0.64649159935633 0.604895398733175 0.546768268297297 0.47368607554494 0.389329811870575 0.299831059865423 0.213194724557767 0.137607745602626 0 0 0.112777919212327 0.187320781306818 0.282864955257186 0.393379544174952 0.509890085097244 0.622803198030451 0.724096521486238 0.808648748418409 0.874525059483075 0.92246333913879 0.954972146605145 0.975397921274272 0.98716979479818 0.993287032356217 0.996022369116245 0.996776899590975 0.996022369116245 0.993287032356217 0.98716979479818 0.975397921274272 0.954972146605145 0.92246333913879 0.874525059483075 0.808648748418409 0.724096521486238 0.622803198030451 0.509890085097244 0.393379544174952 0.282864955257186 0.187320781306818 0.112777919212327 0 0 0 0 0 0 0 0 0 0 0 0 0 0 0 0 0 0 0 0 0 0 0 0 0 0 0 0 0 0 0 
0 0 0 0 0 0 0 0 0 0 0 0 0 0 0 0 0 0.123158456316655 0.203065827506707 0.299831059865423 0.404148601737547 0.50582991401344 0.59656524795472 0.671288506280403 0.728086302591349 0.767220556666722 0.789913279533464 0.797324795483783 0.789913279533464 0.767220556666722 0.728086302591349 0.671288506280403 0.59656524795472 0.50582991401344 0.404148601737547 0.299831059865423 0.203065827506707 0.123158456316655 0 0.123678609826136 0.203065827506706 0.303358786600548 0.417697558207423 0.536470249431084 0.64980792394711 0.749793903980324 0.831692565439143 0.894084976620179 0.938221700746449 0.967036941305955 0.984184154270883 0.993287032356217 0.997452490297822 0.99900410555794 0.999362513249446 0.99900410555794 0.997452490297822 0.993287032356217 0.984184154270883 0.967036941305955 0.938221700746449 0.894084976620179 0.831692565439143 0.749793903980324 0.64980792394711 0.536470249431084 0.417697558207423 0.303358786600548 0.203065827506706 0.123678609826136 0 0 0 0 0 0 0 0 0 0 0 0 0 0 0 0 0 0 0 0 0 0 0 0 0 0 0 0 0 0 0 
0 0 0 0 0 0 0 0 0 0 0 0 0 0 0 0 0 0.174683362763146 0.274907029217262 0.389329811870575 0.50582991401344 0.613226162087338 0.70397494289872 0.774857596741818 0.826112752157697 0.85990569573878 0.878849454791316 0.884922359668643 0.878849454791316 0.85990569573878 0.826112752157697 0.774857596741818 0.70397494289872 0.613226162087338 0.50582991401344 0.389329811870575 0.274907029217262 0.174683362763146 0 0.130593477825267 0.212937405501937 0.316058606295582 0.432590140412183 0.552550110523312 0.665932309635736 0.764916014773431 0.845024190708666 0.905164062264459 0.946899464681021 0.973417305012206 0.988547805189069 0.996022369116245 0.99900410555794 0.999840590199185 0.999960145167248 0.999840590199185 0.99900410555794 0.996022369116245 0.988547805189069 0.973417305012206 0.946899464681021 0.905164062264459 0.845024190708666 0.764916014773431 0.665932309635736 0.552550110523312 0.432590140412183 0.316058606295582 0.212937405501937 0.130593477825267 0 0 0 0 0 0 0 0 0 0 0 0 0 0 0 0 0 0 0 0 0 0 0 0 0 0 0 0 0 0 0 
0 0 0 0 0 0 0 0 0 0 0 0 0 0 0 0 0.133881670888812 0.229018910140102 0.346482195513557 0.47368607554494 0.59656524795472 0.70397494289872 0.789913279533464 0.853360229009251 0.896686686167781 0.923731418166495 0.938221700746449 0.942746337207875 0.938221700746449 0.923731418166495 0.896686686167781 0.853360229009251 0.789913279533464 0.70397494289872 0.59656524795472 0.47368607554494 0.346482195513557 0.229018910140102 0.133881670888812 0.132962105062322 0.216298957454005 0.320357870715484 0.437601639638911 0.557927510483319 0.671288506280403 0.769901442873322 0.849379965443433 0.908742629852029 0.949658443149579 0.975397921274272 0.989848833936131 0.996776899590975 0.999362513249446 0.999960145167248 1 0.999960145167248 0.999362513249446 0.996776899590975 0.989848833936131 0.975397921274272 0.949658443149579 0.908742629852029 0.849379965443433 0.769901442873322 0.671288506280403 0.557927510483319 0.437601639638911 0.320357870715484 0.216298957454005 0.132962105062322 0 0 0 0 0 0 0 0 0 0 0 0 0 0 0 0 0 0 0 0 0 0 0 0 0 0 0 0 0 0 0 
0 0 0 0 0 0 0 0 0 0 0 0 0 0 0 0 0.170242197235133 0.281016255888607 0.411651674359674 0.546768268297297 0.671288506280403 0.774857596741818 0.853360229009251 0.907921976358488 0.942746337207875 0.962969886707551 0.973106067271712 0.976140050695452 0.973106067271712 0.962969886707551 0.942746337207875 0.907921976358488 0.853360229009251 0.774857596741818 0.671288506280403 0.546768268297297 0.411651674359674 0.281016255888607 0.170242197235133 0.130593477825267 0.212937405501937 0.316058606295582 0.432590140412183 0.552550110523312 0.665932309635736 0.764916014773431 0.845024190708666 0.905164062264459 0.946899464681021 0.973417305012206 0.988547805189069 0.996022369116245 0.99900410555794 0.999840590199185 0.999960145167248 0.999840590199185 0.99900410555794 0.996022369116245 0.988547805189069 0.973417305012206 0.946899464681021 0.905164062264459 0.845024190708666 0.764916014773431 0.665932309635736 0.552550110523312 0.432590140412183 0.316058606295582 0.212937405501937 0.130593477825267 0 0 0 0 0 0 0 0 0 0 0 0 0 0 0 0 0 0 0 0 0 0 0 0 0 0 0 0 0 0 0 
0 0 0 0 0 0 0 0 0 0 0 0 0 0 0 0.109894159073899 0.203065827506707 0.326029135000313 0.465754762636727 0.604895398733175 0.728086302591349 0.826112752157697 0.896686686167781 0.942746337207875 0.969898510069849 0.984184154270883 0.990611069359524 0.992388157489868 0.990611069359524 0.984184154270883 0.969898510069849 0.942746337207875 0.896686686167781 0.826112752157697 0.728086302591349 0.604895398733175 0.465754762636727 0.326029135000313 0.203065827506707 0.123678609826136 0.203065827506706 0.303358786600548 0.417697558207423 0.536470249431084 0.64980792394711 0.749793903980324 0.831692565439143 0.894084976620179 0.938221700746449 0.967036941305955 0.984184154270883 0.993287032356217 0.997452490297822 0.99900410555794 0.999362513249446 0.99900410555794 0.997452490297822 0.993287032356217 0.984184154270883 0.967036941305955 0.938221700746449 0.894084976620179 0.831692565439143 0.749793903980324 0.64980792394711 0.536470249431084 0.417697558207423 0.303358786600548 0.203065827506706 0.123678609826136 0 0 0 0 0 0 0 0 0 0 0 0 0 0 0 0 0 0 0 0 0 0 0 0 0 0 0 0 0 0 0 
0 0 0 0 0 0 0 0 0 0 0 0 0 0 0 0.126657759766995 0.229018910140102 0.360485317728838 0.50582991401344 0.64649159935633 0.767220556666722 0.85990569573878 0.923731418166495 0.962969886707551 0.984184154270883 0.99398088581324 0.99764445753162 0.998491812940271 0.99764445753162 0.99398088581324 0.984184154270883 0.962969886707551 0.923731418166495 0.85990569573878 0.767220556666722 0.64649159935633 0.50582991401344 0.360485317728838 0.229018910140102 0.126657759766995 0.187320781306818 0.282864955257186 0.393379544174952 0.509890085097244 0.622803198030451 0.724096521486238 0.808648748418409 0.874525059483075 0.92246333913879 0.954972146605145 0.975397921274272 0.98716979479818 0.993287032356217 0.996022369116245 0.996776899590975 0.996022369116245 0.993287032356217 0.98716979479818 0.975397921274272 0.954972146605145 0.92246333913879 0.874525059483075 0.808648748418409 0.724096521486238 0.622803198030451 0.509890085097244 0.393379544174952 0.282864955257186 0.187320781306818 0.112777919212327 0 0 0 0 0 0 0 0 0 0 0 0 0 0 0 0 0 0 0 0 0 0 0 0 0 0 0 0 0 0 0 
0 0 0 0 0 0 0 0 0 0 0 0 0 0 0 0.137607745602626 0.245600250262948 0.382017312399871 0.53030972877502 0.671288506280403 0.789913279533464 0.878849454791316 0.938221700746449 0.973106067271712 0.990611069359524 0.99764445753162 0.999622739800869 0.999905671604287 0.999622739800869 0.99764445753162 0.990611069359524 0.973106067271712 0.938221700746449 0.878849454791316 0.789913279533464 0.671288506280403 0.53030972877502 0.382017312399871 0.245600250262948 0.187320781306818 0.203065827506706 0.255621144923586 0.360485317728838 0.473288441843528 0.584909984288916 0.687288183098041 0.774857596741818 0.845024190708666 0.897834419877782 0.935197717999018 0.960009439242539 0.975397921274272 0.984184154270883 0.988547805189069 0.989848833936131 0.988547805189069 0.984184154270883 0.975397921274272 0.960009439242539 0.935197717999018 0.897834419877782 0.845024190708666 0.774857596741818 0.687288183098041 0.584909984288916 0.473288441843528 0.360485317728838 0.255621144923586 0.166748048259259 0 0 0 0 0 0 0 0 0 0 0 0 0 0 0 0 0 0 0 0 0 0 0 0 0 0 0 0 0 0 0 0 
0 0 0 0 0 0 0 0 0 0 0 0 0 0 0 0.141410839199098 0.251295137900506 0.389329811870575 0.538526918615456 0.67950727926201 0.797324795483783 0.884922359668643 0.942746337207875 0.976140050695452 0.992388157489868 0.998491812940271 0.999905671604287 1 0.999905671604287 0.998491812940271 0.992388157489868 0.976140050695452 0.942746337207875 0.884922359668643 0.797324795483783 0.67950727926201 0.538526918615456 0.389329811870575 0.255621144923586 0.282864955257186 0.303358786600548 0.316058606295582 0.320357870715484 0.427601947804939 0.536470249431084 0.639021087279461 0.7292808106982 0.803924907075338 0.862170020696252 0.905164062264459 0.935197717999018 0.954972146605145 0.967036941305955 0.973417305012206 0.975397921274272 0.973417305012206 0.967036941305955 0.954972146605145 0.935197717999018 0.905164062264459 0.862170020696252 0.803924907075338 0.7292808106982 0.639021087279461 0.536470249431084 0.427601947804939 0.320357870715484 0.223128737274178 0.142760243146809 0 0 0 0 0 0 0 0 0 0 0 0 0 0 0 0 0 0 0 0 0 0 0 0 0 0 0 0 0 0 0 0 
0 0 0 0 0 0 0 0 0 0 0 0 0 0 0 0.137607745602626 0.245600250262948 0.382017312399871 0.53030972877502 0.671288506280403 0.789913279533464 0.878849454791316 0.938221700746449 0.973106067271712 0.990611069359524 0.99764445753162 0.999622739800869 0.999905671604287 0.999622739800869 0.99764445753162 0.990611069359524 0.973106067271712 0.938221700746449 0.878849454791316 0.789913279533464 0.671288506280403 0.53030972877502 0.382017312399871 0.360485317728838 0.393379544174952 0.417697558207423 0.432590140412183 0.437601639638911 0.432590140412183 0.478466215037724 0.579503441380461 0.671288506280403 0.749793903980324 0.813335512349839 0.862170020696252 0.897834419877782 0.92246333913879 0.938221700746449 0.946899464681021 0.949658443149579 0.946899464681021 0.938221700746449 0.92246333913879 0.897834419877782 0.862170020696252 0.813335512349839 0.749793903980324 0.671288506280403 0.579503441380461 0.478466215037724 0.374410927033409 0.274907029217262 0.187320781306818 0.117045882094697 0 0 0 0 0 0 0 0 0 0 0 0 0 0 0 0 0 0 0 0 0 0 0 0 0 0 0 0 0 0 0 0 
0 0 0 0 0 0 0 0 0 0 0 0 0 0 0 0.126657759766995 0.229018910140102 0.360485317728838 0.50582991401344 0.64649159935633 0.767220556666722 0.85990569573878 0.923731418166495 0.962969886707551 0.984184154270883 0.99398088581324 0.99764445753162 0.998491812940271 0.99764445753162 0.99398088581324 0.984184154270883 0.962969886707551 0.923731418166495 0.85990569573878 0.767220556666722 0.64649159935633 0.50582991401344 0.427601947804939 0.473288441843528 0.509890085097244 0.536470249431084 0.552550110523312 0.557927510483319 0.552550110523312 0.536470249431084 0.509890085097244 0.601146567860472 0.681967387303204 0.749793903980324 0.803924907075338 0.845024190708666 0.874525059483075 0.894084976620179 0.905164062264459 0.908742629852029 0.905164062264459 0.894084976620179 0.874525059483075 0.845024190708666 0.803924907075338 0.749793903980324 0.681967387303204 0.601146567860472 0.509890085097244 0.41278236981315 0.316058606295582 0.226596981963692 0.150453860515103 0 0 0 0 0 0 0 0 0 0 0 0 0 0 0 0 0 0 0 0 0 0 0 0 0 0 0 0 0 0 0 0 0 
0 0 0 0 0 0 0 0 0 0 0 0 0 0 0 0.109894159073899 0.203065827506707 0.326029135000313 0.465754762636727 0.604895398733175 0.728086302591349 0.826112752157697 0.896686686167781 0.942746337207875 0.969898510069849 0.984184154270883 0.990611069359524 0.992388157489868 0.990611069359524 0.984184154270883 0.969898510069849 0.942746337207875 0.896686686167781 0.826112752157697 0.728086302591349 0.604895398733175 0.478466215037724 0.536470249431084 0.584909984288916 0.622803198030451 0.64980792394711 0.665932309635736 0.671288506280403 0.665932309635736 0.64980792394711 0.622803198030451 0.584909984288916 0.601146567860472 0.671288506280403 0.7292808106982 0.774857596741818 0.808648748418409 0.831692565439143 0.845024190708666 0.849379965443433 0.845024190708666 0.831692565439143 0.808648748418409 0.774857596741818 0.7292808106982 0.671288506280403 0.601146567860472 0.520484800861251 0.432590140412183 0.34233792561265 0.255621144923586 0.178295347961765 0.114896663488234 0 0 0 0 0 0 0 0 0 0 0 0 0 0 0 0 0 0 0 0 0 0 0 0 0 0 0 0 0 0 0 0 0 
0 0 0 0 0 0 0 0 0 0 0 0 0 0 0 0 0.170242197235133 0.281016255888607 0.411651674359674 0.546768268297297 0.671288506280403 0.774857596741818 0.853360229009251 0.907921976358488 0.942746337207875 0.962969886707551 0.973106067271712 0.976140050695452 0.973106067271712 0.962969886707551 0.942746337207875 0.907921976358488 0.853360229009251 0.774857596741818 0.671288506280403 0.546768268297297 0.579503441380461 0.639021087279461 0.687288183098041 0.724096521486238 0.749793903980324 0.764916014773431 0.769901442873322 0.764916014773431 0.749793903980324 0.724096521486238 0.687288183098041 0.639021087279461 0.579503441380461 0.639021087279461 0.687288183098041 0.724096521486238 0.749793903980324 0.764916014773431 0.769901442873322 0.764916014773431 0.749793903980324 0.724096521486238 0.687288183098041 0.639021087279461 0.579503441380461 0.509890085097244 0.432590140412183 0.351350466229028 0.270980017932272 0.196661952148726 0.132962105062322 0 0 0 0 0 0 0 0 0 0 0 0 0 0 0 0 0 0 0 0 0 0 0 0 0 0 0 0 0 0 0 0 0 0 
0 0 0 0 0 0 0 0 0 0 0 0 0 0 0 0 0.133881670888812 0.229018910140102 0.346482195513557 0.47368607554494 0.59656524795472 0.70397494289872 0.789913279533464 0.853360229009251 0.896686686167781 0.923731418166495 0.938221700746449 0.942746337207875 0.938221700746449 0.923731418166495 0.896686686167781 0.853360229009251 0.789913279533464 0.70397494289872 0.59656524795472 0.601146567860472 0.671288506280403 0.7292808106982 0.774857596741818 0.808648748418409 0.831692565439143 0.845024190708666 0.849379965443433 0.845024190708666 0.831692565439143 0.808648748418409 0.774857596741818 0.7292808106982 0.671288506280403 0.601146567860472 0.584909984288916 0.622803198030451 0.64980792394711 0.665932309635736 0.671288506280403 0.665932309635736 0.64980792394711 0.622803198030451 0.584909984288916 0.536470249431084 0.478466215037724 0.41278236981315 0.34233792561265 0.270980017932272 0.203065827506706 0.142760243146809 0 0 0 0 0 0 0 0 0 0 0 0 0 0 0 0 0 0 0 0 0 0 0 0 0 0 0 0 0 0 0 0 0 0 0 
0 0 0 0 0 0 0 0 0 0 0 0 0 0 0 0 0 0.174683362763146 0.274907029217262 0.389329811870575 0.50582991401344 0.613226162087338 0.70397494289872 0.774857596741818 0.826112752157697 0.85990569573878 0.878849454791316 0.884922359668643 0.878849454791316 0.85990569573878 0.826112752157697 0.774857596741818 0.70397494289872 0.613226162087338 0.601146567860472 0.681967387303204 0.749793903980324 0.803924907075338 0.845024190708666 0.874525059483075 0.894084976620179 0.905164062264459 0.908742629852029 0.905164062264459 0.894084976620179 0.874525059483075 0.845024190708666 0.803924907075338 0.749793903980324 0.681967387303204 0.601146567860472 0.509890085097244 0.536470249431084 0.552550110523312 0.557927510483319 0.552550110523312 0.536470249431084 0.509890085097244 0.473288441843528 0.427601947804939 0.374410927033409 0.316058606295582 0.255621144923586 0.196661952148726 0.142760243146809 0 0 0 0 0 0 0 0 0 0 0 0 0 0 0 0 0 0 0 0 0 0 0 0 0 0 0 0 0 0 0 0 0 0 0 0 
0 0 0 0 0 0 0 0 0 0 0 0 0 0 0 0 0 0.123158456316655 0.203065827506707 0.299831059865423 0.404148601737547 0.50582991401344 0.59656524795472 0.671288506280403 0.728086302591349 0.767220556666722 0.789913279533464 0.797324795483783 0.789913279533464 0.767220556666722 0.728086302591349 0.671288506280403 0.59656524795472 0.579503441380461 0.671288506280403 0.749793903980324 0.813335512349839 0.862170020696252 0.897834419877782 0.92246333913879 0.938221700746449 0.946899464681021 0.949658443149579 0.946899464681021 0.938221700746449 0.92246333913879 0.897834419877782 0.862170020696252 0.813335512349839 0.749793903980324 0.671288506280403 0.579503441380461 0.478466215037724 0.432590140412183 0.437601639638911 0.432590140412183 0.417697558207423 0.393379544174952 0.360485317728838 0.320357870715484 0.274907029217262 0.226596981963692 0.178295347961765 0.132962105062322 0 0 0 0 0 0 0 0 0 0 0 0 0 0 0 0 0 0 0 0 0 0 0 0 0 0 0 0 0 0 0 0 0 0 0 0 0 
0 0 0 0 0 0 0 0 0 0 0 0 0 0 0 0 0 0 0.137607745602626 0.213194724557767 0.299831059865423 0.389329811870575 0.47368607554494 0.546768268297297 0.604895398733175 0.64649159935633 0.671288506280403 0.67950727926201 0.671288506280403 0.64649159935633 0.604895398733175 0.546768268297297 0.536470249431084 0.639021087279461 0.7292808106982 0.803924907075338 0.862170020696252 0.905164062264459 0.935197717999018 0.954972146605145 0.967036941305955 0.973417305012206 0.975397921274272 0.973417305012206 0.967036941305955 0.954972146605145 0.935197717999018 0.905164062264459 0.862170020696252 0.803924907075338 0.7292808106982 0.639021087279461 0.536470249431084 0.427601947804939 0.320357870715484 0.316058606295582 0.303358786600548 0.282864955257186 0.255621144923586 0.223128737274178 0.187320781306818 0.150453860515103 0.114896663488234 0 0 0 0 0 0 0 0 0 0 0 0 0 0 0 0 0 0 0 0 0 0 0 0 0 0 0 0 0 0 0 0 0 0 0 0 0 0 
