0 0 0.145291625545559 0.200137435111711 0.260794126686741 0.323899709456893 0.385997783181343 0.444012776255668 0.49553474554234 0.53890102197955 0.573119383221029 0.597701027205496 0.61246887734647 0.61739078876591 0.61246887734647 0.597701027205496 0.573119383221029 0.53890102197955 0.49553474554234 0.444012776255668 0.385997783181343 0.323899709456893 0.260794126686741 0.200137435111711 0.145291625545559 0 0 0 0 0 0 0 0 0 0 0 0 0 0 0 0 0 0 0 0 0 0 0 0 0 0 0 0 0 0 0 0 0 0 0 0 0 0 0 0 0 0 0 0 0 0 0 0 0 0 0 0 0 0 0 0 0 0 0 0 0 0 0 0 0 0 0 0 0 0 0 0 0 0 0 0 
0 0.14071360824222 0.200137435111711 0.267792892163054 0.339901525219179 0.41233678300777 0.481298120038558 0.543768791739287 0.597701027205496 0.641965366627627 0.676148379535333 0.700288286247301 0.714618823529223 0.719365757953774 0.714618823529223 0.700288286247301 0.676148379535333 0.641965366627627 0.597701027205496 0.543768791739287 0.481298120038558 0.41233678300777 0.339901525219179 0.267792892163054 0.200137435111711 0.14071360824222 0 0 0 0 0 0 0 0 0 0 0 0 0 0 0 0 0 0 0 0 0 0 0 0 0 0 0 0 0 0 0 0 0 0 0 0 0 0 0 0 0 0 0 0 0 0 0 0 0 0 0 0 0 0 0 0 0 0 0 0 0 0 0 0 0 0 0 0 0 0 0 0 0 0 0 
0.127625074567755 0.188715758588373 0.260794126686741 0.339901525219179 0.421287869073183 0.50030733875292 0.573119383221029 0.637057346605781 0.690667073107562 0.733506607754106 0.765824589418694 0.78821773554638 0.801332984536098 0.805646896522099 0.801332984536098 0.78821773554638 0.765824589418694 0.733506607754106 0.690667073107562 0.637057346605781 0.573119383221029 0.50030733875292 0.421287869073183 0.339901525219179 0.260794126686741 0.188715758588373 0.127625074567755 0 0 0 0 0 0 0 0 0 0 0 0 0 0 0 0 0 0 0 0 0 0 0 0 0 0 0 0 0 0 0 0 0 0 0 0 0 0 0 0 0 0 0 0 0 0 0 0 0 0 0 0 0 0 0 0 0 0 0 0 0 0 0 0 0 0 0 0 0 0 0 0 0 0 
0.16726095023291 0.240495773138733 0.323899709456893 0.41233678300777 0.50030733875292 0.582943533497212 0.656657865055335 0.719365757953774 0.77035322674266 0.809930674491263 0.839012686735215 0.858723938218869 0.870084183760165 0.873789098860756 0.870084183760165 0.858723938218869 0.839012686735215 0.809930674491263 0.77035322674266 0.719365757953774 0.656657865055335 0.582943533497212 0.50030733875292 0.41233678300777 0.323899709456893 0.240495773138733 0.16726095023291 0.107889799785105 0 0 0 0 0 0 0 0 0 0 0 0 0 0 0 0 0 0 0 0 0 0 0 0 0 0 0 0 0 0 0 0 0 0 0 0 0 0 0 0 0 0 0 0 0 0 0 0 0 0 0 0 0 0 0 0 0 0 0 0 0 0 0 0 0 0 0 0 0 0 0 0 0 
0.20901047206807 0.293192033935213 0.385997783181343 0.481298120038558 0.573119383221029 0.656657865055335 0.728810382455437 0.78821773554638 0.83496003632003 0.870084183760165 0.895113072496308 0.911627018092959 0.920952943626155 0.923960994667726 0.920952943626155 0.911627018092959 0.895113072496308 0.870084183760165 0.83496003632003 0.78821773554638 0.728810382455437 0.656657865055335 0.573119383221029 0.481298120038558 0.385997783181343 0.293192033935213 0.20901047206807 0.138465297424312 0 0 0 0 0 0 0 0 0 0 0 0 0 0 0 0 0 0 0 0 0 0 0 0 0 0 0 0 0 0 0 0 0 0 0 0 0 0 0 0 0 0 0 0 0 0 0 0 0 0 0 0 0 0 0 0 0 0 0 0 0 0 0 0 0 0 0 0 0 0 0 0 0 
0.250513637100862 0.343967355123744 0.444012776255668 0.543768791739287 0.637057346605781 0.719365757953774 0.78821773554638 0.843029469383269 0.884649031163408 0.914785380723097 0.935475303610106 0.94866299864829 0.955908717770914 0.95820997833741 0.955908717770914 0.94866299864829 0.935475303610106 0.914785380723097 0.884649031163408 0.843029469383269 0.78821773554638 0.719365757953774 0.637057346605781 0.543768791739287 0.444012776255668 0.343967355123744 0.250513637100862 0.169842508614146 0.106054101695078 0 0 0 0 0 0 0 0 0 0 0 0 0 0 0 0 0 0 0 0 0 0 0 0 0 0 0 0 0 0 0 0 0 0 0 0 0 0 0 0 0 0 0 0 0 0 0 0 0 0 0 0 0 0 0 0 0 0 0 0 0 0 0 0 0 0 0 0 0 0 0 0 
0.28947837235437 0.390332050983359 0.49553474554234 0.597701027205496 0.690667073107562 0.77035322674266 0.83496003632003 0.884649031163408 0.920952943626155 0.946135319002855 0.962638866731512 0.972678855123866 0.977979618199273 0.979623872870433 0.977979618199273 0.972678855123866 0.962638866731512 0.946135319002855 0.920952943626155 0.884649031163408 0.83496003632003 0.77035322674266 0.690667073107562 0.597701027205496 0.49553474554234 0.390332050983359 0.28947837235437 0.200137435111711 0.127625074567755 0 0 0 0 0 0 0 0 0 0 0 0 0 0 0 0 0 0 0 0 0 0 0 0 0 0 0 0 0 0 0 0 0 0 0 0 0 0 0 0 0 0 0 0 0 0 0 0 0 0 0 0 0 0 0 0 0 0 0 0 0 0 0 0 0 0 0 0 0 0 0 0 
0.323899709456893 0.430319859247568 0.53890102197955 0.641965366627627 0.733506607754106 0.809930674491263 0.870084183760165 0.914785380723097 0.946135319002855 0.96683342346147 0.979623872870433 0.986911001951008 0.990525927981989 0.991603186948076 0.990525927981989 0.986911001951008 0.979623872870433 0.96683342346147 0.946135319002855 0.914785380723097 0.870084183760165 0.809930674491263 0.733506607754106 0.641965366627627 0.53890102197955 0.430319859247568 0.323899709456893 0.227549040045965 0.147621600389167 0 0 0 0 0 0 0 0 0 0 0 0 0 0 0 0 0 0 0 0 0 0 0 0 0 0 0 0 0 0 0 0 0 0 0 0 0 0 0 0 0 0 0 0 0 0 0 0 0 0 0 0 0 0 0 0 0 0 0 0 0 0 0 0 0 0 0 0 0 0 0 0 
0.352175892647493 0.462523386179432 0.573119383221029 0.676148379535333 0.765824589418694 0.839012686735215 0.895113072496308 0.935475303610106 0.962638866731512 0.979623872870433 0.989384659420925 0.994448852514752 0.996711565314985 0.997335534695633 0.996711565314985 0.994448852514752 0.989384659420925 0.979623872870433 0.962638866731512 0.935475303610106 0.895113072496308 0.839012686735215 0.765824589418694 0.676148379535333 0.573119383221029 0.462523386179432 0.352175892647493 0.250513637100862 0.16470777999003 0 0 0 0 0 0 0 0 0 0 0 0 0 0 0 0 0 0 0 0 0 0 0 0 0 0 0 0 0 0 0 0 0 0 0 0 0 0 0 0 0 0 0 0 0 0 0 0 0 0 0 0 0 0 0 0 0 0 0 0 0 0 0 0 0 0 0 0 0 0 0 0 
0.3731341006485 0.486029642625596 0.597701027205496 0.700288286247301 0.78821773554638 0.858723938218869 0.911627018092959 0.94866299864829 0.972678855123866 0.986911001951008 0.994448852514752 0.9978941541908 0.999176875585624 0.999473122293766 0.999176875585624 0.9978941541908 0.994448852514752 0.986911001951008 0.972678855123866 0.94866299864829 0.911627018092959 0.858723938218869 0.78821773554638 0.700288286247301 0.597701027205496 0.486029642625596 0.3731341006485 0.267792892163054 0.177758445553988 0.107889799785105 0 0 0 0 0 0 0 0 0 0 0 0 0 0 0 0 0 0 0 0 0 0 0 0 0 0 0 0 0 0 0 0 0 0 0 0 0 0 0 0 0 0 0 0 0 0 0 0 0 0 0 0 0 0 0 0 0 0 0 0 0 0 0 0 0 0 0 0 0 0 0 
0.385997783181343 0.50030733875292 0.61246887734647 0.714618823529223 0.801332984536098 0.870084183760165 0.920952943626155 0.955908717770914 0.977979618199273 0.990525927981989 0.996711565314985 0.999176875585624 0.999868254540429 0.999967062007776 0.999868254540429 0.999176875585624 0.996711565314985 0.990525927981989 0.977979618199273 0.955908717770914 0.920952943626155 0.870084183760165 0.801332984536098 0.714618823529223 0.61246887734647 0.50030733875292 0.385997783181343 0.278507137146449 0.185933053419941 0.113544860001355 0 0 0 0 0 0 0 0 0 0 0 0 0 0 0 0 0 0 0 0 0 0 0 0 0 0 0 0 0 0 0 0 0 0 0 0 0 0 0 0 0 0 0 0 0 0 0 0 0 0 0 0 0 0 0 0 0 0 0 0 0 0 0 0 0 0 0 0 0 0 0 
0.390332050983359 0.505092622635536 0.61739078876591 0.719365757953774 0.805646896522099 0.873789098860756 0.923960994667726 0.95820997833741 0.979623872870433 0.991603186948076 0.997335534695633 0.999473122293766 0.999967062007776 1 0.999967062007776 0.999473122293766 0.997335534695633 0.991603186948076 0.979623872870433 0.95820997833741 0.923960994667726 0.873789098860756 0.805646896522099 0.719365757953774 0.61739078876591 0.505092622635536 0.390332050983359 0.282135804220942 0.188715758588373 0.115479782278664 0 0 0 0 0 0 0 0 0 0 0 0 0 0 0 0 0 0 0 0 0 0 0 0 0 0 0 0 0 0 0 0 0 0 0 0 0 0 0 0 0 0 0 0 0 0 0 0 0 0 0 0 0 0 0 0 0 0 0 0 0 0 0 0 0 0 0 0 0 0 0 
0.385997783181343 0.50030733875292 0.61246887734647 0.714618823529223 0.801332984536098 0.870084183760165 0.920952943626155 0.955908717770914 0.977979618199273 0.990525927981989 0.996711565314985 0.999176875585624 0.999868254540429 0.999967062007776 0.999868254540429 0.999176875585624 0.996711565314985 0.990525927981989 0.977979618199273 0.955908717770914 0.920952943626155 0.870084183760165 0.801332984536098 0.714618823529223 0.61246887734647 0.50030733875292 0.385997783181343 0.278507137146449 0.185933053419941 0.113544860001355 0 0 0 0 0 0 0 0 0 0 0 0 0 0 0 0 0 0 0 0 0 0 0 0 0 0 0 0 0 0 0 0 0 0 0 0 0 0 0 0 0 0 0 0 0 0 0 0 0 0 0 0 0 0 0 0 0 0 0 0 0 0 0 0 0 0 0 0 0 0 0 
0.3731341006485 0.486029642625596 0.597701027205496 0.700288286247301 0.78821773554638 0.858723938218869 0.911627018092959 0.94866299864829 0.972678855123866 0.986911001951008 0.994448852514752 0.9978941541908 0.999176875585624 0.999473122293766 0.999176875585624 0.9978941541908 0.994448852514752 0.986911001951008 0.972678855123866 0.94866299864829 0.911627018092959 0.858723938218869 0.78821773554638 0.700288286247301 0.597701027205496 0.486029642625596 0.3731341006485 0.267792892163054 0.177758445553988 0.107889799785105 0 0 0 0 0 0 0 0 0 0 0 0 0 0 0 0 0 0 0 0 0 0 0 0 0 0 0 0 0 0 0 0 0 0 0 0 0 0 0 0 0 0 0 0 0 0 0 0 0 0 0 0 0 0 0 0 0 0 0 0 0 0 0 0 0 0 0 0 0 0 0 
0.352175892647493 0.462523386179432 0.573119383221029 0.676148379535333 0.765824589418694 0.839012686735215 0.895113072496308 0.935475303610106 0.962638866731512 0.979623872870433 0.989384659420925 0.994448852514752 0.996711565314985 0.997335534695633 0.996711565314985 0.994448852514752 0.989384659420925 0.979623872870433 0.962638866731512 0.935475303610106 0.895113072496308 0.839012686735215 0.765824589418694 0.676148379535333 0.573119383221029 0.462523386179432 0.352175892647493 0.250513637100862 0.16470777999003 0 0 0 0 0 0 0 0 0 0 0 0 0 0 0 0 0 0 0 0 0 0 0 0 0 0 0 0 0 0 0 0 0 0 0 0 0 0 0 0 0 0 0 0 0 0 0 0 0 0 0 0 0 0 0 0 0 0 0 0 0 0 0 0 0 0 0 0 0 0 0 0 
0.323899709456893 0.430319859247568 0.53890102197955 0.641965366627627 0.733506607754106 0.809930674491263 0.870084183760165 0.914785380723097 0.946135319002855 0.96683342346147 0.979623872870433 0.986911001951008 0.990525927981989 0.991603186948076 0.990525927981989 0.986911001951008 0.979623872870433 0.96683342346147 0.946135319002855 0.914785380723097 0.870084183760165 0.809930674491263 0.733506607754106 0.641965366627627 0.53890102197955 0.430319859247568 0.323899709456893 0.227549040045965 0.147621600389167 0 0 0 0 0 0 0 0 0 0 0 0 0 0 0 0 0 0 0 0 0 0 0 0 0 0 0 0 0 0 0 0 0 0 0 0 0 0 0 0 0 0 0 0 0 0 0 0 0 0 0 0 0 0 0 0 0 0 0 0 0 0 0 0 0 0 0 0 0 0 0 0 
0.28947837235437 0.390332050983359 0.49553474554234 0.597701027205496 0.690667073107562 0.77035322674266 0.83496003632003 0.884649031163408 0.920952943626155 0.946135319002855 0.962638866731512 0.972678855123866 0.977979618199273 0.979623872870433 0.977979618199273 0.972678855123866 0.962638866731512 0.946135319002855 0.920952943626155 0.884649031163408 0.83496003632003 0.77035322674266 0.690667073107562 0.597701027205496 0.49553474554234 0.390332050983359 0.28947837235437 0.200137435111711 0.127625074567755 0 0 0 0 0 0 0 0 0 0 0 0 0 0 0 0 0 0 0 0 0 0 0 0 0 0 0 0 0 0 0 0 0 0 0 0 0 0 0 0 0 0 0 0 0 0 0 0 0 0 0 0 0 0 0 0 0 0 0 0 0 0 0 0 0 0 0 0 0 0 0 0 
0.250513637100862 0.343967355123744 0.444012776255668 0.543768791739287 0.637057346605781 0.719365757953774 0.78821773554638 0.843029469383269 0.884649031163408 0.914785380723097 0.935475303610106 0.94866299864829 0.955908717770914 0.95820997833741 0.955908717770914 0.94866299864829 0.935475303610106 0.914785380723097 0.884649031163408 0.843029469383269 0.78821773554638 0.719365757953774 0.637057346605781 0.543768791739287 0.444012776255668 0.343967355123744 0.250513637100862 0.169842508614146 0.106054101695078 0 0 0 0 0 0 0 0 0 0 0 0 0 0 0 0 0 0 0 0 0 0 0 0 0 0 0 0 0 0 0 0 0 0 0 0 0 0 0 0 0 0 0 0 0 0 0 0 0 0 0 0 0 0 0 0 0 0 0 0 0 0 0 0 0 0 0 0 0 0 0 0 
0.20901047206807 0.293192033935213 0.385997783181343 0.481298120038558 0.573119383221029 0.656657865055335 0.728810382455437 0.78821773554638 0.83496003632003 0.870084183760165 0.895113072496308 0.911627018092959 0.920952943626155 0.923960994667726 0.920952943626155 0.911627018092959 0.895113072496308 0.870084183760165 0.83496003632003 0.78821773554638 0.728810382455437 0.656657865055335 0.573119383221029 0.481298120038558 0.385997783181343 0.293192033935213 0.20901047206807 0.138465297424312 0 0 0 0 0 0 0 0 0 0 0 0 0 0 0 0 0 0 0 0 0 0 0 0 0 0 0 0 0 0 0 0 0 0 0 0 0 0 0 0 0 0 0 0 0 0 0 0 0 0 0 0 0 0 0 0 0 0 0 0 0 0 0 0 0 0 0 0 0 0 0 0 0 
0.16726095023291 0.240495773138733 0.323899709456893 0.41233678300777 0.50030733875292 0.582943533497212 0.656657865055335 0.719365757953774 0.77035322674266 0.809930674491263 0.839012686735215 0.858723938218869 0.870084183760165 0.873789098860756 0.870084183760165 0.858723938218869 0.839012686735215 0.809930674491263 0.77035322674266 0.719365757953774 0.656657865055335 0.582943533497212 0.50030733875292 0.41233678300777 0.323899709456893 0.240495773138733 0.16726095023291 0.107889799785105 0 0 0 0 0 0 0 0 0 0 0 0 0 0 0 0 0 0 0 0 0 0 0 0 0 0 0 0 0 0 0 0 0 0 0 0 0 0 0 0 0 0 0 0 0 0 0 0 0 0 0 0 0 0 0 0 0 0 0 0 0 0 0 0 0 0 0 0 0 0 0 0 0 
0.127625074567755 0.188715758588373 0.260794126686741 0.339901525219179 0.421287869073183 0.50030733875292 0.573119383221029 0.637057346605781 0.690667073107562 0.733506607754106 0.765824589418694 0.78821773554638 0.801332984536098 0.805646896522099 0.801332984536098 0.78821773554638 0.765824589418694 0.733506607754106 0.690667073107562 0.637057346605781 0.573119383221029 0.50030733875292 0.421287869073183 0.339901525219179 0.260794126686741 0.188715758588373 0.127625074567755 0 0 0.100692484575402 0 0 0 0 0 0 0 0 0 0 0 0 0 0 0 0 0 0 0 0 0 0 0 0 0 0 0 0 0 0 0 0 0 0 0 0 0 0 0 0 0 0 0 0 0 0 0 0 0 0 0 0 0 0 0 0 0 0 0 0 0 0 0 0 0 0 0 0 0 0 0 
0 0.14071360824222 0.200137435111711 0.267792892163054 0.339901525219179 0.41233678300777 0.481298120038558 0.543768791739287 0.597701027205496 0.641965366627627 0.676148379535333 0.700288286247301 0.714618823529223 0.719365757953774 0.714618823529223 0.700288286247301 0.676148379535333 0.641965366627627 0.597701027205496 0.543768791739287 0.481298120038558 0.41233678300777 0.339901525219179 0.267792892163054 0.200137435111711 0.14071360824222 0.153969574170007 0.177311905213896 0.192471198362885 0.197719443104673 0.192471198362885 0.177311905213896 0.153969574170007 0.125190663414 0 0 0 0 0 0 0 0 0 0 0 0 0 0 0 0 0 0 0 0 0 0 0 0 0 0 0 0 0 0 0 0 0 0 0 0 0 0 0 0 0 0 0 0 0 0 0 0 0 0 0 0 0 0 0 0 0 0 0 0 0 0 0 0 0 0 0 
0 0 0.145291625545559 0.200137435111711 0.260794126686741 0.323899709456893 0.385997783181343 0.444012776255668 0.49553474554234 0.53890102197955 0.573119383221029 0.597701027205496 0.61246887734647 0.61739078876591 0.61246887734647 0.597701027205496 0.573119383221029 0.53890102197955 0.49553474554234 0.444012776255668 0.385997783181343 0.323899709456893 0.260794126686741 0.200137435111711 0.177311905213896 0.225436948126087 0.268381339755955 0.301966205404137 0.323242173213885 0.330515821523994 0.323242173213885 0.301966205404137 0.268381339755955 0.225436948126087 0.177311905213896 0.129032167400704 0 0 0 0 0 0 0 0 0 0 0 0 0 0 0 0 0 0 0 0 0 0 0 0 0 0 0 0 0 0 0 0 0 0 0 0 0 0 0 0 0 0 0 0 0 0 0 0 0 0 0 0 0 0 0 0 0 0 0 0 0 0 0 0 0 
0 0 0 0.14071360824222 0.188715758588373 0.240495773138733 0.293192033935213 0.343967355123744 0.390332050983359 0.430319859247568 0.462523386179432 0.486029642625596 0.50030733875292 0.505092622635536 0.50030733875292 0.486029642625596 0.462523386179432 0.430319859247568 0.390332050983359 0.343967355123744 0.293192033935213 0.240495773138733 0.188715758588373 0.21969606384552 0.288246747940293 0.352864518829096 0.407892505183624 0.449382755873488 0.475012317422744 0.4836620781975 0.475012317422744 0.449382755873488 0.407892505183624 0.352864518829096 0.288246747940293 0.21969606384552 0.153969574170007 0 0 0 0 0 0 0 0 0 0 0 0 0 0 0 0 0 0 0 0 0 0 0 0 0 0 0 0 0 0 0 0 0 0 0 0 0 0 0 0 0 0 0 0 0 0 0 0 0 0 0 0 0 0 0 0 0 0 0 0 0 0 0 0 
0 0 0 0 0.127625074567755 0.16726095023291 0.20901047206807 0.250513637100862 0.28947837235437 0.323899709456893 0.352175892647493 0.3731341006485 0.385997783181343 0.390332050983359 0.385997783181343 0.3731341006485 0.352175892647493 0.323899709456893 0.28947837235437 0.250513637100862 0.20901047206807 0.16726095023291 0.243252094649978 0.330515821523994 0.416056378124638 0.492360316662318 0.554341703344906 0.599341703750742 0.62641006488962 0.635420390446752 0.62641006488962 0.599341703750742 0.554341703344906 0.492360316662318 0.416056378124638 0.330515821523994 0.243252094649978 0.163021388703181 0 0 0 0 0 0 0 0 0 0 0 0 0 0 0 0 0 0 0 0 0 0 0 0 0 0 0 0 0 0 0 0 0 0 0 0 0 0 0 0 0 0 0 0 0 0 0 0 0 0 0 0 0 0 0 0 0 0 0 0 0 0 0 
0 0 0 0 0 0.107889799785105 0.138465297424312 0.169842508614146 0.200137435111711 0.227549040045965 0.250513637100862 0.267792892163054 0.278507137146449 0.282135804220942 0.278507137146449 0.267792892163054 0.250513637100862 0.227549040045965 0.200137435111711 0.169842508614146 0.153969574170007 0.243252094649978 0.345328355440562 0.449382755873488 0.545393148849829 0.62641006488962 0.689058785152317 0.732725159387735 0.758224936516815 0.766581016240933 0.758224936516815 0.732725159387735 0.689058785152317 0.62641006488962 0.545393148849829 0.449382755873488 0.345328355440562 0.243252094649978 0.153969574170007 0 0 0 0 0 0 0 0 0 0 0 0 0 0 0 0 0 0 0 0 0 0 0 0 0 0 0 0 0 0 0 0 0 0 0 0 0 0 0 0 0 0 0 0 0 0 0 0 0 0 0 0 0 0 0 0 0 0 0 0 0 0 
0 0 0 0 0 0 0 0.106054101695078 0.127625074567755 0.147621600389167 0.16470777999003 0.177758445553988 0.185933053419941 0.188715758588373 0.185933053419941 0.177758445553988 0.16470777999003 0.147621600389167 0.127625074567755 0.129032167400704 0.21969606384552 0.330515821523994 0.449382755873488 0.563312339004762 0.662355943303985 0.741292464496538 0.799164955770888 0.837665753786066 0.859364520450072 0.866337904026611 0.859364520450072 0.837665753786066 0.799164955770888 0.741292464496538 0.662355943303985 0.563312339004762 0.449382755873488 0.330515821523994 0.21969606384552 0.129032167400704 0 0 0 0 0 0 0 0 0 0 0 0 0 0 0 0 0 0 0 0 0 0 0 0 0 0 0 0 0 0 0 0 0 0 0 0 0 0 0 0 0 0 0 0 0 0 0 0 0 0 0 0 0 0 0 0 0 0 0 0 0 
0 0 0 0 0 0 0 0 0 0 0 0.107889799785105 0.113544860001355 0.115479782278664 0.113544860001355 0.107889799785105 0 0 0 0.177311905213896 0.288246747940293 0.416056378124638 0.545393148849829 0.662355943303985 0.758224936516815 0.830187553233752 0.879870231467196 0.911095850168918 0.927891927274027 0.93314582184722 0.927891927274027 0.911095850168918 0.879870231467196 0.830187553233752 0.758224936516815 0.662355943303985 0.545393148849829 0.416056378124638 0.288246747940293 0.177311905213896 0 0 0 0 0 0 0 0 0 0 0 0 0 0 0 0 0 0 0 0 0 0 0 0 0 0 0 0 0 0 0 0 0 0 0 0 0 0 0 0 0 0 0 0 0 0 0 0 0 0 0 0 0 0 0 0 0 0 0 0 0 
0 0 0 0 0 0 0 0 0 0 0 0 0 0 0 0 0 0 0.125190663414 0.225436948126087 0.352864518829096 0.492360316662318 0.62641006488962 0.741292464496538 0.830187553233752 0.892822829742286 0.93314582184722 0.956682192461664 0.968511219632588 0.972056081486504 0.968511219632588 0.956682192461664 0.93314582184722 0.892822829742286 0.830187553233752 0.741292464496538 0.62641006488962 0.492360316662318 0.352864518829096 0.225436948126087 0.125190663414 0 0 0 0 0 0 0 0 0 0 0 0 0 0 0 0 0 0 0 0 0 0 0 0 0 0 0 0 0 0 0 0 0 0 0 0 0 0 0 0 0 0 0 0 0 0 0 0 0 0 0 0 0 0 0 0 0 0 0 0 
0 0 0 0 0 0 0 0 0 0 0 0 0 0 0 0 0 0 0.153969574170007 0.268381339755955 0.407892505183624 0.554341703344906 0.689058785152317 0.799164955770888 0.879870231467196 0.93314582184722 0.964765642858517 0.981463942905692 0.98899005057738 0.991072572182266 0.98899005057738 0.981463942905692 0.964765642858517 0.93314582184722 0.879870231467196 0.799164955770888 0.689058785152317 0.554341703344906 0.407892505183624 0.268381339755955 0.153969574170007 0 0 0 0 0 0 0 0 0 0 0 0 0 0 0 0 0 0 0 0 0 0 0 0 0 0 0 0 0 0 0 0 0 0 0 0 0 0 0 0 0 0 0 0 0 0 0 0 0 0 0 0 0 0 0 0 0 0 0 0 
0 0 0 0 0 0 0 0 0 0 0 0 0 0 0 0 0 0 0.177311905213896 0.301966205404137 0.449382755873488 0.599341703750742 0.732725159387735 0.837665753786066 0.911095850168918 0.956682192461664 0.981463942905692 0.992939597787242 0.997236074820564 0.998230206735349 0.997236074820564 0.992939597787242 0.981463942905692 0.956682192461664 0.911095850168918 0.837665753786066 0.732725159387735 0.599341703750742 0.449382755873488 0.301966205404137 0.177311905213896 0 0 0 0 0 0 0 0 0 0 0 0 0 0 0 0 0 0 0 0 0 0 0 0 0 0 0 0 0 0 0 0 0 0 0 0 0 0 0 0 0 0 0 0 0 0 0 0 0 0 0 0 0 0 0 0 0 0 0 0 
0 0 0 0 0 0 0 0 0 0 0 0 0 0 0 0 0 0 0.192471198362885 0.323242173213885 0.475012317422744 0.62641006488962 0.758224936516815 0.859364520450072 0.927891927274027 0.968511219632588 0.98899005057738 0.997236074820564 0.99955725773955 0.999889296053199 0.99955725773955 0.997236074820564 0.98899005057738 0.968511219632588 0.927891927274027 0.859364520450072 0.758224936516815 0.62641006488962 0.475012317422744 0.323242173213885 0.192471198362885 0 0 0 0 0 0 0 0 0 0 0 0 0 0 0 0 0 0 0 0 0 0 0 0 0 0 0 0 0 0 0 0 0 0 0 0 0 0 0 0 0 0 0 0 0 0 0 0 0 0 0 0 0 0 0 0 0 0 0 0 
0 0 0 0 0 0 0 0 0 0 0 0 0 0 0 0 0 0.100692484575402 0.197719443104673 0.330515821523994 0.4836620781975 0.635420390446752 0.766581016240933 0.866337904026611 0.93314582184722 0.972056081486504 0.991072572182266 0.998230206735349 0.999889296053199 1 0.999889296053199 0.998230206735349 0.991072572182266 0.972056081486504 0.93314582184722 0.866337904026611 0.766581016240933 0.635420390446752 0.4836620781975 0.330515821523994 0.197719443104673 0.100692484575402 0 0 0 0 0 0 0 0 0 0 0 0 0 0 0 0 0 0 0 0 0 0 0 0 0 0 0 0 0 0 0 0 0 0 0 0 0 0 0 0 0 0 0 0 0 0 0 0 0 0 0 0 0 0 0 0 0 0 0 
0 0 0 0 0 0 0 0 0 0 0 0 0 0 0 0 0 0 0.192471198362885 0.323242173213885 0.475012317422744 0.62641006488962 0.758224936516815 0.859364520450072 0.927891927274027 0.968511219632588 0.98899005057738 0.997236074820564 0.99955725773955 0.999889296053199 0.99955725773955 0.997236074820564 0.98899005057738 0.968511219632588 0.927891927274027 0.859364520450072 0.758224936516815 0.62641006488962 0.475012317422744 0.323242173213885 0.192471198362885 0 0 0 0 0 0 0 0 0 0 0 0 0 0 0 0 0 0 0 0 0 0 0 0 0 0 0 0 0 0 0 0 0 0 0 0 0 0 0 0 0 0 0 0 0 0 0 0 0 0 0 0 0 0 0 0 0 0 0 0 
0 0 0 0 0 0 0 0 0 0 0 0 0 0 0 0 0 0 0.177311905213896 0.301966205404137 0.449382755873488 0.599341703750742 0.732725159387735 0.837665753786066 0.911095850168918 0.956682192461664 0.981463942905692 0.992939597787242 0.997236074820564 0.998230206735349 0.997236074820564 0.992939597787242 0.981463942905692 0.956682192461664 0.911095850168918 0.837665753786066 0.732725159387735 0.599341703750742 0.449382755873488 0.301966205404137 0.177311905213896 0.148143100518045 0.139711023149307 0.126461397256951 0.109542130756352 0 0 0 0 0 0 0 0 0 0 0 0 0 0 0 0 0 0 0 0 0 0 0 0 0 0 0 0 0 0 0 0 0 0 0 0 0 0 0 0 0 0 0 0 0 0 0 0 0 0 0 0 0 0 0 0 
0 0 0 0 0 0 0 0 0 0 0 0 0 0 0 0 0 0 0.153969574170007 0.268381339755955 0.407892505183624 0.554341703344906 0.689058785152317 0.799164955770888 0.879870231467196 0.93314582184722 0.964765642858517 0.981463942905692 0.98899005057738 0.991072572182266 0.98899005057738 0.981463942905692 0.964765642858517 0.93314582184722 0.879870231467196 0.799164955770888 0.689058785152317 0.554341703344906 0.407892505183624 0.268381339755955 0.245286322140164 0.24122880273085 0.229319095652364 0.21034743289174 0.185625653115165 0.156945020232209 0.126461397256951 0 0 0 0 0 0 0 0 0 0 0 0 0 0 0 0 0 0 0 0 0 0 0 0 0 0 0 0 0 0 0 0 0 0 0 0 0 0 0 0 0 0 0 0 0 0 0 0 0 0 0 0 0 0 
0 0 0 0 0 0 0 0 0 0 0 0 0 0 0 0 0 0 0.125190663414 0.225436948126087 0.352864518829096 0.492360316662318 0.62641006488962 0.741292464496538 0.830187553233752 0.892822829742286 0.93314582184722 0.956682192461664 0.968511219632588 0.972056081486504 0.968511219632588 0.956682192461664 0.93314582184722 0.892822829742286 0.830187553233752 0.741292464496538 0.62641006488962 0.492360316662318 0.352864518829096 0.355395457514136 0.360485317728838 0.355395457514136 0.340352007550202 0.316058606295583 0.283757683999393 0.245286322140164 0.203065827506706 0.159962223991193 0.118982063354973 0 0 0 0 0 0 0 0 0 0 0 0 0 0 0 0 0 0 0 0 0 0 0 0 0 0 0 0 0 0 0 0 0 0 0 0 0 0 0 0 0 0 0 0 0 0 0 0 0 0 0 0 
0 0 0 0 0 0 0 0 0 0 0 0 0 0 0 0 0 0 0 0.177311905213896 0.288246747940293 0.416056378124638 0.545393148849829 0.662355943303985 0.758224936516815 0.830187553233752 0.879870231467196 0.911095850168918 0.927891927274027 0.93314582184722 0.927891927274027 0.911095850168918 0.879870231467196 0.830187553233752 0.758224936516815 0.662355943303985 0.545393148849829 0.435371463173613 0.463559762511294 0.480773291793291 0.486556251715438 0.480773291793291 0.463559762511294 0.435371463173613 0.397119179587248 0.350342984824392 0.297351252081012 0.24122880273085 0.185625653115165 0.134291897304334 0 0 0 0 0 0 0 0 0 0 0 0 0 0 0 0 0 0 0 0 0 0 0 0 0 0 0 0 0 0 0 0 0 0 0 0 0 0 0 0 0 0 0 0 0 0 0 0 0 0 0 
0 0 0 0 0 0 0 0 0 0 0 0 0 0 0 0 0 0 0 0.129032167400704 0.21969606384552 0.330515821523994 0.449382755873488 0.563312339004762 0.662355943303985 0.741292464496538 0.799164955770888 0.837665753786066 0.859364520450072 0.866337904026611 0.859364520450072 0.837665753786066 0.799164955770888 0.741292464496538 0.662355943303985 0.563312339004762 0.515769430957295 0.557329640381079 0.587314027897617 0.605358231792299 0.61137498938089 0.605358231792299 0.587314027897617 0.557329640381079 0.515769430957295 0.463559762511294 0.402489600208388 0.335414361828048 0.266227616881784 0.199490653067651 0.139711023149307 0 0 0 0 0 0 0 0 0 0 0 0 0 0 0 0 0 0 0 0 0 0 0 0 0 0 0 0 0 0 0 0 0 0 0 0 0 0 0 0 0 0 0 0 0 0 0 0 0 0 
0 0 0 0 0 0 0 0 0 0 0 0 0 0 0 0 0 0 0 0 0.153969574170007 0.243252094649978 0.345328355440562 0.449382755873488 0.545393148849829 0.62641006488962 0.689058785152317 0.732725159387735 0.758224936516815 0.766581016240933 0.758224936516815 0.732725159387735 0.689058785152317 0.62641006488962 0.545393148849829 0.575301221433991 0.629414704975999 0.671288506280403 0.700821295969133 0.718312255391395 0.724096521486238 0.718312255391395 0.700821295969133 0.671288506280403 0.629414704975999 0.575301221433991 0.509890085097244 0.435371463173613 0.355395457514136 0.274907029217263 0.199490653067651 0.134291897304334 0 0 0 0 0 0 0 0 0 0 0 0 0 0 0 0 0 0 0 0 0 0 0 0 0 0 0 0 0 0 0 0 0 0 0 0 0 0 0 0 0 0 0 0 0 0 0 0 0 
0 0 0 0 0 0 0 0 0 0 0 0 0 0 0 0 0 0 0 0 0 0.163021388703181 0.243252094649978 0.330515821523994 0.416056378124638 0.492360316662318 0.554341703344906 0.599341703750742 0.62641006488962 0.635420390446752 0.62641006488962 0.599341703750742 0.554341703344906 0.533502257702619 0.61137498938089 0.677227061772247 0.729855537984702 0.769348934107357 0.796505292377609 0.812297262906902 0.817469618463246 0.812297262906902 0.796505292377609 0.769348934107357 0.729855537984702 0.677227061772247 0.61137498938089 0.533502257702619 0.446566852851368 0.355395457514136 0.266227616881784 0.185625653115165 0.118982063354973 0 0 0 0 0 0 0 0 0 0 0 0 0 0 0 0 0 0 0 0 0 0 0 0 0 0 0 0 0 0 0 0 0 0 0 0 0 0 0 0 0 0 0 0 0 0 0 0 
0 0 0 0 0 0 0 0 0 0 0 0 0 0 0 0 0 0 0 0 0 0 0.153969574170007 0.21969606384552 0.288246747940293 0.352864518829096 0.407892505183624 0.449382755873488 0.475012317422744 0.4836620781975 0.475012317422744 0.449382755873488 0.533502257702619 0.623404430735078 0.700821295969133 0.76380426509875 0.812297262906902 0.847449640147229 0.870911096456656 0.884253763838992 0.888571687348732 0.884253763838992 0.870911096456656 0.847449640147229 0.812297262906902 0.76380426509875 0.700821295969133 0.623404430735078 0.533502257702619 0.435371463173613 0.335414361828048 0.24122880273085 0.159962223991193 0 0 0 0.105932590152189 0.119959298492964 0.129032167400704 0.132168997898845 0.129032167400704 0.126461397256951 0.139711023149307 0.148143100518045 0.151035674181538 0.148143100518045 0.139711023149307 0.126461397256951 0.109542130756352 0 0 0 0 0 0 0 0 0 0 0 0 0 0 0 0 0 0 0 0 0 0 0 0 0 0 0 0 0 0 0 0 
0 0 0 0 0 0 0 0 0 0 0 0 0 0 0 0 0 0 0 0 0 0 0 0.129032167400704 0.177311905213896 0.225436948126087 0.268381339755955 0.301966205404137 0.323242173213885 0.330515821523994 0.402489600208388 0.509890085097244 0.61137498938089 0.700821295969133 0.774857596741818 0.832693325133238 0.875422276054583 0.905164062264459 0.924292069829058 0.934857722203471 0.938221700746449 0.934857722203471 0.924292069829058 0.905164062264459 0.875422276054583 0.832693325133238 0.774857596741818 0.700821295969133 0.61137498938089 0.509890085097244 0.402489600208388 0.297351252081012 0.203065827506706 0.126461397256951 0.132168997898845 0.163021388703181 0.190399311582767 0.211824785804258 0.225436948126087 0.230100793631598 0.225436948126087 0.211824785804258 0.229319095652364 0.24122880273085 0.245286322140164 0.24122880273085 0.229319095652364 0.21034743289174 0.185625653115165 0.156945020232209 0.126461397256951 0 0 0 0 0 0 0 0 0 0 0 0 0 0 0 0 0 0 0 0 0 0 0 0 0 0 0 0 0 0 
0 0 0 0 0 0 0 0 0 0 0 0 0 0 0 0 0 0 0 0 0 0 0 0 0 0.125190663414 0.153969574170007 0.177311905213896 0.245286322140164 0.350342984824392 0.463559762511294 0.575301221433991 0.677227061772247 0.76380426509875 0.832693325133238 0.884253763838992 0.920615577146496 0.944707071983589 0.959463537531385 0.967284878157878 0.969715258425567 0.967284878157878 0.959463537531385 0.944707071983589 0.920615577146496 0.884253763838992 0.832693325133238 0.76380426509875 0.677227061772247 0.575301221433991 0.463559762511294 0.350342984824392 0.245286322140164 0.174384737139833 0.220836336046566 0.264512403739173 0.301966205404137 0.330515821523994 0.348332566942387 0.354381957135243 0.348332566942387 0.330515821523994 0.340352007550202 0.355395457514136 0.360485317728838 0.355395457514136 0.340352007550202 0.316058606295583 0.283757683999393 0.245286322140164 0.203065827506706 0.159962223991193 0.118982063354973 0 0 0 0 0 0 0 0 0 0 0 0 0 0 0 0 0 0 0 0 0 0 0 0 0 0 0 0 
0 0 0 0 0 0 0 0 0 0 0 0 0 0 0 0 0 0 0 0 0 0 0 0 0 0 0.109542130756352 0.185625653115165 0.283757683999393 0.397119179587248 0.515769430957295 0.629414704975999 0.729855537984702 0.812297262906902 0.875422276054583 0.920615577146496 0.950862905374344 0.969715258425567 0.980510630879895 0.985880533923628 0.9874826556066 0.985880533923628 0.980510630879895 0.969715258425567 0.950862905374344 0.920615577146496 0.875422276054583 0.812297262906902 0.729855537984702 0.629414704975999 0.515769430957295 0.397119179587248 0.283757683999393 0.269678742919249 0.330515821523994 0.385421610472514 0.4309247939071 0.464700712742793 0.48539794290909 0.492360316662318 0.48539794290909 0.464700712742793 0.463559762511294 0.480773291793291 0.486556251715438 0.480773291793291 0.463559762511294 0.435371463173613 0.397119179587248 0.350342984824392 0.297351252081012 0.24122880273085 0.185625653115165 0.134291897304334 0 0 0 0 0 0 0 0 0 0 0 0 0 0 0 0 0 0 0 0 0 0 0 0 0 0 0 
0 0 0 0 0 0 0 0 0 0 0 0 0 0 0 0 0 0 0 0 0 0 0 0 0 0 0.126461397256951 0.21034743289174 0.316058606295583 0.435371463173613 0.557329640381079 0.671288506280403 0.769348934107357 0.847449640147229 0.905164062264459 0.944707071983589 0.969715258425567 0.984184154270883 0.991718921866541 0.995091637797966 0.996022369116245 0.995091637797966 0.991718921866541 0.984184154270883 0.969715258425567 0.944707071983589 0.905164062264459 0.847449640147229 0.769348934107357 0.671288506280403 0.557329640381079 0.435371463173613 0.316058606295583 0.379110887283382 0.451075486675191 0.513415663919192 0.563312339004762 0.599341703750742 0.620999310052938 0.628212978004615 0.620999310052938 0.599341703750742 0.587314027897617 0.605358231792299 0.61137498938089 0.605358231792299 0.587314027897617 0.557329640381079 0.515769430957295 0.463559762511294 0.402489600208388 0.335414361828048 0.266227616881784 0.199490653067651 0.139711023149307 0 0 0 0 0 0 0 0 0 0 0 0 0 0 0 0 0 0 0 0 0 0 0 0 0 0 
0 0 0 0 0 0 0 0 0 0 0 0 0 0 0 0 0 0 0 0 0 0 0 0 0 0 0.139711023149307 0.229319095652364 0.340352007550202 0.463559762511294 0.587314027897617 0.700821295969133 0.796505292377609 0.870911096456656 0.924292069829058 0.959463537531385 0.980510630879895 0.991718921866541 0.996855866596497 0.998770644333834 0.999213038173025 0.998770644333834 0.996855866596497 0.991718921866541 0.980510630879895 0.959463537531385 0.924292069829058 0.870911096456656 0.796505292377609 0.700821295969133 0.587314027897617 0.463559762511294 0.404646899200858 0.492360316662318 0.570502297635273 0.635420390446752 0.685516059264436 0.720628906228449 0.741292464496538 0.748099103226458 0.741292464496538 0.720628906228449 0.700821295969133 0.718312255391395 0.724096521486238 0.718312255391395 0.700821295969133 0.671288506280403 0.629414704975999 0.575301221433991 0.509890085097244 0.435371463173613 0.355395457514136 0.274907029217263 0.199490653067651 0.134291897304334 0 0 0 0 0 0 0 0 0 0 0 0 0 0 0 0 0 0 0 0 0 0 0 0 0 
0 0 0 0 0 0 0 0 0 0 0 0 0 0 0 0 0 0 0 0 0 0 0 0 0 0 0.148143100518045 0.24122880273085 0.355395457514136 0.480773291793291 0.605358231792299 0.718312255391395 0.812297262906902 0.884253763838992 0.934857722203471 0.967284878157878 0.985880533923628 0.995091637797966 0.998770644333834 0.999803201456378 0.999950796732771 0.999803201456378 0.998770644333834 0.995091637797966 0.985880533923628 0.967284878157878 0.934857722203471 0.884253763838992 0.812297262906902 0.718312255391395 0.605358231792299 0.480773291793291 0.506370776476777 0.599341703750742 0.678413050833265 0.741292464496538 0.78792343075865 0.819525188934035 0.837665753786066 0.843562292621571 0.837665753786066 0.819525188934035 0.796505292377609 0.812297262906902 0.817469618463246 0.812297262906902 0.796505292377609 0.769348934107357 0.729855537984702 0.677227061772247 0.61137498938089 0.533502257702619 0.446566852851368 0.355395457514136 0.266227616881784 0.185625653115165 0.118982063354973 0 0 0 0 0 0 0 0 0 0 0 0 0 0 0 0 0 0 0 0 0 0 0 0 
0 0 0 0 0 0 0 0 0 0 0 0 0 0 0 0 0 0 0 0 0 0 0 0 0 0 0.151035674181538 0.245286322140164 0.360485317728838 0.486556251715438 0.61137498938089 0.724096521486238 0.817469618463246 0.888571687348732 0.938221700746449 0.969715258425567 0.9874826556066 0.996022369116245 0.999213038173025 0.999950796732771 1 0.999950796732771 0.999213038173025 0.996022369116245 0.9874826556066 0.969715258425567 0.938221700746449 0.888571687348732 0.817469618463246 0.724096521486238 0.61137498938089 0.492360316662318 0.599341703750742 0.692595282575667 0.768242837728334 0.825644960902086 0.866337904026611 0.892822829742286 0.907556242773421 0.912262624816315 0.907556242773421 0.892822829742286 0.870911096456656 0.884253763838992 0.888571687348732 0.884253763838992 0.870911096456656 0.847449640147229 0.812297262906902 0.76380426509875 0.700821295969133 0.623404430735078 0.533502257702619 0.435371463173613 0.335414361828048 0.24122880273085 0.159962223991193 0 0 0 0 0 0 0 0 0 0 0 0 0 0 0 0 0 0 0 0 0 0 0 0 
0 0 0 0 0 0 0 0 0 0 0 0 0 0 0 0 0 0 0 0 0 0 0 0 0 0 0.148143100518045 0.24122880273085 0.355395457514136 0.480773291793291 0.605358231792299 0.718312255391395 0.812297262906902 0.884253763838992 0.934857722203471 0.967284878157878 0.985880533923628 0.995091637797966 0.998770644333834 0.999803201456378 0.999950796732771 0.999803201456378 0.998770644333834 0.995091637797966 0.985880533923628 0.967284878157878 0.934857722203471 0.884253763838992 0.812297262906902 0.718312255391395 0.605358231792299 0.570502297635273 0.678413050833265 0.768242837728334 0.837665753786066 0.88771340782359 0.921356957472602 0.942152063951673 0.953231386473442 0.956682192461664 0.953231386473442 0.942152063951673 0.924292069829058 0.934857722203471 0.938221700746449 0.934857722203471 0.924292069829058 0.905164062264459 0.875422276054583 0.832693325133238 0.774857596741818 0.700821295969133 0.61137498938089 0.509890085097244 0.402489600208388 0.297351252081012 0.203065827506706 0.126461397256951 0 0 0 0 0 0 0 0 0 0 0 0 0 0 0 0 0 0 0 0 0 0 0 
0 0 0 0 0 0 0 0 0 0 0 0 0 0 0 0 0 0 0 0 0 0 0 0 0 0 0.139711023149307 0.229319095652364 0.340352007550202 0.463559762511294 0.587314027897617 0.700821295969133 0.796505292377609 0.870911096456656 0.924292069829058 0.959463537531385 0.980510630879895 0.991718921866541 0.996855866596497 0.998770644333834 0.999213038173025 0.998770644333834 0.996855866596497 0.991718921866541 0.980510630879895 0.959463537531385 0.924292069829058 0.870911096456656 0.796505292377609 0.700821295969133 0.587314027897617 0.635420390446752 0.741292464496538 0.825644960902086 0.88771340782359 0.930014636571424 0.956682192461664 0.972056081486504 0.979731293265429 0.982024778087707 0.979731293265429 0.972056081486504 0.959463537531385 0.967284878157878 0.969715258425567 0.967284878157878 0.959463537531385 0.944707071983589 0.920615577146496 0.884253763838992 0.832693325133238 0.76380426509875 0.677227061772247 0.575301221433991 0.463559762511294 0.350342984824392 0.245286322140164 0.156945020232209 0 0 0 0 0 0 0 0 0 0 0 0 0 0 0 0 0 0 0 0 0 0 0 
0 0 0 0 0 0 0 0 0 0 0 0 0 0 0 0 0 0 0 0 0 0 0 0 0 0 0.126461397256951 0.21034743289174 0.316058606295583 0.435371463173613 0.557329640381079 0.671288506280403 0.769348934107357 0.847449640147229 0.905164062264459 0.944707071983589 0.969715258425567 0.984184154270883 0.991718921866541 0.995091637797966 0.996022369116245 0.995091637797966 0.991718921866541 0.984184154270883 0.969715258425567 0.944707071983589 0.905164062264459 0.847449640147229 0.769348934107357 0.671288506280403 0.563312339004762 0.685516059264436 0.78792343075865 0.866337904026611 0.921356957472602 0.956682192461664 0.977304662219488 0.988097006136808 0.992939597787242 0.994277227520972 0.992939597787242 0.988097006136808 0.980510630879895 0.985880533923628 0.9874826556066 0.985880533923628 0.980510630879895 0.969715258425567 0.950862905374344 0.920615577146496 0.875422276054583 0.812297262906902 0.729855537984702 0.629414704975999 0.515769430957295 0.397119179587248 0.283757683999393 0.185625653115165 0.109542130756352 0 0 0 0 0 0 0 0 0 0 0 0 0 0 0 0 0 0 0 0 0 0 
0 0 0 0 0 0 0 0 0 0 0 0 0 0 0 0 0.109894159073899 0.126657759766995 0.137607745602626 0.141410839199098 0.137607745602626 0.126657759766995 0.109894159073899 0 0 0 0.109542130756352 0.185625653115165 0.283757683999393 0.397119179587248 0.515769430957295 0.629414704975999 0.729855537984702 0.812297262906902 0.875422276054583 0.920615577146496 0.950862905374344 0.969715258425567 0.980510630879895 0.985880533923628 0.9874826556066 0.985880533923628 0.980510630879895 0.969715258425567 0.950862905374344 0.920615577146496 0.875422276054583 0.812297262906902 0.729855537984702 0.629414704975999 0.599341703750742 0.720628906228449 0.819525188934035 0.892822829742286 0.942152063951673 0.972056081486504 0.988097006136808 0.995475581489367 0.998230206735349 0.998866971195051 0.998230206735349 0.995475581489367 0.991718921866541 0.995091637797966 0.996022369116245 0.995091637797966 0.991718921866541 0.984184154270883 0.969715258425567 0.944707071983589 0.905164062264459 0.847449640147229 0.769348934107357 0.671288506280403 0.557329640381079 0.435371463173613 0.316058606295583 0.21034743289174 0.126461397256951 0 0 0 0 0 0 0 0 0 0 0 0 0 0 0 0 0 0 0 0 0 0 
