0 0 0 0 0 0 0 0 0 0 0 0 0 0 0 0 0 0 0 0 0 0 0 0 0 0 0 0 0 0 0 0 0 0 0 0 0 0 0 0 0 0 0 0 0 0 0 0 0 0 0 0 0 0 0 0 0 0 0 0 0 0.130389024071846 0.194741003851222 0.271490265509849 0.356498784522851 0.444611925781309 0.530666458597096 0.610328632052709 0.680577219066995 0.739807102215433 0.787641808867241 0.824585773351194 0.851634500239094 0.869922157334966 0.880445675512348 0.883875174657539 0.880445675512348 0.869922157334966 0.851634500239094 0.824585773351194 0.787641808867241 0.739807102215433 0.680577219066995 0.610328632052709 0.530666458597096 0.444611925781309 0.356498784522851 0.271490265509849 0.194741003851222 0.130389024071846 0 0 0 0 0 0 0 0 0 0 0 
0 0 0 0 0 0 0 0 0 0 0 0 0 0 0 0 0 0 0 0 0 0 0 0 0 0 0 0 0 0 0 0 0 0 0 0 0 0 0 0 0 0 0 0 0 0 0 0 0 0 0 0 0 0 0 0 0 0 0 0 0.104086408283296 0.163826356947972 0.238780436436258 0.325446411153877 0.418554922794237 0.512188677362739 0.600911144741567 0.680577219066995 0.748688916294892 0.804337123300526 0.847870038198151 0.880445675512348 0.903590096105259 0.918830463413264 0.927426762519181 0.930197891931954 0.927426762519181 0.918830463413264 0.903590096105259 0.880445675512348 0.847870038198151 0.804337123300526 0.748688916294892 0.680577219066995 0.600911144741567 0.512188677362739 0.418554922794237 0.325446411153877 0.238780436436258 0.163826356947972 0.104086408283296 0 0 0 0 0 0 0 0 0 0 
0 0 0 0 0 0 0 0 0 0 0 0 0 0 0 0 0 0 0 0 0 0 0 0 0 0 0 0 0 0 0 0 0 0 0 0 0 0 0 0 0 0 0 0 0 0 0 0 0 0 0 0 0 0 0 0 0 0 0 0 0.128357753761878 0.197489219894671 0.281819136938847 0.376655165602904 0.475762471354768 0.572692599003071 0.661966953905587 0.739807102215433 0.804337123300526 0.855364119080133 0.893920696629575 0.921742561228659 0.940798238306419 0.952925523498178 0.95958250672086 0.961695883601404 0.95958250672086 0.952925523498178 0.940798238306419 0.921742561228659 0.893920696629575 0.855364119080133 0.804337123300526 0.739807102215433 0.661966953905587 0.572692599003071 0.475762471354768 0.376655165602904 0.281819136938847 0.197489219894671 0.128357753761878 0 0 0 0 0 0 0 0 0 0 
0 0 0 0 0 0 0 0 0 0 0 0 0 0 0 0 0 0 0 0 0 0 0 0 0 0 0 0 0 0 0 0 0 0 0 0 0 0 0 0 0 0 0 0 0 0 0 0 0 0 0 0 0 0 0 0 0 0 0 0 0.152051462472023 0.229488880627965 0.321672824555717 0.422852923152662 0.526032996038429 0.624449971923118 0.712757084008226 0.787641808867241 0.847870038198151 0.893920696629575 0.927426762519181 0.950602209116376 0.965761966701412 0.974973621001397 0.979833785786504 0.981340914492399 0.979833785786504 0.974973621001397 0.965761966701412 0.950602209116376 0.927426762519181 0.893920696629575 0.847870038198151 0.787641808867241 0.712757084008226 0.624449971923118 0.526032996038429 0.422852923152662 0.321672824555717 0.229488880627965 0.152051462472023 0 0 0 0 0 0 0 0 0 0 
0 0 0 0 0 0 0 0 0 0 0 0 0 0 0 0 0 0 0 0 0 0 0 0 0 0 0 0 0 0 0 0 0 0 0 0 0 0 0 0 0 0 0 0 0 0 0 0 0 0 0 0 0 0 0 0 0 0 0 0.107568789834737 0.17371092711035 0.258087023890284 0.356498784522851 0.462320712153103 0.56800022224668 0.666631526507857 0.753101639632532 0.824585773351194 0.880445675512348 0.921742561228659 0.950602209116376 0.969611446974872 0.981340914492399 0.988017734024476 0.991328345973786 0.992314719486584 0.991328345973786 0.988017734024476 0.981340914492399 0.969611446974872 0.950602209116376 0.921742561228659 0.880445675512348 0.824585773351194 0.753101639632532 0.666631526507857 0.56800022224668 0.462320712153103 0.356498784522851 0.258087023890284 0.17371092711035 0.107568789834737 0 0 0 0 0 0 0 0 0 
0 0 0 0 0 0 0 0 0 0 0 0 0 0 0 0 0 0 0 0 0 0 0 0 0 0 0 0 0 0 0 0 0 0 0 0 0 0 0 0 0 0 0 0 0 0 0 0 0 0 0 0 0 0 0 0 0 0 0 0.120471589381824 0.192019457402512 0.281819136938847 0.38487087176446 0.49387778068487 0.600911144741567 0.699036230406395 0.783404355871614 0.851634500239094 0.903590096105259 0.940798238306419 0.965761966701412 0.981340914492399 0.990283263628568 0.994919865740886 0.996990878514479 0.997561913995889 0.996990878514479 0.994919865740886 0.990283263628568 0.981340914492399 0.965761966701412 0.940798238306419 0.903590096105259 0.851634500239094 0.783404355871614 0.699036230406395 0.600911144741567 0.49387778068487 0.38487087176446 0.281819136938847 0.192019457402512 0.120471589381824 0 0 0 0 0 0 0 0 0 
0 0 0 0 0 0 0 0 0 0 0 0 0 0 0 0 0 0 0 0 0 0 0 0 0 0 0 0 0 0 0 0 0 0 0 0 0 0 0 0 0 0 0 0 0 0 0 0 0 0 0 0 0 0 0 0 0 0 0 0.130389024071846 0.205894291721825 0.299553214987056 0.405774496444363 0.516793632755975 0.624449971923118 0.721836046214687 0.804337123300526 0.869922157334966 0.918830463413264 0.952925523498178 0.974973621001397 0.988017734024476 0.994919865740886 0.998073117709431 0.999246869246823 0.999517930953524 0.999246869246823 0.998073117709431 0.994919865740886 0.988017734024476 0.974973621001397 0.952925523498178 0.918830463413264 0.869922157334966 0.804337123300526 0.721836046214687 0.624449971923118 0.516793632755975 0.405774496444363 0.299553214987056 0.205894291721825 0.130389024071846 0 0 0 0 0 0 0 0 0 
0 0 0 0 0 0 0 0 0 0 0 0 0 0 0 0 0 0 0 0 0 0 0 0 0 0 0 0 0 0 0 0 0 0 0 0 0 0 0 0 0 0 0 0 0 0 0 0 0 0 0 0 0 0 0 0 0 0 0 0.136628328733696 0.214540669485641 0.310500262849391 0.418554922794237 0.530666458597096 0.638551559432477 0.735339301191347 0.816573490775908 0.880445675512348 0.927426762519181 0.95958250672086 0.979833785786504 0.991328345973786 0.996990878514479 0.999246869246823 0.999879460945637 0.999969863874158 0.999879460945637 0.999246869246823 0.996990878514479 0.991328345973786 0.979833785786504 0.95958250672086 0.927426762519181 0.880445675512348 0.816573490775908 0.735339301191347 0.638551559432477 0.530666458597096 0.418554922794237 0.310500262849391 0.214540669485641 0.136628328733696 0 0 0 0 0 0 0 0 0 
0 0 0 0 0 0 0 0 0 0 0 0 0 0 0 0 0 0 0 0 0 0 0 0 0 0 0 0 0 0 0 0 0 0 0 0 0 0 0 0 0 0 0 0 0 0 0 0 0 0 0 0 0 0 0 0 0 0.115684923412261 0.137409722277032 0.15631514733855 0.217476526220791 0.314199590913687 0.422852923152662 0.535308468432647 0.643244957486672 0.739807102215433 0.820594582381403 0.883875174657539 0.930197891931954 0.961695883601404 0.981340914492399 0.992314719486584 0.997561913995889 0.999517930953524 0.999969863874158 1 0.999969863874158 0.999517930953524 0.997561913995889 0.992314719486584 0.981340914492399 0.961695883601404 0.930197891931954 0.883875174657539 0.820594582381403 0.739807102215433 0.643244957486672 0.535308468432647 0.422852923152662 0.314199590913687 0.217476526220791 0.138757024133062 0 0 0 0 0 0 0 0 0 
0 0 0 0 0 0 0 0 0 0 0 0 0 0 0 0 0 0 0 0 0 0 0 0 0 0 0 0 0 0 0 0 0 0 0 0 0 0 0 0 0 0 0 0 0 0 0 0 0 0 0 0 0 0 0 0.122612727168629 0.15631514733855 0.189748279998623 0.220595950308704 0.246792218905345 0.2666801364936 0.310500262849391 0.418554922794237 0.530666458597096 0.638551559432477 0.735339301191347 0.816573490775908 0.880445675512348 0.927426762519181 0.95958250672086 0.979833785786504 0.991328345973786 0.996990878514479 0.999246869246823 0.999879460945637 0.999969863874158 0.999879460945637 0.999246869246823 0.996990878514479 0.991328345973786 0.979833785786504 0.95958250672086 0.927426762519181 0.880445675512348 0.816573490775908 0.735339301191347 0.638551559432477 0.530666458597096 0.418554922794237 0.310500262849391 0.214540669485641 0.136628328733696 0 0 0 0 0 0 0 0 0 
0 0 0 0 0 0 0 0 0 0 0 0 0 0 0 0 0 0 0 0 0 0 0 0 0 0 0 0 0 0 0 0 0 0 0 0 0 0 0 0 0 0 0 0 0 0 0 0 0 0 0 0 0 0.106920594631704 0.147992000292804 0.193019032456538 0.239110844796065 0.283287615124852 0.32286183457838 0.355662416861082 0.380103984919807 0.395148915389532 0.405774496444363 0.516793632755975 0.624449971923118 0.721836046214687 0.804337123300526 0.869922157334966 0.918830463413264 0.952925523498178 0.974973621001397 0.988017734024476 0.994919865740886 0.998073117709431 0.999246869246823 0.999517930953524 0.999246869246823 0.998073117709431 0.994919865740886 0.988017734024476 0.974973621001397 0.952925523498178 0.918830463413264 0.869922157334966 0.804337123300526 0.721836046214687 0.624449971923118 0.516793632755975 0.405774496444363 0.299553214987056 0.205894291721825 0.130389024071846 0 0 0 0 0 0 0 0 0 
0 0 0 0 0 0 0 0 0 0 0 0 0 0 0 0 0 0 0 0 0 0 0 0 0 0 0 0 0 0 0 0 0 0 0 0 0 0 0 0 0 0 0 0 0 0 0 0 0 0 0 0 0.115684923412261 0.16497520084146 0.220595950308704 0.279078188626429 0.336709967050833 0.390103363731369 0.436544676604533 0.474104756668249 0.501565414362398 0.518249923508899 0.523841320028272 0.518249923508899 0.600911144741567 0.699036230406395 0.783404355871614 0.851634500239094 0.903590096105259 0.940798238306419 0.965761966701412 0.981340914492399 0.990283263628568 0.994919865740886 0.996990878514479 0.997561913995889 0.996990878514479 0.994919865740886 0.990283263628568 0.981340914492399 0.965761966701412 0.940798238306419 0.903590096105259 0.851634500239094 0.783404355871614 0.699036230406395 0.600911144741567 0.49387778068487 0.38487087176446 0.281819136938847 0.192019457402512 0.120471589381824 0 0 0 0 0 0 0 0 0 
0 0 0 0 0 0 0 0 0 0 0 0 0 0 0 0 0 0 0 0 0 0 0 0 0 0 0 0 0 0 0 0 0 0 0 0 0 0 0 0 0 0 0 0 0 0 0 0 0 0 0 0.115684923412261 0.170937996594823 0.235329104562611 0.304902286465511 0.375151121715154 0.441839534964326 0.501565414362398 0.551984532544251 0.591744034005843 0.620239698800861 0.637315772149669 0.642998044918572 0.637315772149669 0.620239698800861 0.666631526507857 0.753101639632532 0.824585773351194 0.880445675512348 0.921742561228659 0.950602209116376 0.969611446974872 0.981340914492399 0.988017734024476 0.991328345973786 0.992314719486584 0.991328345973786 0.988017734024476 0.981340914492399 0.969611446974872 0.950602209116376 0.921742561228659 0.880445675512348 0.824585773351194 0.753101639632532 0.666631526507857 0.56800022224668 0.462320712153103 0.356498784522851 0.258087023890284 0.17371092711035 0.107568789834737 0 0 0 0 0 0 0 0 0 
0 0 0 0 0 0 0 0 0 0 0 0 0 0 0 0 0 0 0 0 0 0 0 0 0 0 0 0 0 0 0 0 0 0 0 0 0 0 0 0 0 0 0 0 0 0 0 0 0 0 0.106920594631704 0.16497520084146 0.235329104562611 0.313809012198177 0.395148915389532 0.474104756668249 0.546333955216652 0.608841665714828 0.660000800008478 0.699277924895135 0.726827706033418 0.743087867008543 0.748456135621549 0.743087867008543 0.726827706033418 0.699277924895135 0.712757084008226 0.787641808867241 0.847870038198151 0.893920696629575 0.927426762519181 0.950602209116376 0.965761966701412 0.974973621001397 0.979833785786504 0.981340914492399 0.979833785786504 0.974973621001397 0.965761966701412 0.950602209116376 0.927426762519181 0.893920696629575 0.847870038198151 0.787641808867241 0.712757084008226 0.624449971923118 0.526032996038429 0.422852923152662 0.321672824555717 0.229488880627965 0.152051462472023 0 0 0 0 0 0 0 0 0 0 
0 0 0 0 0 0 0 0 0 0 0 0 0 0 0 0 0 0 0 0 0 0 0 0 0 0 0 0 0 0 0 0 0 0 0 0 0 0 0 0 0 0 0 0 0 0 0 0 0 0 0.147992000292804 0.220595950308704 0.304902286465511 0.395148915389532 0.485032337719083 0.568987735338826 0.642998044918572 0.704827540960449 0.753796605759244 0.790305353375862 0.815297561312005 0.82979072874981 0.834531383832544 0.82979072874981 0.815297561312005 0.790305353375862 0.753796605759244 0.739807102215433 0.804337123300526 0.855364119080133 0.893920696629575 0.921742561228659 0.940798238306419 0.952925523498178 0.95958250672086 0.961695883601404 0.95958250672086 0.952925523498178 0.940798238306419 0.921742561228659 0.893920696629575 0.855364119080133 0.804337123300526 0.739807102215433 0.661966953905587 0.572692599003071 0.475762471354768 0.376655165602904 0.281819136938847 0.197489219894671 0.128357753761878 0 0 0 0 0 0 0 0 0 0 
0 0 0 0 0 0 0 0 0 0 0 0 0 0 0 0 0 0 0 0 0 0 0 0 0 0 0 0 0 0 0 0 0 0 0 0 0 0 0 0 0 0 0 0 0 0 0 0 0 0.122612727168629 0.193019032456538 0.279078188626429 0.375151121715154 0.474104756668249 0.568987735338826 0.654341628001101 0.726827706033418 0.785191529141158 0.82979072874981 0.861949311456039 0.883336327614971 0.895472829736457 0.899396384789191 0.895472829736457 0.883336327614971 0.861949311456039 0.82979072874981 0.785191529141158 0.748688916294892 0.804337123300526 0.847870038198151 0.880445675512348 0.903590096105259 0.918830463413264 0.927426762519181 0.930197891931954 0.927426762519181 0.918830463413264 0.903590096105259 0.880445675512348 0.847870038198151 0.804337123300526 0.748688916294892 0.680577219066995 0.600911144741567 0.512188677362739 0.418554922794237 0.325446411153877 0.238780436436258 0.163826356947972 0.104086408283296 0 0 0 0 0 0 0 0 0 0 
0 0 0 0 0 0 0 0 0 0 0 0 0 0 0 0 0 0 0 0 0 0 0 0 0 0 0 0 0 0 0 0 0 0 0 0 0 0 0 0 0 0 0 0 0 0 0 0 0 0.15631514733855 0.239110844796065 0.336709967050833 0.441839534964326 0.546333955216652 0.642998044918572 0.726827706033418 0.795382229689234 0.848466718658151 0.887441818703273 0.91445524372832 0.931780343280334 0.941334338526321 0.944373889418294 0.941334338526321 0.931780343280334 0.91445524372832 0.887441818703273 0.848466718658151 0.795382229689234 0.739807102215433 0.787641808867241 0.824585773351194 0.851634500239094 0.869922157334966 0.880445675512348 0.883875174657539 0.880445675512348 0.869922157334966 0.851634500239094 0.824585773351194 0.787641808867241 0.739807102215433 0.680577219066995 0.610328632052709 0.530666458597096 0.444611925781309 0.356498784522851 0.271490265509849 0.194741003851222 0.130389024071846 0 0 0 0 0 0 0 0 0 0 0 
0 0 0 0 0 0 0 0 0 0 0 0 0 0 0 0 0 0 0 0 0 0 0 0 0 0 0 0 0 0 0 0 0 0 0 0 0 0 0 0 0 0 0 0 0 0 0 0 0.115684923412261 0.189748279998623 0.283287615124852 0.390103363731369 0.501565414362398 0.608841665714828 0.704827540960449 0.785191529141158 0.848466718658151 0.895472829736457 0.928453253817881 0.950230652626895 0.963541515953135 0.970588122809394 0.972776573374041 0.970588122809394 0.963541515953135 0.950230652626895 0.928453253817881 0.895472829736457 0.848466718658151 0.785191529141158 0.712757084008226 0.753101639632532 0.783404355871614 0.804337123300526 0.816573490775908 0.820594582381403 0.819525188934035 0.837665753786066 0.843562292621571 0.837665753786066 0.819525188934035 0.78792343075865 0.741292464496538 0.678413050833265 0.599341703750742 0.506370776476777 0.404646899200858 0.301966205404137 0.207413768509558 0.129032167400704 0 0 0 0 0 0 0 0 0 0 0 
0 0 0 0 0 0 0 0 0 0 0 0 0 0 0 0 0 0 0 0 0 0 0 0 0 0 0 0 0 0 0 0 0 0 0 0 0 0 0 0 0 0 0 0 0 0 0 0 0.137409722277032 0.220595950308704 0.32286183457838 0.436544676604533 0.551984532544251 0.660000800008478 0.753796605759244 0.82979072874981 0.887441818703273 0.928453253817881 0.95578600783865 0.972776573374041 0.982490559621666 0.987318464124346 0.988758356812193 0.987318464124346 0.982490559621666 0.972776573374041 0.95578600783865 0.928453253817881 0.887441818703273 0.82979072874981 0.753796605759244 0.666631526507857 0.699036230406395 0.768242837728334 0.825644960902086 0.866337904026611 0.892822829742286 0.907556242773421 0.912262624816315 0.907556242773421 0.892822829742286 0.866337904026611 0.825644960902086 0.768242837728334 0.692595282575667 0.599341703750742 0.492360316662318 0.379110887283382 0.269678742919249 0.174384737139833 0.100692484575402 0 0 0 0 0 0 0 0 0 0 
0 0 0 0 0 0 0 0 0 0 0 0 0 0 0 0 0 0 0 0 0 0 0 0 0 0 0 0 0 0 0 0 0 0 0 0 0 0 0 0 0 0 0 0 0 0 0 0 0.15631514733855 0.246792218905345 0.355662416861082 0.474104756668249 0.591744034005843 0.699277924895135 0.790305353375862 0.861949311456039 0.91445524372832 0.950230652626895 0.972776573374041 0.98579359648361 0.992564511281568 0.995593600836996 0.996429319971766 0.995593600836996 0.992564511281568 0.98579359648361 0.972776573374041 0.950230652626895 0.91445524372832 0.861949311456039 0.790305353375862 0.699277924895135 0.768242837728334 0.837665753786066 0.88771340782359 0.921356957472602 0.942152063951673 0.953231386473442 0.956682192461664 0.953231386473442 0.942152063951673 0.921356957472602 0.88771340782359 0.837665753786066 0.768242837728334 0.678413050833265 0.570502297635273 0.451075486675191 0.330515821523994 0.220836336046566 0.132168997898845 0 0 0 0 0 0 0 0 0 0 
0 0 0 0 0 0 0 0 0 0 0 0 0 0 0 0 0 0 0 0 0 0 0 0 0 0 0 0 0 0 0 0 0 0 0 0 0 0 0 0 0 0 0 0 0 0 0 0 0.170937996594823 0.2666801364936 0.380103984919807 0.501565414362398 0.620239698800861 0.726827706033418 0.815297561312005 0.883336327614971 0.931780343280334 0.963541515953135 0.982490559621666 0.992564511281568 0.997177663292007 0.998896575233025 0.999293667817605 0.998896575233025 0.997177663292007 0.992564511281568 0.982490559621666 0.963541515953135 0.931780343280334 0.883336327614971 0.815297561312005 0.741292464496538 0.825644960902086 0.88771340782359 0.930014636571424 0.956682192461664 0.972056081486504 0.979731293265429 0.982024778087707 0.979731293265429 0.972056081486504 0.956682192461664 0.930014636571424 0.88771340782359 0.825644960902086 0.741292464496538 0.635420390446752 0.513415663919192 0.385421610472514 0.264512403739173 0.163021388703181 0 0 0 0 0 0 0 0 0 0 
0 0 0 0 0 0 0 0 0 0 0 0 0 0 0 0 0 0 0 0 0 0 0 0 0 0 0 0 0 0 0 0 0 0 0 0 0 0 0 0 0 0 0 0 0 0 0 0.104812147829233 0.180169320275932 0.279078188626429 0.395148915389532 0.518249923508899 0.637315772149669 0.743087867008543 0.82979072874981 0.895472829736457 0.941334338526321 0.970588122809394 0.987318464124346 0.995593600836996 0.998896575233025 0.999823370162762 0.999955839615567 0.999823370162762 0.998896575233025 0.995593600836996 0.987318464124346 0.970588122809394 0.941334338526321 0.895472829736457 0.82979072874981 0.78792343075865 0.866337904026611 0.921356957472602 0.956682192461664 0.977304662219488 0.988097006136808 0.992939597787242 0.994277227520972 0.992939597787242 0.988097006136808 0.977304662219488 0.956682192461664 0.921356957472602 0.866337904026611 0.78792343075865 0.685516059264436 0.563312339004762 0.4309247939071 0.301966205404137 0.190399311582767 0.105932590152189 0 0 0 0 0 0 0 0 0 
0 0 0 0 0 0 0 0 0 0 0 0 0 0 0 0 0 0 0 0 0 0 0 0 0 0 0 0 0 0 0 0 0 0 0 0 0 0 0 0 0 0 0 0 0 0 0 0.106920594631704 0.183323525569634 0.283287615124852 0.400224375161453 0.523841320028272 0.642998044918572 0.748456135621549 0.834531383832544 0.899396384789191 0.944373889418294 0.972776573374041 0.988758356812193 0.996429319971766 0.999293667817605 0.999955839615567 1 0.999955839615567 0.999293667817605 0.996429319971766 0.988758356812193 0.972776573374041 0.944373889418294 0.899396384789191 0.834531383832544 0.819525188934035 0.892822829742286 0.942152063951673 0.972056081486504 0.988097006136808 0.995475581489367 0.998230206735349 0.998866971195051 0.998230206735349 0.995475581489367 0.988097006136808 0.972056081486504 0.942152063951673 0.892822829742286 0.819525188934035 0.720628906228449 0.599341703750742 0.464700712742793 0.330515821523994 0.211824785804258 0.119959298492964 0 0 0 0 0 0 0 0 0 
0 0 0 0 0 0 0 0 0 0 0 0 0 0 0 0 0 0 0 0 0 0 0 0 0 0 0 0 0 0 0 0 0 0 0 0 0 0 0 0 0 0 0 0 0 0 0 0.104812147829233 0.180169320275932 0.279078188626429 0.395148915389532 0.518249923508899 0.637315772149669 0.743087867008543 0.82979072874981 0.895472829736457 0.941334338526321 0.970588122809394 0.987318464124346 0.995593600836996 0.998896575233025 0.999823370162762 0.999955839615567 0.999823370162762 0.998896575233025 0.995593600836996 0.987318464124346 0.970588122809394 0.941334338526321 0.895472829736457 0.82979072874981 0.837665753786066 0.907556242773421 0.953231386473442 0.979731293265429 0.992939597787242 0.998230206735349 0.999716622367193 0.999929148062158 0.999716622367193 0.998230206735349 0.992939597787242 0.979731293265429 0.953231386473442 0.907556242773421 0.837665753786066 0.741292464496538 0.620999310052938 0.48539794290909 0.348332566942387 0.225436948126087 0.129032167400704 0 0 0 0 0 0 0 0 0 
0 0 0 0 0 0 0 0 0 0 0 0 0 0 0 0 0 0 0 0 0 0 0 0 0 0 0 0 0 0 0 0 0 0 0 0 0 0 0 0 0 0 0 0 0 0 0 0 0.170937996594823 0.2666801364936 0.380103984919807 0.501565414362398 0.620239698800861 0.726827706033418 0.815297561312005 0.883336327614971 0.931780343280334 0.963541515953135 0.982490559621666 0.992564511281568 0.997177663292007 0.998896575233025 0.999293667817605 0.998896575233025 0.997177663292007 0.992564511281568 0.982490559621666 0.963541515953135 0.931780343280334 0.883336327614971 0.815297561312005 0.843562292621571 0.912262624816315 0.956682192461664 0.982024778087707 0.994277227520972 0.998866971195051 0.999929148062158 1 0.999929148062158 0.998866971195051 0.994277227520972 0.982024778087707 0.956682192461664 0.912262624816315 0.843562292621571 0.748099103226458 0.628212978004615 0.492360316662318 0.354381957135243 0.230100793631598 0.132168997898845 0 0 0 0 0 0 0 0 0 
0 0 0 0 0 0 0 0 0 0 0 0 0 0 0 0 0 0 0 0 0 0 0 0 0 0 0 0 0 0 0 0 0 0 0 0 0 0 0 0 0 0 0 0 0 0 0 0 0.15631514733855 0.246792218905345 0.355662416861082 0.474104756668249 0.591744034005843 0.699277924895135 0.790305353375862 0.861949311456039 0.91445524372832 0.950230652626895 0.972776573374041 0.98579359648361 0.992564511281568 0.995593600836996 0.996429319971766 0.995593600836996 0.992564511281568 0.98579359648361 0.972776573374041 0.950230652626895 0.91445524372832 0.861949311456039 0.790305353375862 0.837665753786066 0.907556242773421 0.953231386473442 0.979731293265429 0.992939597787242 0.998230206735349 0.999716622367193 0.999929148062158 0.999716622367193 0.998230206735349 0.992939597787242 0.979731293265429 0.953231386473442 0.907556242773421 0.837665753786066 0.741292464496538 0.620999310052938 0.48539794290909 0.348332566942387 0.225436948126087 0.129032167400704 0 0 0 0 0 0 0 0 0 
0 0 0 0 0 0 0 0 0 0 0 0 0 0 0 0 0 0 0 0 0 0 0 0 0 0 0 0 0 0 0 0 0 0 0 0 0 0 0 0 0 0 0 0 0 0 0 0 0.137409722277032 0.220595950308704 0.32286183457838 0.436544676604533 0.551984532544251 0.660000800008478 0.753796605759244 0.82979072874981 0.887441818703273 0.928453253817881 0.95578600783865 0.972776573374041 0.982490559621666 0.987318464124346 0.988758356812193 0.987318464124346 0.982490559621666 0.972776573374041 0.95578600783865 0.928453253817881 0.887441818703273 0.82979072874981 0.753796605759244 0.819525188934035 0.892822829742286 0.942152063951673 0.972056081486504 0.988097006136808 0.995475581489367 0.998230206735349 0.998866971195051 0.998230206735349 0.995475581489367 0.988097006136808 0.972056081486504 0.942152063951673 0.892822829742286 0.819525188934035 0.720628906228449 0.599341703750742 0.464700712742793 0.330515821523994 0.211824785804258 0.119959298492964 0 0 0 0 0 0 0 0 0 
0 0 0 0 0 0 0 0 0 0 0 0 0 0 0 0 0 0 0 0 0 0 0 0 0 0 0 0 0 0 0 0 0 0 0 0 0 0 0 0 0 0 0 0 0 0 0 0 0.115684923412261 0.189748279998623 0.283287615124852 0.390103363731369 0.501565414362398 0.608841665714828 0.704827540960449 0.785191529141158 0.848466718658151 0.895472829736457 0.928453253817881 0.950230652626895 0.963541515953135 0.970588122809394 0.972776573374041 0.970588122809394 0.963541515953135 0.950230652626895 0.928453253817881 0.895472829736457 0.848466718658151 0.785191529141158 0.704827540960449 0.78792343075865 0.866337904026611 0.921356957472602 0.956682192461664 0.977304662219488 0.988097006136808 0.992939597787242 0.994277227520972 0.992939597787242 0.988097006136808 0.977304662219488 0.956682192461664 0.921356957472602 0.866337904026611 0.78792343075865 0.685516059264436 0.563312339004762 0.4309247939071 0.301966205404137 0.190399311582767 0.105932590152189 0 0 0 0 0 0 0 0 0 
0 0 0 0 0 0 0 0 0 0 0 0 0 0 0 0 0 0 0 0 0 0 0 0 0 0 0 0 0 0 0 0 0 0 0 0 0 0 0 0 0 0 0 0 0 0 0 0 0 0.15631514733855 0.239110844796065 0.336709967050833 0.441839534964326 0.546333955216652 0.642998044918572 0.726827706033418 0.795382229689234 0.848466718658151 0.887441818703273 0.91445524372832 0.931780343280334 0.941334338526321 0.944373889418294 0.941334338526321 0.931780343280334 0.91445524372832 0.887441818703273 0.848466718658151 0.795382229689234 0.726827706033418 0.642998044918572 0.741292464496538 0.825644960902086 0.88771340782359 0.930014636571424 0.956682192461664 0.972056081486504 0.979731293265429 0.982024778087707 0.979731293265429 0.972056081486504 0.956682192461664 0.930014636571424 0.88771340782359 0.825644960902086 0.741292464496538 0.635420390446752 0.513415663919192 0.385421610472514 0.264512403739173 0.163021388703181 0 0 0 0 0 0 0 0 0 0 
0 0 0 0 0 0 0 0 0 0 0 0 0 0 0 0 0 0 0 0 0 0 0 0 0 0 0 0 0 0 0 0 0 0 0 0 0 0 0 0 0 0 0 0 0 0 0 0 0 0.122612727168629 0.193019032456538 0.279078188626429 0.375151121715154 0.474104756668249 0.568987735338826 0.654341628001101 0.726827706033418 0.785191529141158 0.82979072874981 0.861949311456039 0.883336327614971 0.895472829736457 0.899396384789191 0.895472829736457 0.883336327614971 0.861949311456039 0.82979072874981 0.785191529141158 0.726827706033418 0.654341628001101 0.570502297635273 0.678413050833265 0.768242837728334 0.837665753786066 0.88771340782359 0.921356957472602 0.942152063951673 0.953231386473442 0.956682192461664 0.953231386473442 0.942152063951673 0.921356957472602 0.88771340782359 0.837665753786066 0.768242837728334 0.678413050833265 0.570502297635273 0.451075486675191 0.330515821523994 0.220836336046566 0.132168997898845 0 0 0 0 0 0 0 0 0 0 
0 0 0 0 0 0 0 0 0 0 0 0 0 0 0 0 0 0 0 0 0 0 0 0 0 0 0 0 0 0 0 0 0 0 0 0 0 0 0 0 0 0 0 0 0 0 0 0 0 0 0.147992000292804 0.220595950308704 0.304902286465511 0.395148915389532 0.485032337719083 0.568987735338826 0.642998044918572 0.704827540960449 0.753796605759244 0.790305353375862 0.815297561312005 0.82979072874981 0.834531383832544 0.82979072874981 0.815297561312005 0.790305353375862 0.753796605759244 0.704827540960449 0.642998044918572 0.568987735338826 0.492360316662318 0.599341703750742 0.692595282575667 0.768242837728334 0.825644960902086 0.866337904026611 0.892822829742286 0.907556242773421 0.912262624816315 0.907556242773421 0.892822829742286 0.866337904026611 0.825644960902086 0.768242837728334 0.692595282575667 0.599341703750742 0.492360316662318 0.379110887283382 0.269678742919249 0.174384737139833 0.100692484575402 0 0 0 0 0 0 0 0 0 0 
0 0 0 0 0 0 0 0 0 0 0 0 0 0 0 0 0 0 0 0 0 0 0 0 0 0 0 0 0 0 0 0 0 0 0 0 0 0 0 0 0 0 0 0 0 0 0 0 0 0 0.106920594631704 0.16497520084146 0.235329104562611 0.313809012198177 0.395148915389532 0.474104756668249 0.546333955216652 0.608841665714828 0.660000800008478 0.699277924895135 0.726827706033418 0.743087867008543 0.748456135621549 0.743087867008543 0.726827706033418 0.699277924895135 0.660000800008478 0.608841665714828 0.546333955216652 0.474104756668249 0.404646899200858 0.506370776476777 0.599341703750742 0.678413050833265 0.741292464496538 0.78792343075865 0.819525188934035 0.837665753786066 0.843562292621571 0.837665753786066 0.819525188934035 0.78792343075865 0.741292464496538 0.678413050833265 0.599341703750742 0.506370776476777 0.404646899200858 0.301966205404137 0.207413768509558 0.129032167400704 0 0 0 0 0 0 0 0 0 0 0 
0 0 0 0 0 0 0 0 0 0 0 0 0 0 0 0 0 0 0 0 0 0 0 0 0 0 0 0 0 0 0 0 0 0 0 0 0 0 0 0 0 0 0 0 0 0 0 0 0 0 0 0.115684923412261 0.170937996594823 0.235329104562611 0.304902286465511 0.375151121715154 0.441839534964326 0.501565414362398 0.551984532544251 0.591744034005843 0.620239698800861 0.637315772149669 0.642998044918572 0.637315772149669 0.620239698800861 0.591744034005843 0.551984532544251 0.501565414362398 0.441839534964326 0.375151121715154 0.313210661355389 0.404646899200858 0.492360316662318 0.570502297635273 0.635420390446752 0.685516059264436 0.720628906228449 0.741292464496538 0.748099103226458 0.741292464496538 0.720628906228449 0.685516059264436 0.635420390446752 0.570502297635273 0.492360316662318 0.404646899200858 0.313210661355389 0.225436948126087 0.148718319959564 0 0 0 0 0 0 0 0 0 0 0 0 
0 0 0 0 0 0 0 0 0 0 0 0 0 0 0 0 0 0 0 0 0 0 0 0 0 0 0 0 0 0 0 0 0 0 0 0 0 0 0 0 0 0 0 0 0 0 0 0 0 0 0 0 0.115684923412261 0.16497520084146 0.220595950308704 0.279078188626429 0.336709967050833 0.390103363731369 0.436544676604533 0.474104756668249 0.501565414362398 0.518249923508899 0.523841320028272 0.518249923508899 0.501565414362398 0.474104756668249 0.436544676604533 0.390103363731369 0.336709967050833 0.279078188626429 0.225436948126087 0.301966205404137 0.379110887283382 0.451075486675191 0.513415663919192 0.563312339004762 0.599341703750742 0.620999310052938 0.628212978004615 0.620999310052938 0.599341703750742 0.563312339004762 0.513415663919192 0.451075486675191 0.379110887283382 0.301966205404137 0.225436948126087 0.155749842549783 0 0 0 0 0 0 0 0 0 0 0 0 0 
0 0 0 0 0 0 0 0 0 0 0 0 0 0 0 0 0 0 0 0 0 0 0 0 0 0 0 0 0 0 0 0 0 0 0 0 0 0 0 0 0 0 0 0 0 0 0 0 0 0 0 0 0 0.106920594631704 0.147992000292804 0.193019032456538 0.239110844796065 0.283287615124852 0.32286183457838 0.355662416861082 0.380103984919807 0.395148915389532 0.400224375161453 0.395148915389532 0.380103984919807 0.355662416861082 0.32286183457838 0.283287615124852 0.239110844796065 0.193019032456538 0.148718319959564 0.207413768509558 0.269678742919249 0.330515821523994 0.385421610472514 0.4309247939071 0.464700712742793 0.48539794290909 0.492360316662318 0.48539794290909 0.464700712742793 0.4309247939071 0.385421610472514 0.330515821523994 0.269678742919249 0.207413768509558 0.148718319959564 0 0 0 0 0 0 0 0 0 0 0 0 0 0 
0 0 0 0 0 0 0 0 0 0 0 0 0 0 0 0 0 0 0 0 0 0 0 0 0 0 0 0 0 0 0 0 0 0 0 0 0 0 0 0 0 0 0 0 0 0 0 0 0 0 0 0 0 0 0 0.122612727168629 0.15631514733855 0.189748279998623 0.220595950308704 0.246792218905345 0.2666801364936 0.279078188626429 0.283287615124852 0.279078188626429 0.2666801364936 0.246792218905345 0.220595950308704 0.189748279998623 0.180841965233748 0.185143317756047 0.180841965233748 0.168363850639404 0.174384737139833 0.220836336046566 0.264512403739173 0.301966205404137 0.330515821523994 0.348332566942387 0.354381957135243 0.348332566942387 0.330515821523994 0.301966205404137 0.264512403739173 0.220836336046566 0.174384737139833 0.129032167400704 0 0 0 0 0 0 0 0 0 0 0 0 0 0 0 
0 0 0 0 0 0 0 0 0 0 0 0 0 0 0 0 0 0 0 0 0 0 0 0 0 0 0 0 0 0 0 0 0 0 0 0 0 0 0 0 0 0 0 0 0 0 0 0 0 0 0 0 0 0 0 0 0 0.115684923412261 0.137409722277032 0.15631514733855 0.170937996594823 0.180169320275932 0.183323525569634 0.180169320275932 0.176611811280319 0.217265930569614 0.252937605150263 0.280577170986664 0.298007983095329 0.303956747254952 0.298007983095329 0.280577170986664 0.252937605150263 0.217265930569614 0.176611811280319 0.190399311582767 0.211824785804258 0.225436948126087 0.230100793631598 0.225436948126087 0.211824785804258 0.190399311582767 0.163021388703181 0.132168997898845 0.100692484575402 0 0 0 0 0 0 0 0 0 0 0 0 0 0 0 0 
0 0 0 0 0 0 0 0 0 0 0 0 0 0 0 0 0 0 0 0 0 0 0 0 0 0 0 0 0 0 0 0 0 0 0 0 0 0 0 0 0 0 0 0 0 0 0 0 0 0 0 0 0 0 0 0 0 0 0 0 0 0.112178129295711 0.164345353030684 0.222144343743336 0.280577170986664 0.334712166958513 0.380458967005002 0.414885806364534 0.436167435382153 0.443356921089632 0.436167435382153 0.414885806364534 0.380458967005002 0.334712166958513 0.280577170986664 0.222144343743336 0.164345353030684 0.129032167400704 0.132168997898845 0.129032167400704 0.119959298492964 0.105932590152189 0 0 0 0 0 0 0 0 0 0 0 0 0 0 0 0 0 0 0 
0 0 0 0 0 0 0 0 0 0 0 0 0 0 0 0 0 0 0 0 0 0 0 0 0 0 0 0 0 0 0 0 0 0 0 0 0 0 0 0 0 0 0 0 0 0 0 0 0 0 0 0 0 0 0 0 0 0 0 0 0.11828777578455 0.180841965233748 0.252937605150263 0.328428514401607 0.4009518522914 0.465189990105325 0.517452308627229 0.555621955095103 0.578731402655081 0.586455368737499 0.578731402655081 0.555621955095103 0.517452308627229 0.465189990105325 0.4009518522914 0.328428514401607 0.252937605150263 0.180841965233748 0.11828777578455 0 0 0 0 0 0 0 0 0 0 0 0 0 0 0 0 0 0 0 0 0 0 
0 0 0 0 0 0 0 0 0 0 0 0 0 0 0 0 0 0 0 0 0 0 0 0 0 0 0 0 0 0 0 0 0 0 0 0 0 0 0 0 0 0 0 0 0 0 0 0 0 0 0 0 0 0 0 0 0 0 0 0.112178129295711 0.180841965233748 0.263779427941377 0.353948058572304 0.443356921089632 0.52504126956607 0.594185754123315 0.648268525101831 0.686528885737435 0.709174890952299 0.716655157241385 0.709174890952299 0.686528885737435 0.648268525101831 0.594185754123315 0.52504126956607 0.443356921089632 0.353948058572304 0.263779427941377 0.180841965233748 0.112178129295711 0 0 0 0 0 0 0 0 0 0 0 0 0 0 0 0 0 0 0 0 0 
0 0 0 0 0 0 0 0 0 0 0 0 0 0 0 0 0 0 0 0 0 0 0 0 0 0 0 0 0 0 0 0 0 0 0 0 0 0 0 0 0 0 0 0 0 0 0 0 0 0 0 0 0 0 0 0 0 0 0 0.164345353030684 0.252937605150263 0.353948058572304 0.457869857697532 0.555621955095103 0.640563535419269 0.709174890952299 0.760620234959594 0.795743419830513 0.815996644959178 0.822593954734239 0.815996644959178 0.795743419830513 0.760620234959594 0.709174890952299 0.640563535419269 0.555621955095103 0.457869857697532 0.353948058572304 0.252937605150263 0.164345353030684 0 0 0 0 0 0 0 0 0 0 0 0 0 0 0 0 0 0 0 0 0 
0 0 0 0 0 0 0 0 0 0 0 0 0 0 0 0 0 0 0 0 0 0 0 0 0 0 0 0 0 0 0 0 0 0 0 0 0 0 0 0 0 0 0 0 0 0 0 0 0 0 0 0 0 0 0 0 0 0 0.134673666380959 0.222144343743336 0.328428514401607 0.443356921089632 0.555621955095103 0.655959476343918 0.738851185597514 0.802568563294216 0.848140070942102 0.877971783785914 0.894624017193196 0.899951805574755 0.894624017193196 0.877971783785914 0.848140070942102 0.802568563294216 0.738851185597514 0.655959476343918 0.555621955095103 0.443356921089632 0.328428514401607 0.222144343743336 0.134673666380959 0 0 0 0 0 0 0 0 0 0 0 0 0 0 0 0 0 0 0 0 
0 0 0 0 0 0 0 0 0 0 0 0 0 0 0 0 0 0 0 0 0 0 0 0 0 0 0 0 0 0 0 0 0 0 0 0 0 0 0 0 0 0 0 0 0 0 0 0 0 0 0 0 0 0 0 0 0 0 0.176611811280319 0.280577170986664 0.4009518522914 0.52504126956607 0.640563535419269 0.738851185597514 0.815996644959178 0.872206385956601 0.910258417545711 0.933881922571738 0.946499820834731 0.950434282947895 0.946499820834731 0.933881922571738 0.910258417545711 0.872206385956601 0.815996644959178 0.738851185597514 0.640563535419269 0.52504126956607 0.4009518522914 0.280577170986664 0.176611811280319 0 0 0 0 0 0 0 0 0 0 0 0 0 0 0 0 0 0 0 0 
0 0 0 0 0 0 0 0 0 0 0 0 0 0 0 0 0 0 0 0 0 0 0 0 0 0 0 0 0 0 0 0 0 0 0 0 0 0 0 0 0 0 0 0 0 0 0 0 0 0 0 0 0 0 0 0 0 0.124649040760653 0.217265930569614 0.334712166958513 0.465189990105325 0.594185754123315 0.709174890952299 0.802568563294216 0.872206385956601 0.920084167620038 0.950434282947895 0.967988370527714 0.97676744386764 0.979392760369416 0.97676744386764 0.967988370527714 0.950434282947895 0.920084167620038 0.872206385956601 0.802568563294216 0.709174890952299 0.594185754123315 0.465189990105325 0.334712166958513 0.217265930569614 0.124649040760653 0 0 0 0 0 0 0 0 0 0 0 0 0 0 0 0 0 0 0 
0 0 0 0 0 0 0 0 0 0 0 0 0 0 0 0 0 0 0 0 0 0 0 0 0 0 0 0 0 0 0 0 0 0 0 0 0 0 0 0 0 0 0 0 0 0 0 0 0 0 0 0 0 0 0 0 0 0.148965346292023 0.252937605150263 0.380458967005002 0.517452308627229 0.648268525101831 0.760620234959594 0.848140070942102 0.910258417545711 0.950434282947895 0.973990706843794 0.986347922143432 0.991899188434045 0.993433276631679 0.991899188434045 0.986347922143432 0.973990706843794 0.950434282947895 0.910258417545711 0.848140070942102 0.760620234959594 0.648268525101831 0.517452308627229 0.380458967005002 0.252937605150263 0.148965346292023 0 0 0 0 0 0 0 0 0 0 0 0 0 0 0 0 0 0 0 
0 0 0 0 0 0 0 0 0 0 0 0 0 0 0 0 0 0 0 0 0 0 0 0 0 0 0 0 0 0 0 0 0 0 0 0 0 0 0 0 0 0 0 0 0 0 0 0 0 0 0 0 0 0 0 0 0 0.168363850639404 0.280577170986664 0.414885806364534 0.555621955095103 0.686528885737435 0.795743419830513 0.877971783785914 0.933881922571738 0.967988370527714 0.986347922143432 0.994807892915402 0.997968615703567 0.998699438236634 0.997968615703567 0.994807892915402 0.986347922143432 0.967988370527714 0.933881922571738 0.877971783785914 0.795743419830513 0.686528885737435 0.555621955095103 0.414885806364534 0.280577170986664 0.168363850639404 0 0 0 0 0 0 0 0 0 0 0 0 0 0 0 0 0 0 0 
0 0 0 0 0 0 0 0 0 0 0 0 0 0 0 0 0 0 0 0 0 0 0 0 0 0 0 0 0 0 0 0 0 0 0 0 0 0 0 0 0 0 0 0 0 0 0 0 0 0 0 0 0 0 0 0 0 0.180841965233748 0.298007983095329 0.436167435382153 0.578731402655081 0.709174890952299 0.815996644959178 0.894624017193196 0.946499820834731 0.97676744386764 0.991899188434045 0.997968615703567 0.999674700864287 0.999918665293608 0.999674700864287 0.997968615703567 0.991899188434045 0.97676744386764 0.946499820834731 0.894624017193196 0.815996644959178 0.709174890952299 0.578731402655081 0.436167435382153 0.298007983095329 0.180841965233748 0 0 0 0 0 0 0 0 0 0 0 0 0 0 0 0 0 0 0 
0 0 0 0 0 0 0 0 0 0 0 0 0 0 0 0 0 0 0 0 0 0 0 0 0 0 0 0 0 0 0 0 0 0 0 0 0 0 0 0 0 0 0 0 0 0 0 0 0 0 0 0 0 0 0 0 0 0.185143317756047 0.303956747254952 0.443356921089632 0.586455368737499 0.716655157241385 0.822593954734239 0.899951805574755 0.950434282947895 0.979392760369416 0.993433276631679 0.998699438236634 0.999918665293608 1 0.999918665293608 0.998699438236634 0.993433276631679 0.979392760369416 0.950434282947895 0.899951805574755 0.822593954734239 0.716655157241385 0.586455368737499 0.443356921089632 0.303956747254952 0.185143317756047 0 0 0 0 0 0 0 0 0 0 0 0 0 0 0 0 0 0 0 
0 0 0 0 0 0 0 0 0 0 0 0 0 0 0 0 0 0 0 0 0 0 0 0 0 0 0 0 0 0 0 0 0 0 0 0 0 0 0 0 0 0 0 0 0 0 0 0 0 0 0 0 0 0 0 0 0 0.180841965233748 0.298007983095329 0.436167435382153 0.578731402655081 0.709174890952299 0.815996644959178 0.894624017193196 0.946499820834731 0.97676744386764 0.991899188434045 0.997968615703567 0.999674700864287 0.999918665293608 0.999674700864287 0.997968615703567 0.991899188434045 0.97676744386764 0.946499820834731 0.894624017193196 0.815996644959178 0.709174890952299 0.578731402655081 0.436167435382153 0.298007983095329 0.180841965233748 0 0 0 0 0 0 0 0 0 0 0 0 0 0 0 0 0 0 0 
0 0 0 0 0 0 0 0 0 0 0 0 0 0 0 0 0 0 0 0 0 0 0 0 0 0 0 0 0 0 0 0 0 0 0 0 0 0 0 0 0 0 0 0 0 0 0 0 0 0 0 0 0 0 0 0 0 0.168363850639404 0.280577170986664 0.414885806364534 0.555621955095103 0.686528885737435 0.795743419830513 0.877971783785914 0.933881922571738 0.967988370527714 0.986347922143432 0.994807892915402 0.997968615703567 0.998699438236634 0.997968615703567 0.994807892915402 0.986347922143432 0.967988370527714 0.933881922571738 0.877971783785914 0.795743419830513 0.686528885737435 0.555621955095103 0.414885806364534 0.280577170986664 0.168363850639404 0 0 0 0 0 0 0 0 0 0 0 0 0 0 0 0 0 0 0 
0 0 0 0 0 0 0 0 0 0 0 0 0 0 0 0 0 0 0 0 0 0 0 0 0 0 0 0 0 0 0 0 0 0 0 0 0 0 0 0 0 0 0 0 0 0 0 0 0 0 0 0 0 0 0 0 0 0.148965346292023 0.252937605150263 0.380458967005002 0.517452308627229 0.648268525101831 0.760620234959594 0.848140070942102 0.910258417545711 0.950434282947895 0.973990706843794 0.986347922143432 0.991899188434045 0.993433276631679 0.991899188434045 0.986347922143432 0.973990706843794 0.950434282947895 0.910258417545711 0.848140070942102 0.760620234959594 0.648268525101831 0.517452308627229 0.380458967005002 0.252937605150263 0.148965346292023 0 0 0 0 0 0 0 0 0 0 0 0 0 0 0 0 0 0 0 
0 0 0 0 0 0 0 0 0 0 0 0 0 0 0 0 0 0 0 0 0 0 0 0 0 0 0 0 0 0 0 0 0 0 0 0 0 0 0 0 0 0 0 0 0 0 0 0 0 0 0 0 0 0 0 0 0 0.124649040760653 0.217265930569614 0.334712166958513 0.465189990105325 0.594185754123315 0.709174890952299 0.802568563294216 0.872206385956601 0.920084167620038 0.950434282947895 0.967988370527714 0.97676744386764 0.979392760369416 0.97676744386764 0.967988370527714 0.950434282947895 0.920084167620038 0.872206385956601 0.802568563294216 0.709174890952299 0.594185754123315 0.465189990105325 0.334712166958513 0.217265930569614 0.124649040760653 0 0 0 0 0 0 0 0 0 0 0 0 0 0 0 0 0 0 0 
0 0 0 0 0 0 0 0 0 0 0 0 0 0 0 0 0 0 0 0 0 0 0 0 0 0 0 0 0 0 0 0 0 0 0 0 0 0 0 0 0 0 0 0 0 0 0 0 0 0 0 0 0 0 0 0 0 0 0.176611811280319 0.280577170986664 0.4009518522914 0.52504126956607 0.640563535419269 0.738851185597514 0.815996644959178 0.872206385956601 0.910258417545711 0.933881922571738 0.946499820834731 0.950434282947895 0.946499820834731 0.933881922571738 0.910258417545711 0.872206385956601 0.815996644959178 0.738851185597514 0.640563535419269 0.52504126956607 0.4009518522914 0.280577170986664 0.176611811280319 0 0 0 0 0 0 0 0 0 0 0 0 0 0 0 0 0 0 0 0 
