0 0 0 0 0 0 0 0 0 0 0 0 0 0 0 0 0 0 0 0 0 0 0 0 0 0 0 0 0 0 0 0 0 0 0 0 0 0 0 0 0 0 0 0 0 0 0 0 0 0 0 0 0 0 0 0 0 0 0 0 0 0 0 0 0 0 0 0 0 0 0 0 0 0 0 0 0 0 0.163021388703181 0.243252094649978 0.330515821523994 0.416056378124638 0.492360316662318 0.554341703344906 0.599341703750742 0.62641006488962 0.635420390446752 0.62641006488962 0.599341703750742 0.554341703344906 0.492360316662318 0.416056378124638 0.330515821523994 0.243252094649978 0.163021388703181 0 0 0 0 0 0 
0 0 0 0 0 0 0 0 0 0 0 0 0 0 0 0 0 0 0 0 0 0 0 0 0 0 0 0 0 0 0 0 0 0 0 0 0 0 0 0 0 0 0 0 0 0 0 0 0 0 0 0 0 0 0 0 0 0 0 0 0 0 0 0 0 0 0 0 0 0 0 0 0 0 0 0 0 0.153969574170007 0.243252094649978 0.345328355440562 0.449382755873488 0.545393148849829 0.62641006488962 0.689058785152317 0.732725159387735 0.758224936516815 0.766581016240933 0.758224936516815 0.732725159387735 0.689058785152317 0.62641006488962 0.545393148849829 0.449382755873488 0.345328355440562 0.243252094649978 0.153969574170007 0 0 0 0 0 
0 0 0 0 0 0 0 0 0 0 0 0 0 0 0 0 0 0 0 0 0 0 0 0 0 0 0 0 0 0 0 0 0 0 0 0 0 0 0 0 0 0 0 0 0 0 0 0 0 0 0 0 0 0 0 0 0 0 0 0 0 0 0 0 0 0 0 0 0 0 0 0 0 0 0 0 0.129032167400704 0.21969606384552 0.330515821523994 0.449382755873488 0.563312339004762 0.662355943303985 0.741292464496538 0.799164955770888 0.837665753786066 0.859364520450072 0.866337904026611 0.859364520450072 0.837665753786066 0.799164955770888 0.741292464496538 0.662355943303985 0.563312339004762 0.449382755873488 0.330515821523994 0.21969606384552 0.129032167400704 0 0 0 0 
0 0 0 0 0 0 0 0 0 0 0 0 0 0 0 0 0 0 0 0 0 0 0 0 0 0 0 0 0 0 0 0 0 0 0 0 0 0 0 0 0 0 0 0 0 0 0 0 0 0 0 0 0 0 0 0 0 0 0 0 0 0 0 0 0 0 0 0 0 0 0 0 0 0 0 0.116223524466467 0.177311905213896 0.288246747940293 0.416056378124638 0.545393148849829 0.662355943303985 0.758224936516815 0.830187553233752 0.879870231467196 0.911095850168918 0.927891927274027 0.93314582184722 0.927891927274027 0.911095850168918 0.879870231467196 0.830187553233752 0.758224936516815 0.662355943303985 0.545393148849829 0.416056378124638 0.288246747940293 0.177311905213896 0 0 0 0 
0 0 0 0 0 0 0 0 0 0 0 0 0 0 0 0 0 0 0 0 0 0 0 0 0 0 0 0 0 0 0 0 0 0 0 0 0 0 0 0 0 0 0 0 0 0 0 0 0 0 0 0 0 0 0 0 0 0 0 0 0 0 0 0 0 0 0 0 0 0 0 0 0 0 0.120379986521733 0.171081827656088 0.228761815026476 0.352864518829096 0.492360316662318 0.62641006488962 0.741292464496538 0.830187553233752 0.892822829742286 0.93314582184722 0.956682192461664 0.968511219632588 0.972056081486504 0.968511219632588 0.956682192461664 0.93314582184722 0.892822829742286 0.830187553233752 0.741292464496538 0.62641006488962 0.492360316662318 0.352864518829096 0.225436948126087 0.125190663414 0 0 0 
0 0 0 0 0 0 0 0 0 0 0 0 0 0 0 0 0 0 0 0 0 0 0 0 0 0 0 0 0 0 0 0 0 0 0 0 0 0 0 0 0 0 0 0 0 0 0 0 0 0 0 0 0 0 0 0 0 0 0 0 0 0 0 0 0 0 0 0 0 0 0 0 0 0.116223524466467 0.171081827656088 0.235508295282422 0.305954880410522 0.407892505183624 0.554341703344906 0.689058785152317 0.799164955770888 0.879870231467196 0.93314582184722 0.964765642858517 0.981463942905692 0.98899005057738 0.991072572182266 0.98899005057738 0.981463942905692 0.964765642858517 0.93314582184722 0.879870231467196 0.799164955770888 0.689058785152317 0.554341703344906 0.407892505183624 0.268381339755955 0.153969574170007 0 0 0 
0 0 0 0 0 0 0 0 0 0 0 0 0 0 0 0 0 0 0 0 0 0 0 0 0 0 0 0 0 0 0 0 0 0 0 0 0 0 0 0 0 0 0 0 0 0 0 0 0 0 0 0 0 0 0 0 0 0 0 0 0 0 0 0 0 0 0 0 0 0 0 0 0.104414232687483 0.160396673849307 0.228761815026476 0.305954880410522 0.387233813910942 0.467639043476522 0.599341703750742 0.732725159387735 0.837665753786066 0.911095850168918 0.956682192461664 0.981463942905692 0.992939597787242 0.997236074820564 0.998230206735349 0.997236074820564 0.992939597787242 0.981463942905692 0.956682192461664 0.911095850168918 0.837665753786066 0.732725159387735 0.599341703750742 0.449382755873488 0.301966205404137 0.177311905213896 0.104414232687483 0 0 
0 0 0 0 0 0 0 0 0 0 0 0 0 0 0 0 0 0 0 0 0 0 0 0 0 0 0 0 0 0 0 0 0 0 0 0 0 0 0 0 0 0 0 0 0 0 0 0 0 0 0 0 0 0 0 0 0 0 0 0 0 0 0 0 0 0 0 0 0 0 0 0 0.140498318567113 0.209296475736806 0.290183565392887 0.378213454956085 0.467639043476522 0.553061902352397 0.630272969598577 0.758224936516815 0.859364520450072 0.927891927274027 0.968511219632588 0.98899005057738 0.997236074820564 0.99955725773955 0.999889296053199 0.99955725773955 0.997236074820564 0.98899005057738 0.968511219632588 0.927891927274027 0.859364520450072 0.758224936516815 0.62641006488962 0.475012317422744 0.323242173213885 0.209296475736806 0.140498318567113 0 0 
0 0 0 0 0 0 0 0 0 0 0 0 0 0 0 0 0 0 0 0 0 0 0 0 0 0 0 0 0 0 0 0 0 0 0 0 0 0 0 0 0 0 0 0 0 0 0 0 0 0 0 0 0 0 0 0 0 0 0 0 0 0 0 0 0 0 0 0 0 0 0 0.114187040522402 0.179424017477813 0.260133618342505 0.351782706489923 0.448175122707347 0.542840976714897 0.630272969598577 0.706673312887989 0.770138121786953 0.866337904026611 0.93314582184722 0.972056081486504 0.991072572182266 0.998230206735349 0.999889296053199 1 0.999889296053199 0.998230206735349 0.991072572182266 0.972056081486504 0.93314582184722 0.866337904026611 0.766581016240933 0.635420390446752 0.4836620781975 0.351782706489923 0.260133618342505 0.179424017477813 0.114187040522402 0 
0 0 0 0 0 0 0 0 0 0 0 0 0 0 0 0 0 0 0 0 0 0 0 0 0 0 0 0 0 0 0 0 0 0 0 0 0 0 0 0 0 0 0 0 0 0 0 0 0 0 0 0 0 0 0 0 0 0 0 0 0 0 0 0 0 0 0 0 0 0 0 0.142880037199683 0.218884003289759 0.30997382981019 0.410217823497029 0.512407727916729 0.609655961399706 0.696629003925155 0.770138121786953 0.829109716325087 0.874139766300504 0.927891927274027 0.968511219632588 0.98899005057738 0.997236074820564 0.99955725773955 0.999889296053199 0.99955725773955 0.997236074820564 0.98899005057738 0.968511219632588 0.927891927274027 0.859364520450072 0.758224936516815 0.62641006488962 0.512407727916729 0.410217823497029 0.30997382981019 0.218884003289759 0.142880037199683 0 
0 0 0 0 0 0 0 0 0 0 0 0 0 0 0 0 0 0 0 0 0 0 0 0 0 0 0 0 0 0 0 0 0 0 0 0 0 0 0 0 0 0 0 0 0 0 0 0 0 0 0 0 0 0 0 0 0 0 0 0 0 0 0 0 0 0 0 0 0 0 0.104414232687483 0.171081827656088 0.25651965189691 0.356120302220687 0.462745398320155 0.56844692998418 0.666187598955666 0.751002753824508 0.820403774867462 0.874139766300504 0.91358800332705 0.941041033391122 0.959071486423003 0.981463942905692 0.992939597787242 0.997236074820564 0.998230206735349 0.997236074820564 0.992939597787242 0.981463942905692 0.956682192461664 0.911095850168918 0.837665753786066 0.751002753824508 0.666187598955666 0.56844692998418 0.462745398320155 0.356120302220687 0.25651965189691 0.171081827656088 0.104414232687483 
0 0 0 0 0 0 0 0 0 0 0 0 0 0 0 0 0 0 0 0 0 0 0 0 0 0 0 0 0 0 0 0 0 0 0 0 0 0 0 0 0 0 0 0 0 0 0 0 0 0 0 0 0 0 0 0 0 0 0 0 0 0 0 0 0 0 0 0 0 0 0.122500346009132 0.196963691966266 0.290183565392887 0.396354664594577 0.507375641403699 0.614812783019591 0.711672460764708 0.793452610653627 0.858357400416313 0.906875396615834 0.941041033391122 0.963658949267768 0.977659437658666 0.985643953597886 0.989606968642054 0.990788232197615 0.991072572182266 0.98899005057738 0.981463942905692 0.964765642858517 0.941041033391122 0.906875396615834 0.858357400416313 0.793452610653627 0.711672460764708 0.614812783019591 0.507375641403699 0.396354664594577 0.290183565392887 0.196963691966266 0.122500346009132 
0 0 0 0 0 0 0 0 0 0 0 0 0 0 0 0 0 0 0 0 0 0 0 0 0 0 0 0 0 0 0 0 0 0 0 0 0 0 0 0 0 0 0 0 0 0 0 0 0 0 0 0 0 0 0 0 0 0 0 0 0 0 0 0 0 0 0 0 0 0 0.138146313254769 0.218884003289759 0.31810179371863 0.429024736817683 0.542840976714897 0.650833867361082 0.746158786226335 0.824775073546704 0.885494202575771 0.92941101300603 0.959071486423003 0.977659437658666 0.988355652294795 0.99390923574253 0.996391503473435 0.99707611439146 0.996391503473435 0.99390923574253 0.988355652294795 0.977659437658666 0.959071486423003 0.92941101300603 0.885494202575771 0.824775073546704 0.746158786226335 0.650833867361082 0.542840976714897 0.429024736817683 0.31810179371863 0.218884003289759 0.138146313254769 
0 0 0 0 0 0 0 0 0 0 0 0 0 0 0 0 0 0 0 0 0 0 0 0 0 0 0 0 0 0.124649040760653 0.148965346292023 0.168363850639404 0.180841965233748 0.185143317756047 0.180841965233748 0.168363850639404 0.148965346292023 0.124649040760653 0 0 0 0 0 0 0 0 0 0 0 0 0 0 0 0 0 0 0 0 0 0 0 0 0 0 0 0 0 0 0 0 0.15020501740057 0.235508295282422 0.338937284468122 0.453012932125387 0.56844692998418 0.676379566235135 0.770138121786953 0.846065366649882 0.903439627393044 0.94380059837805 0.970055160883945 0.985643953597886 0.99390923574253 0.99768905971623 0.999096652550435 0.999421763586342 0.999096652550435 0.99768905971623 0.99390923574253 0.985643953597886 0.970055160883945 0.94380059837805 0.903439627393044 0.846065366649882 0.770138121786953 0.676379566235135 0.56844692998418 0.453012932125387 0.338937284468122 0.235508295282422 0.15020501740057 
0 0 0 0 0 0 0 0 0 0 0 0 0 0 0 0 0 0 0 0 0 0 0 0 0 0 0 0.134673666380959 0.176611811280319 0.217265930569614 0.252937605150263 0.280577170986664 0.298007983095329 0.303956747254952 0.298007983095329 0.280577170986664 0.252937605150263 0.217265930569614 0.176611811280319 0.134673666380959 0 0 0 0 0 0 0 0 0 0 0 0 0 0 0 0 0 0 0 0 0 0 0 0 0 0 0 0 0 0 0.157802808411957 0.245869537322945 0.351782706489923 0.467639043476522 0.583879880290187 0.691585506795639 0.784213372567573 0.858357400416313 0.91358800332705 0.951714996072475 0.97585862499548 0.989606968642054 0.996391503473435 0.999096652550435 0.999855409540007 0.999963850424861 0.999855409540007 0.999096652550435 0.996391503473435 0.989606968642054 0.97585862499548 0.951714996072475 0.91358800332705 0.858357400416313 0.784213372567573 0.691585506795639 0.583879880290187 0.467639043476522 0.351782706489923 0.245869537322945 0.157802808411957 
0 0 0 0 0 0 0 0 0 0 0 0 0 0 0 0 0 0 0 0 0 0 0 0 0 0.112178129295711 0.164345353030684 0.222144343743336 0.280577170986664 0.334712166958513 0.380458967005002 0.414885806364534 0.436167435382153 0.443356921089632 0.436167435382153 0.414885806364534 0.380458967005002 0.334712166958513 0.280577170986664 0.222144343743336 0.164345353030684 0.112178129295711 0 0 0 0 0 0 0 0 0 0 0 0 0 0 0 0 0 0 0 0 0 0 0 0 0 0 0 0 0.160396673849307 0.249387546707287 0.356120302220687 0.472550273284979 0.589031570730014 0.696629003925155 0.788847981145606 0.86236959462745 0.916863476178001 0.954229857097688 0.977659437658666 0.990788232197615 0.99707611439146 0.999421763586342 0.999963850424861 1 0.999963850424861 0.999421763586342 0.99707611439146 0.990788232197615 0.977659437658666 0.954229857097688 0.916863476178001 0.86236959462745 0.788847981145606 0.696629003925155 0.589031570730014 0.472550273284979 0.356120302220687 0.249387546707287 0.160396673849307 
0 0 0 0 0 0 0 0 0 0 0 0 0 0 0 0 0 0 0 0 0 0 0 0 0.11828777578455 0.180841965233748 0.252937605150263 0.328428514401607 0.4009518522914 0.465189990105325 0.517452308627229 0.555621955095103 0.578731402655081 0.586455368737499 0.578731402655081 0.555621955095103 0.517452308627229 0.465189990105325 0.4009518522914 0.328428514401607 0.252937605150263 0.180841965233748 0.11828777578455 0 0 0 0 0 0 0 0 0 0 0 0 0 0 0 0 0 0 0 0 0 0 0 0 0 0 0 0.157802808411957 0.245869537322945 0.351782706489923 0.467639043476522 0.583879880290187 0.691585506795639 0.784213372567573 0.858357400416313 0.91358800332705 0.951714996072475 0.97585862499548 0.989606968642054 0.996391503473435 0.999096652550435 0.999855409540007 0.999963850424861 0.999855409540007 0.999096652550435 0.996391503473435 0.989606968642054 0.97585862499548 0.951714996072475 0.91358800332705 0.858357400416313 0.784213372567573 0.691585506795639 0.583879880290187 0.467639043476522 0.351782706489923 0.245869537322945 0.157802808411957 
0 0 0 0 0 0 0 0 0 0 0 0 0 0 0 0 0 0 0 0 0 0 0 0.112178129295711 0.180841965233748 0.263779427941377 0.353948058572304 0.443356921089632 0.52504126956607 0.594185754123315 0.648268525101831 0.686528885737435 0.709174890952299 0.716655157241385 0.709174890952299 0.686528885737435 0.648268525101831 0.594185754123315 0.52504126956607 0.443356921089632 0.353948058572304 0.263779427941377 0.180841965233748 0.112178129295711 0 0 0 0 0 0 0 0 0 0 0 0 0 0 0 0 0 0 0 0 0 0 0 0 0 0 0.15020501740057 0.235508295282422 0.338937284468122 0.453012932125387 0.56844692998418 0.676379566235135 0.770138121786953 0.846065366649882 0.903439627393044 0.94380059837805 0.970055160883945 0.985643953597886 0.99390923574253 0.99768905971623 0.999096652550435 0.999421763586342 0.999096652550435 0.99768905971623 0.99390923574253 0.985643953597886 0.970055160883945 0.94380059837805 0.903439627393044 0.846065366649882 0.770138121786953 0.676379566235135 0.56844692998418 0.453012932125387 0.338937284468122 0.235508295282422 0.15020501740057 
0 0 0 0 0 0 0 0 0 0 0 0 0 0 0 0 0 0 0 0 0 0 0 0.164345353030684 0.252937605150263 0.353948058572304 0.457869857697532 0.555621955095103 0.640563535419269 0.709174890952299 0.760620234959594 0.795743419830513 0.815996644959178 0.822593954734239 0.815996644959178 0.795743419830513 0.760620234959594 0.709174890952299 0.640563535419269 0.555621955095103 0.457869857697532 0.353948058572304 0.252937605150263 0.164345353030684 0 0 0 0 0 0 0 0 0 0 0 0 0 0 0 0 0 0 0 0 0 0 0 0 0 0 0.138146313254769 0.218884003289759 0.31810179371863 0.429024736817683 0.542840976714897 0.650833867361082 0.746158786226335 0.824775073546704 0.885494202575771 0.92941101300603 0.959071486423003 0.977659437658666 0.988355652294795 0.99390923574253 0.996391503473435 0.99707611439146 0.996391503473435 0.99390923574253 0.988355652294795 0.977659437658666 0.959071486423003 0.92941101300603 0.885494202575771 0.824775073546704 0.746158786226335 0.650833867361082 0.542840976714897 0.429024736817683 0.31810179371863 0.218884003289759 0.138146313254769 
0 0 0 0 0 0 0 0 0 0 0 0 0 0 0 0 0 0 0 0 0 0 0.134673666380959 0.222144343743336 0.328428514401607 0.443356921089632 0.555621955095103 0.655959476343918 0.738851185597514 0.802568563294216 0.848140070942102 0.877971783785914 0.894624017193196 0.899951805574755 0.894624017193196 0.877971783785914 0.848140070942102 0.802568563294216 0.738851185597514 0.655959476343918 0.555621955095103 0.443356921089632 0.328428514401607 0.222144343743336 0.134673666380959 0 0 0 0 0 0 0 0 0 0 0 0 0 0 0 0 0 0 0 0 0 0 0 0 0 0.122500346009132 0.196963691966266 0.290183565392887 0.396354664594577 0.507375641403699 0.614812783019591 0.711672460764708 0.793452610653627 0.858357400416313 0.906875396615834 0.941041033391122 0.963658949267768 0.977659437658666 0.985643953597886 0.989606968642054 0.990788232197615 0.989606968642054 0.985643953597886 0.977659437658666 0.963658949267768 0.941041033391122 0.906875396615834 0.858357400416313 0.793452610653627 0.711672460764708 0.614812783019591 0.507375641403699 0.396354664594577 0.290183565392887 0.196963691966266 0.122500346009132 
0 0 0 0 0 0 0 0 0 0 0 0 0 0 0 0 0 0 0 0 0 0 0.176611811280319 0.280577170986664 0.4009518522914 0.52504126956607 0.640563535419269 0.738851185597514 0.815996644959178 0.872206385956601 0.910258417545711 0.933881922571738 0.946499820834731 0.950434282947895 0.946499820834731 0.933881922571738 0.910258417545711 0.872206385956601 0.815996644959178 0.738851185597514 0.640563535419269 0.52504126956607 0.4009518522914 0.280577170986664 0.176611811280319 0 0 0 0 0 0 0 0 0 0 0 0 0 0 0 0 0 0 0 0 0 0 0 0 0 0.104414232687483 0.171081827656088 0.25651965189691 0.356120302220687 0.462745398320155 0.56844692998418 0.666187598955666 0.751002753824508 0.820403774867462 0.874139766300504 0.91358800332705 0.941041033391122 0.959071486423003 0.970055160883945 0.97585862499548 0.977659437658666 0.97585862499548 0.970055160883945 0.959071486423003 0.941041033391122 0.91358800332705 0.874139766300504 0.820403774867462 0.751002753824508 0.666187598955666 0.56844692998418 0.462745398320155 0.356120302220687 0.25651965189691 0.171081827656088 0.104414232687483 
0 0 0 0 0 0 0 0 0 0 0 0 0 0 0 0 0 0 0 0 0 0.124649040760653 0.217265930569614 0.334712166958513 0.465189990105325 0.594185754123315 0.709174890952299 0.802568563294216 0.872206385956601 0.920084167620038 0.950434282947895 0.967988370527714 0.97676744386764 0.979392760369416 0.97676744386764 0.967988370527714 0.950434282947895 0.920084167620038 0.872206385956601 0.802568563294216 0.709174890952299 0.594185754123315 0.465189990105325 0.334712166958513 0.217265930569614 0.124649040760653 0 0 0 0 0 0 0 0 0 0 0 0 0 0 0 0 0 0 0 0 0 0 0 0 0 0.142880037199683 0.218884003289759 0.30997382981019 0.410217823497029 0.512407727916729 0.609655961399706 0.696629003925155 0.770138121786953 0.829109716325087 0.874139766300504 0.906875396615834 0.92941101300603 0.94380059837805 0.951714996072475 0.954229857097688 0.951714996072475 0.94380059837805 0.92941101300603 0.906875396615834 0.874139766300504 0.829109716325087 0.770138121786953 0.696629003925155 0.609655961399706 0.512407727916729 0.410217823497029 0.30997382981019 0.218884003289759 0.142880037199683 0 
0 0 0 0 0 0 0 0 0 0 0 0 0 0 0 0 0 0 0 0 0 0.148965346292023 0.252937605150263 0.380458967005002 0.517452308627229 0.648268525101831 0.760620234959594 0.848140070942102 0.910258417545711 0.950434282947895 0.973990706843794 0.986347922143432 0.991899188434045 0.993433276631679 0.991899188434045 0.986347922143432 0.973990706843794 0.950434282947895 0.910258417545711 0.848140070942102 0.760620234959594 0.648268525101831 0.517452308627229 0.380458967005002 0.252937605150263 0.148965346292023 0 0 0 0 0 0 0 0 0 0 0 0 0 0 0 0 0 0 0 0 0 0 0 0 0 0.114187040522402 0.179424017477813 0.260133618342505 0.351782706489923 0.448175122707347 0.542840976714897 0.630272969598577 0.706673312887989 0.770138121786953 0.820403774867462 0.858357400416313 0.885494202575771 0.903439627393044 0.91358800332705 0.916863476178001 0.91358800332705 0.903439627393044 0.885494202575771 0.858357400416313 0.820403774867462 0.770138121786953 0.706673312887989 0.630272969598577 0.542840976714897 0.448175122707347 0.351782706489923 0.260133618342505 0.179424017477813 0.114187040522402 0 
0 0 0 0 0 0 0 0 0 0 0 0 0 0 0 0 0 0 0 0 0 0.168363850639404 0.280577170986664 0.414885806364534 0.555621955095103 0.686528885737435 0.795743419830513 0.877971783785914 0.933881922571738 0.967988370527714 0.986347922143432 0.994807892915402 0.997968615703567 0.998699438236634 0.997968615703567 0.994807892915402 0.986347922143432 0.967988370527714 0.933881922571738 0.877971783785914 0.795743419830513 0.686528885737435 0.555621955095103 0.414885806364534 0.280577170986664 0.168363850639404 0 0 0 0 0 0 0 0 0 0 0 0 0 0 0 0 0 0 0 0 0 0 0 0 0 0 0.140498318567113 0.209296475736806 0.290183565392887 0.378213454956085 0.467639043476522 0.553061902352397 0.630272969598577 0.696629003925155 0.751002753824508 0.793452610653627 0.824775073546704 0.846065366649882 0.858357400416313 0.86236959462745 0.858357400416313 0.846065366649882 0.824775073546704 0.793452610653627 0.751002753824508 0.696629003925155 0.630272969598577 0.553061902352397 0.467639043476522 0.378213454956085 0.290183565392887 0.209296475736806 0.140498318567113 0 0 
0 0 0 0 0 0 0 0 0 0 0 0 0 0 0 0 0 0 0 0 0 0.180841965233748 0.298007983095329 0.436167435382153 0.578731402655081 0.709174890952299 0.815996644959178 0.894624017193196 0.946499820834731 0.97676744386764 0.991899188434045 0.997968615703567 0.999674700864287 0.999918665293608 0.999674700864287 0.997968615703567 0.991899188434045 0.97676744386764 0.946499820834731 0.894624017193196 0.815996644959178 0.709174890952299 0.578731402655081 0.436167435382153 0.298007983095329 0.180841965233748 0 0 0 0 0 0 0 0 0 0 0 0 0 0 0 0 0 0 0 0 0 0 0 0 0 0 0.104414232687483 0.160396673849307 0.228761815026476 0.305954880410522 0.387233813910942 0.467639043476522 0.542840976714897 0.609655961399706 0.666187598955666 0.711672460764708 0.746158786226335 0.770138121786953 0.784213372567573 0.788847981145606 0.784213372567573 0.770138121786953 0.746158786226335 0.711672460764708 0.666187598955666 0.609655961399706 0.542840976714897 0.467639043476522 0.387233813910942 0.305954880410522 0.228761815026476 0.160396673849307 0.104414232687483 0 0 
0 0 0 0 0 0 0 0 0 0 0 0 0 0 0 0 0 0 0 0 0 0.185143317756047 0.303956747254952 0.443356921089632 0.586455368737499 0.716655157241385 0.822593954734239 0.899951805574755 0.950434282947895 0.979392760369416 0.993433276631679 0.998699438236634 0.999918665293608 1 0.999918665293608 0.998699438236634 0.993433276631679 0.979392760369416 0.950434282947895 0.899951805574755 0.822593954734239 0.716655157241385 0.586455368737499 0.443356921089632 0.303956747254952 0.185143317756047 0 0 0 0 0 0 0 0 0 0 0 0 0 0 0 0 0 0 0 0 0 0 0 0 0 0 0 0.116223524466467 0.171081827656088 0.235508295282422 0.305954880410522 0.378213454956085 0.448175122707347 0.512407727916729 0.56844692998418 0.614812783019591 0.650833867361082 0.676379566235135 0.691585506795639 0.696629003925155 0.691585506795639 0.676379566235135 0.650833867361082 0.614812783019591 0.56844692998418 0.512407727916729 0.448175122707347 0.378213454956085 0.305954880410522 0.235508295282422 0.171081827656088 0.116223524466467 0 0 0 
0 0 0 0 0 0 0 0 0 0 0 0 0 0 0 0 0 0 0 0 0 0.180841965233748 0.298007983095329 0.436167435382153 0.578731402655081 0.709174890952299 0.815996644959178 0.894624017193196 0.946499820834731 0.97676744386764 0.991899188434045 0.997968615703567 0.999674700864287 0.999918665293608 0.999674700864287 0.997968615703567 0.991899188434045 0.97676744386764 0.946499820834731 0.894624017193196 0.815996644959178 0.709174890952299 0.578731402655081 0.436167435382153 0.298007983095329 0.180841965233748 0 0 0 0 0 0 0 0 0 0 0 0 0 0 0 0 0 0 0 0 0 0 0 0 0 0 0 0 0.120379986521733 0.171081827656088 0.228761815026476 0.290183565392887 0.351782706489923 0.410217823497029 0.462745398320155 0.507375641403699 0.542840976714897 0.56844692998418 0.583879880290187 0.589031570730014 0.583879880290187 0.56844692998418 0.542840976714897 0.507375641403699 0.462745398320155 0.410217823497029 0.351782706489923 0.290183565392887 0.228761815026476 0.171081827656088 0.120379986521733 0 0 0 0 
0 0 0 0 0 0 0 0 0 0 0 0 0 0 0 0 0 0 0 0 0 0.168363850639404 0.280577170986664 0.414885806364534 0.555621955095103 0.686528885737435 0.795743419830513 0.877971783785914 0.933881922571738 0.967988370527714 0.986347922143432 0.994807892915402 0.997968615703567 0.998699438236634 0.997968615703567 0.994807892915402 0.986347922143432 0.967988370527714 0.933881922571738 0.877971783785914 0.795743419830513 0.686528885737435 0.555621955095103 0.414885806364534 0.280577170986664 0.168363850639404 0 0 0 0 0 0 0 0 0 0 0 0 0 0 0 0 0 0 0 0 0 0 0 0 0 0 0 0 0 0.116223524466467 0.160396673849307 0.209296475736806 0.260133618342505 0.30997382981019 0.356120302220687 0.396354664594577 0.429024736817683 0.453012932125387 0.467639043476522 0.472550273284979 0.467639043476522 0.453012932125387 0.429024736817683 0.396354664594577 0.356120302220687 0.30997382981019 0.260133618342505 0.209296475736806 0.160396673849307 0.116223524466467 0 0 0 0 0 
0 0 0 0 0 0 0 0 0 0 0 0 0 0 0 0 0 0 0 0 0 0.148965346292023 0.252937605150263 0.380458967005002 0.517452308627229 0.648268525101831 0.760620234959594 0.848140070942102 0.910258417545711 0.950434282947895 0.973990706843794 0.986347922143432 0.991899188434045 0.993433276631679 0.991899188434045 0.986347922143432 0.973990706843794 0.950434282947895 0.910258417545711 0.848140070942102 0.760620234959594 0.648268525101831 0.517452308627229 0.380458967005002 0.252937605150263 0.148965346292023 0 0 0 0 0 0 0 0 0 0 0 0 0 0 0 0 0 0 0 0 0 0 0 0 0 0 0 0 0 0 0.104414232687483 0.140498318567113 0.179424017477813 0.218884003289759 0.25651965189691 0.290183565392887 0.31810179371863 0.338937284468122 0.351782706489923 0.356120302220687 0.351782706489923 0.338937284468122 0.31810179371863 0.290183565392887 0.25651965189691 0.218884003289759 0.179424017477813 0.140498318567113 0.104414232687483 0 0 0 0 0 0 
0 0 0 0 0 0 0 0 0 0 0 0 0 0 0 0 0 0 0 0 0 0.124649040760653 0.217265930569614 0.334712166958513 0.465189990105325 0.594185754123315 0.709174890952299 0.802568563294216 0.872206385956601 0.920084167620038 0.950434282947895 0.967988370527714 0.97676744386764 0.979392760369416 0.97676744386764 0.967988370527714 0.950434282947895 0.920084167620038 0.872206385956601 0.802568563294216 0.709174890952299 0.594185754123315 0.465189990105325 0.334712166958513 0.217265930569614 0.124649040760653 0 0 0 0 0 0 0 0 0 0 0 0 0 0 0 0 0 0 0 0 0 0 0 0 0 0 0 0 0 0 0 0 0.114187040522402 0.142880037199683 0.171081827656088 0.196963691966266 0.218884003289759 0.235508295282422 0.245869537322945 0.249387546707287 0.245869537322945 0.235508295282422 0.218884003289759 0.196963691966266 0.171081827656088 0.142880037199683 0.114187040522402 0 0 0 0 0 0 0 0 
0 0 0 0 0 0 0 0 0 0 0 0 0 0 0 0 0 0 0 0 0 0 0.176611811280319 0.280577170986664 0.4009518522914 0.52504126956607 0.640563535419269 0.738851185597514 0.815996644959178 0.872206385956601 0.910258417545711 0.933881922571738 0.946499820834731 0.950434282947895 0.946499820834731 0.933881922571738 0.910258417545711 0.872206385956601 0.815996644959178 0.738851185597514 0.640563535419269 0.52504126956607 0.4009518522914 0.280577170986664 0.176611811280319 0 0 0 0 0 0 0 0 0 0 0 0 0 0 0 0 0 0 0 0 0 0 0 0 0 0 0 0 0 0 0 0 0 0 0 0.104414232687483 0.122500346009132 0.138146313254769 0.15020501740057 0.157802808411957 0.160396673849307 0.157802808411957 0.15020501740057 0.138146313254769 0.122500346009132 0.104414232687483 0 0 0 0 0 0 0 0 0 0 
0 0 0 0 0 0 0 0 0 0 0 0 0 0 0 0 0 0 0 0 0 0 0.134673666380959 0.222144343743336 0.328428514401607 0.443356921089632 0.555621955095103 0.655959476343918 0.738851185597514 0.802568563294216 0.848140070942102 0.877971783785914 0.894624017193196 0.899951805574755 0.894624017193196 0.877971783785914 0.848140070942102 0.802568563294216 0.738851185597514 0.655959476343918 0.555621955095103 0.443356921089632 0.328428514401607 0.222144343743336 0.134673666380959 0 0 0 0 0 0 0 0 0 0 0 0 0 0 0 0 0 0 0 0 0 0 0 0 0 0 0 0 0 0 0 0 0 0 0 0 0 0 0 0 0 0 0 0 0 0 0 0 0 0 0 0 0 0 0 0 
0 0 0 0 0 0 0 0 0 0 0 0 0 0 0 0 0 0 0 0 0 0 0 0.164345353030684 0.252937605150263 0.353948058572304 0.457869857697532 0.555621955095103 0.640563535419269 0.709174890952299 0.760620234959594 0.795743419830513 0.815996644959178 0.822593954734239 0.815996644959178 0.795743419830513 0.760620234959594 0.709174890952299 0.640563535419269 0.555621955095103 0.457869857697532 0.353948058572304 0.252937605150263 0.164345353030684 0 0 0 0 0 0 0 0 0 0 0 0 0 0 0 0 0 0 0 0 0 0 0 0 0 0 0 0 0 0 0 0 0 0 0 0 0 0 0 0 0 0 0 0 0 0 0 0 0 0 0 0 0 0 0 0 0 
0 0 0 0 0 0 0 0 0 0 0 0 0 0 0 0 0 0 0 0 0 0 0 0.112178129295711 0.180841965233748 0.263779427941377 0.353948058572304 0.443356921089632 0.52504126956607 0.594185754123315 0.648268525101831 0.686528885737435 0.709174890952299 0.716655157241385 0.709174890952299 0.686528885737435 0.648268525101831 0.594185754123315 0.52504126956607 0.443356921089632 0.353948058572304 0.263779427941377 0.180841965233748 0.112178129295711 0 0 0 0 0 0 0 0 0 0 0 0 0 0 0 0 0 0 0 0 0 0 0 0 0 0 0 0 0 0 0 0 0 0 0 0 0 0 0 0 0 0 0 0 0 0 0 0 0 0 0 0 0 0 0 0 0 
0 0 0 0 0 0 0 0 0 0 0 0 0 0 0 0 0 0 0 0 0 0 0 0 0.11828777578455 0.180841965233748 0.252937605150263 0.328428514401607 0.4009518522914 0.465189990105325 0.517452308627229 0.555621955095103 0.578731402655081 0.586455368737499 0.578731402655081 0.555621955095103 0.517452308627229 0.465189990105325 0.4009518522914 0.328428514401607 0.252937605150263 0.180841965233748 0.11828777578455 0 0 0 0 0 0 0 0 0 0 0 0 0 0 0 0 0 0 0 0 0 0 0 0 0 0 0 0 0 0 0 0 0 0 0 0 0 0 0 0 0 0 0 0 0 0 0 0 0 0 0 0 0 0 0 0 0 0 
0 0 0 0 0 0 0 0 0 0 0 0 0 0 0 0 0 0 0 0 0 0 0 0 0 0.112178129295711 0.164345353030684 0.222144343743336 0.280577170986664 0.334712166958513 0.380458967005002 0.414885806364534 0.436167435382153 0.443356921089632 0.436167435382153 0.414885806364534 0.380458967005002 0.334712166958513 0.280577170986664 0.222144343743336 0.164345353030684 0.112178129295711 0 0 0 0 0 0 0 0 0 0 0 0 0 0 0 0 0 0 0 0 0 0 0 0 0 0 0 0 0 0 0 0 0 0 0 0 0 0 0 0 0 0 0 0 0 0 0 0 0 0 0 0 0 0 0 0 0 0 0 
0 0 0 0 0 0 0 0 0 0 0 0 0 0 0 0 0 0 0 0 0 0 0 0 0 0 0 0.134673666380959 0.176611811280319 0.217265930569614 0.252937605150263 0.280577170986664 0.298007983095329 0.303956747254952 0.298007983095329 0.280577170986664 0.252937605150263 0.217265930569614 0.176611811280319 0.134673666380959 0 0 0 0 0 0 0 0 0 0 0 0 0 0 0 0 0 0 0 0 0 0 0 0 0 0 0 0 0 0 0 0 0 0 0 0 0 0 0 0 0 0 0 0 0 0 0 0 0 0 0 0 0 0 0 0 0 0 0 0 0 
0 0 0 0 0 0 0 0 0 0 0 0 0 0 0 0 0 0 0 0 0 0 0 0 0 0 0 0 0 0.124649040760653 0.148965346292023 0.168363850639404 0.180841965233748 0.185143317756047 0.180841965233748 0.168363850639404 0.148965346292023 0.124649040760653 0 0 0 0 0 0 0 0 0 0 0 0 0 0 0 0 0 0 0 0 0 0 0 0 0 0 0 0 0 0 0 0 0 0 0 0 0 0 0 0 0 0 0 0 0 0 0 0 0 0 0 0 0 0 0 0 0 0 0 0 0 0 0 
0 0 0 0 0 0 0 0 0 0 0 0 0 0 0 0 0 0 0 0 0 0 0 0 0 0 0 0 0 0 0 0 0 0 0 0 0 0 0 0 0 0 0 0 0 0 0 0 0 0 0 0 0 0 0 0 0 0 0 0 0 0 0 0 0 0 0 0 0 0 0 0 0 0 0 0 0 0 0 0 0 0 0 0 0 0 0 0 0 0 0 0 0 0 0 0 0 0 0 0 0 
0 0 0 0 0 0 0 0 0 0 0 0 0 0 0 0 0 0 0 0 0 0 0 0 0 0 0 0 0 0 0 0 0 0 0 0 0 0 0 0 0 0 0 0 0 0 0 0 0 0 0 0 0 0 0 0 0 0 0 0 0 0 0 0 0 0 0 0 0 0 0 0 0 0 0 0 0 0 0 0 0 0 0 0 0 0 0 0 0 0 0 0 0 0 0 0 0 0 0 0 0 
0 0 0 0 0 0 0 0 0 0 0 0 0 0 0 0 0 0 0 0 0 0 0 0 0 0 0 0 0 0 0 0 0 0 0 0 0 0 0 0 0 0 0 0 0 0 0 0 0 0 0 0 0 0 0 0 0 0 0 0 0 0 0 0 0 0 0 0 0 0 0 0 0 0 0 0 0 0 0 0 0 0 0 0 0 0 0 0 0 0 0 0 0 0 0 0 0 0 0 0 0 
0 0 0 0 0 0 0 0 0 0 0 0 0 0 0 0 0 0 0 0 0 0 0 0 0 0 0 0 0 0 0 0 0 0 0 0 0 0 0 0 0 0 0 0 0 0 0 0 0 0 0 0 0 0 0 0 0 0 0 0 0 0 0 0 0 0 0 0 0 0 0 0 0 0 0 0 0 0 0 0 0 0 0 0 0 0 0 0 0 0 0 0 0 0 0 0 0 0 0 0 0 
0 0 0 0 0 0 0 0 0 0 0 0 0 0 0 0 0 0 0 0 0 0 0 0 0 0 0 0 0 0 0 0 0 0 0 0 0 0 0 0 0 0 0 0 0 0 0 0 0 0 0 0 0 0 0 0 0 0 0 0 0 0 0 0 0 0 0 0 0 0 0 0 0 0 0 0 0 0 0 0 0 0 0 0 0 0 0 0 0 0 0 0 0 0 0 0 0 0 0 0 0 
0 0 0 0 0 0 0 0 0 0 0 0 0 0 0 0 0 0 0 0 0 0 0 0 0 0 0 0 0 0 0 0 0 0 0 0 0 0 0 0 0 0 0 0 0 0 0 0 0 0 0 0 0 0 0 0 0 0 0 0 0 0 0 0 0 0 0 0 0 0 0 0 0 0 0 0 0 0 0 0 0 0 0 0 0 0 0 0 0 0 0 0 0 0 0 0 0 0 0 0 0 
0 0 0 0 0 0 0 0 0 0 0 0 0 0 0 0 0 0 0 0 0 0 0 0 0 0 0 0 0 0 0 0 0 0 0 0 0 0 0 0 0 0 0 0 0 0 0 0 0 0 0 0 0 0 0 0 0 0 0 0 0 0 0 0 0 0 0 0 0 0 0 0 0 0 0 0 0 0 0 0 0 0 0 0 0 0 0 0 0 0 0 0 0 0 0 0 0 0 0 0 0 
0 0 0 0 0 0 0 0 0 0 0 0 0 0 0 0 0 0 0 0 0 0 0 0 0 0 0 0 0 0 0 0 0 0 0 0 0 0 0 0 0 0 0 0 0 0 0 0 0 0 0 0 0 0 0 0 0 0 0 0 0 0 0 0 0 0 0 0 0 0 0 0 0 0 0 0 0 0 0 0 0 0 0 0 0 0 0 0 0 0 0 0 0 0 0 0 0 0 0 0 0 
0 0 0 0 0 0 0 0 0 0 0 0 0 0 0 0 0 0 0 0 0 0 0 0 0 0 0 0 0 0 0 0 0 0 0 0 0 0 0 0 0 0 0 0 0 0 0 0 0 0 0 0 0 0 0 0 0 0 0 0 0 0 0 0 0 0 0 0 0 0 0 0 0 0 0 0 0 0 0 0 0 0 0 0 0 0 0 0 0 0 0 0 0 0 0 0 0 0 0 0 0 
0 0 0 0 0 0 0 0 0 0 0 0 0 0 0 0 0 0 0 0 0 0 0 0 0 0 0 0 0 0 0 0 0 0 0 0 0 0 0 0 0 0 0 0 0 0 0 0 0 0 0 0 0 0 0 0 0 0 0 0 0 0 0 0 0 0 0 0 0 0 0 0 0 0 0 0 0 0 0 0 0 0 0 0 0 0 0 0 0 0 0 0 0 0 0 0 0 0 0 0 0 
0 0 0 0 0 0 0 0 0 0 0 0 0 0 0 0 0 0 0 0 0 0 0 0 0 0 0 0 0 0 0 0 0 0 0 0 0 0 0 0 0 0 0 0 0 0 0 0.118677929830109 0.139024843303116 0.155080486216545 0.165343416535862 0.168871091339326 0.165343416535862 0.155080486216545 0.139024843303116 0.118677929830109 0 0 0 0 0 0 0 0 0 0 0 0 0 0 0 0 0 0 0 0 0 0 0 0 0 0 0 0 0 0 0 0 0 0 0 0 0 0 0 0 0 0 0 0 0 
0 0 0 0 0 0 0 0 0 0 0 0 0 0 0 0 0 0 0 0 0 0 0 0 0 0 0 0 0 0 0 0 0 0 0 0 0 0 0 0 0 0 0 0 0 0.132962105062322 0.168871091339326 0.203065827506706 0.23275198576861 0.255621144923586 0.270003698857246 0.274907029217262 0.270003698857246 0.255621144923586 0.23275198576861 0.203065827506706 0.168871091339326 0.132962105062322 0 0 0 0 0 0 0 0 0 0 0 0 0 0 0 0 0 0 0 0 0 0 0 0 0 0 0 0 0 0 0 0 0 0 0 0 0 0 0 0 0 0 0 
0 0 0 0 0 0 0 0 0 0 0 0 0 0 0 0 0 0 0 0 0 0 0 0 0 0 0 0 0 0 0 0 0 0 0 0 0 0 0 0 0 0 0 0.118677929830109 0.165343416535862 0.215455236911485 0.265154799099778 0.310730738161097 0.349085762251729 0.377933219110864 0.395781722747518 0.401816508327864 0.395781722747518 0.377933219110864 0.349085762251729 0.310730738161097 0.265154799099778 0.215455236911485 0.165343416535862 0.118677929830109 0 0 0 0 0 0 0 0 0 0 0 0 0 0 0 0 0 0 0 0 0 0 0 0 0 0 0 0 0 0 0 0 0 0 0 0 0 0 0 0 0 
0 0 0 0 0 0 0 0 0 0 0 0 0 0 0 0 0 0 0 0 0 0 0 0 0 0 0 0 0 0 0 0 0 0 0 0 0 0 0 0 0 0 0.130006324424054 0.187320781306818 0.250936757141985 0.316058606295582 0.377933219110864 0.432590140412183 0.477170051191942 0.509890085097244 0.529797018709162 0.536470249431084 0.529797018709162 0.509890085097244 0.477170051191942 0.432590140412183 0.377933219110864 0.316058606295582 0.250936757141985 0.187320781306818 0.130006324424054 0 0 0 0 0 0 0 0 0 0 0 0 0 0 0 0 0 0 0 0 0 0 0 0 0 0 0 0 0 0 0 0 0 0 0 0 0 0 0 0 
0 0 0 0 0 0 0 0 0 0 0 0 0 0 0 0 0 0 0 0 0 0 0 0 0 0 0 0 0 0 0 0 0 0 0 0 0 0 0 0 0 0.130006324424054 0.195083071445882 0.270003698857246 0.349085762251729 0.42635860272545 0.496726676365684 0.556582433376556 0.603854032122282 0.637671088448717 0.657879706706407 0.664591674031008 0.657879706706407 0.637671088448717 0.603854032122282 0.556582433376556 0.496726676365684 0.42635860272545 0.349085762251729 0.270003698857246 0.195083071445882 0.130006324424054 0 0 0 0 0 0 0 0 0 0 0 0 0 0 0 0 0 0 0 0 0 0 0 0 0 0 0 0 0 0 0 0 0 0 0 0 0 0 0 
0 0 0 0 0 0 0 0 0 0 0 0 0 0 0 0 0 0 0 0 0 0 0 0 0 0 0 0 0 0 0 0 0 0 0 0 0 0 0 0 0.118677929830109 0.187320781306818 0.270003698857246 0.360485317728838 0.451499039895303 0.536470249431084 0.610622922614268 0.671288506280403 0.717587513321982 0.749793903980324 0.768657791966943 0.774857596741818 0.768657791966943 0.749793903980324 0.717587513321982 0.671288506280403 0.610622922614268 0.536470249431084 0.451499039895303 0.360485317728838 0.270003698857246 0.187320781306818 0.118677929830109 0 0 0 0 0 0 0 0 0 0 0 0 0 0 0 0 0.100692484575402 0 0 0 0 0 0 0 0 0 0 0 0 0 0 0 0 0 0 0 0 0 
0 0 0 0 0 0 0 0 0 0 0 0 0 0 0 0 0 0 0 0 0 0 0 0 0 0 0 0 0 0 0 0 0 0 0 0 0 0 0 0 0.165343416535862 0.250936757141985 0.349085762251729 0.451499039895303 0.549864440847394 0.637671088448717 0.71104844980095 0.768657791966943 0.810996825403251 0.839516760521633 0.855827841442142 0.861120461442727 0.855827841442142 0.839516760521633 0.810996825403251 0.768657791966943 0.71104844980095 0.637671088448717 0.549864440847394 0.451499039895303 0.349085762251729 0.250936757141985 0.165343416535862 0 0 0 0 0 0 0 0 0 0 0 0 0.125190663414 0.153969574170007 0.177311905213896 0.192471198362885 0.197719443104673 0.192471198362885 0.177311905213896 0.153969574170007 0.125190663414 0 0.105932590152189 0.119959298492964 0.129032167400704 0.132168997898845 0.129032167400704 0.119959298492964 0.105932590152189 0 0 0 0 0 0 0 0 0 
0 0 0 0 0 0 0 0 0 0 0 0 0 0 0 0 0 0 0 0 0 0 0 0 0 0 0 0 0 0 0 0 0 0 0 0 0 0 0 0.132962105062322 0.215455236911485 0.316058606295582 0.42635860272545 0.536470249431084 0.637671088448717 0.724096521486238 0.793165715556541 0.845024190708666 0.881521669663235 0.905164062264459 0.918279308438654 0.92246333913879 0.918279308438654 0.905164062264459 0.881521669663235 0.845024190708666 0.793165715556541 0.724096521486238 0.637671088448717 0.536470249431084 0.42635860272545 0.316058606295582 0.215455236911485 0.132962105062322 0 0 0 0 0 0 0 0 0 0.129032167400704 0.177311905213896 0.225436948126087 0.268381339755955 0.301966205404137 0.323242173213885 0.330515821523994 0.323242173213885 0.301966205404137 0.268381339755955 0.225436948126087 0.177311905213896 0.190399311582767 0.211824785804258 0.225436948126087 0.230100793631598 0.225436948126087 0.211824785804258 0.190399311582767 0.163021388703181 0.132168997898845 0.100692484575402 0 0 0 0 0 0 
0 0 0 0 0 0 0 0 0 0 0 0 0 0 0 0 0 0 0 0 0 0 0 0 0 0 0 0 0 0 0 0 0 0 0 0 0 0 0 0.168871091339326 0.265154799099778 0.377933219110864 0.496726676365684 0.610622922614268 0.71104844980095 0.793165715556541 0.855827841442142 0.9006097048128 0.930540921193931 0.948975037403326 0.958776289579179 0.961826199230024 0.958776289579179 0.948975037403326 0.930540921193931 0.9006097048128 0.855827841442142 0.793165715556541 0.71104844980095 0.610622922614268 0.496726676365684 0.377933219110864 0.265154799099778 0.168871091339326 0 0 0 0 0 0 0 0 0.153969574170007 0.21969606384552 0.288246747940293 0.352864518829096 0.407892505183624 0.449382755873488 0.475012317422744 0.4836620781975 0.475012317422744 0.449382755873488 0.407892505183624 0.352864518829096 0.288246747940293 0.301966205404137 0.330515821523994 0.348332566942387 0.354381957135243 0.348332566942387 0.330515821523994 0.301966205404137 0.264512403739173 0.220836336046566 0.174384737139833 0.129032167400704 0 0 0 0 0 
0 0 0 0 0 0 0 0 0 0 0 0 0 0 0 0 0 0 0 0 0 0 0 0 0 0 0 0 0 0 0 0 0 0 0 0 0 0 0.118677929830109 0.203065827506706 0.310730738161097 0.432590140412183 0.556582433376556 0.671288506280403 0.768657791966943 0.845024190708666 0.9006097048128 0.938221700746449 0.961826199230024 0.975397921274272 0.982163677756887 0.984184154270883 0.982163677756887 0.975397921274272 0.961826199230024 0.938221700746449 0.9006097048128 0.845024190708666 0.768657791966943 0.671288506280403 0.556582433376556 0.432590140412183 0.310730738161097 0.203065827506706 0.118677929830109 0 0 0 0 0 0 0.163021388703181 0.243252094649978 0.330515821523994 0.416056378124638 0.492360316662318 0.554341703344906 0.599341703750742 0.62641006488962 0.635420390446752 0.62641006488962 0.599341703750742 0.554341703344906 0.492360316662318 0.416056378124638 0.4309247939071 0.464700712742793 0.48539794290909 0.492360316662318 0.48539794290909 0.464700712742793 0.4309247939071 0.385421610472514 0.330515821523994 0.269678742919249 0.207413768509558 0.148718319959564 0 0 0 0 
0 0 0 0 0 0 0 0 0 0 0 0 0 0 0 0 0 0 0 0 0 0 0 0 0 0 0 0 0 0 0 0 0 0 0 0 0 0 0.139024843303116 0.23275198576861 0.349085762251729 0.477170051191942 0.603854032122282 0.717587513321982 0.810996825403251 0.881521669663235 0.930540921193931 0.961826199230024 0.980025280563354 0.9895308109775 0.993791908611513 0.994968472963602 0.993791908611513 0.9895308109775 0.980025280563354 0.961826199230024 0.930540921193931 0.881521669663235 0.810996825403251 0.717587513321982 0.603854032122282 0.477170051191942 0.349085762251729 0.23275198576861 0.139024843303116 0 0 0 0 0 0.153969574170007 0.243252094649978 0.345328355440562 0.449382755873488 0.545393148849829 0.62641006488962 0.689058785152317 0.732725159387735 0.758224936516815 0.766581016240933 0.758224936516815 0.732725159387735 0.689058785152317 0.62641006488962 0.545393148849829 0.563312339004762 0.599341703750742 0.620999310052938 0.628212978004615 0.620999310052938 0.599341703750742 0.563312339004762 0.513415663919192 0.451075486675191 0.379110887283382 0.301966205404137 0.225436948126087 0.155749842549783 0 0 0 
0 0 0 0 0 0 0 0 0 0 0 0 0 0 0 0 0 0 0 0 0 0 0 0 0 0 0 0 0 0 0 0 0 0 0 0 0 0 0.155080486216545 0.255621144923586 0.377933219110864 0.509890085097244 0.637671088448717 0.749793903980324 0.839516760521633 0.905164062264459 0.948975037403326 0.975397921274272 0.9895308109775 0.996022369116245 0.998444350849736 0.99900410555794 0.998444350849736 0.996022369116245 0.9895308109775 0.975397921274272 0.948975037403326 0.905164062264459 0.839516760521633 0.749793903980324 0.637671088448717 0.509890085097244 0.377933219110864 0.255621144923586 0.155080486216545 0 0 0 0 0.129032167400704 0.21969606384552 0.330515821523994 0.449382755873488 0.563312339004762 0.662355943303985 0.741292464496538 0.799164955770888 0.837665753786066 0.859364520450072 0.866337904026611 0.859364520450072 0.837665753786066 0.799164955770888 0.741292464496538 0.662355943303985 0.685516059264436 0.720628906228449 0.741292464496538 0.748099103226458 0.741292464496538 0.720628906228449 0.685516059264436 0.635420390446752 0.570502297635273 0.492360316662318 0.404646899200858 0.313210661355389 0.225436948126087 0.148718319959564 0 0 
