0 0 0 0 0 0 0 0 0 0 0 0 0 0 0 0 0 0 0 0 0 0 0 0 0 0 0 0 0 0 0 0 0 0 0 0 0 0 0 0 0 0 0 0 0 0 0 0 0 0 0 0 0 0 0 0 0 0 0 0 0 0 0 0 0 0 0 0 0 0 0 0 0 0 0 0 0 0 0 0 0 0 0 0 0 0 0 0 0 0 0 0 0 0 0 0 0 0 0 0 0 
0 0 0 0 0 0 0 0 0 0 0 0 0 0 0 0 0 0 0 0 0 0 0 0 0 0 0 0 0 0 0 0 0 0 0 0 0 0 0 0 0 0 0 0 0 0 0 0 0 0 0 0 0 0 0 0 0 0 0 0 0 0 0 0 0 0 0 0 0 0 0 0 0 0 0 0 0 0 0 0 0 0 0 0 0 0 0 0 0 0 0 0 0 0 0 0 0 0 0 0 0 
0 0 0 0 0 0 0 0 0 0 0 0 0 0 0 0 0 0 0 0 0 0 0 0 0 0 0 0 0 0 0 0 0 0 0 0 0 0 0 0 0 0 0 0 0 0 0 0 0 0 0 0 0 0 0 0 0 0 0 0 0 0 0 0 0 0 0 0 0 0 0 0 0 0 0 0 0 0 0 0 0 0 0 0 0 0 0 0 0 0 0 0 0 0 0 0 0 0 0 0 0 
0 0 0 0 0 0 0 0 0 0 0 0 0 0 0 0 0 0 0 0 0 0 0 0 0 0 0 0 0 0 0 0 0 0 0 0 0 0 0 0 0 0 0 0 0 0 0 0 0 0 0 0 0 0 0 0 0 0 0 0 0 0 0 0 0 0 0 0 0 0 0 0 0 0 0 0 0 0 0 0 0 0 0 0 0 0 0 0 0 0 0 0 0 0 0 0 0 0 0 0 0 
0 0 0 0 0 0 0 0 0 0 0 0 0 0 0 0 0 0 0 0 0 0 0 0 0 0 0 0 0 0 0 0 0 0 0 0 0 0 0 0 0 0 0 0 0 0 0 0 0 0 0 0 0 0 0 0 0 0 0 0 0 0 0 0 0 0 0 0 0 0 0 0 0 0 0 0 0 0 0 0 0 0 0 0 0 0 0 0 0 0 0 0 0 0 0 0 0 0 0 0 0 
0 0 0 0 0 0 0 0 0 0 0 0 0 0 0 0 0 0 0 0 0 0 0 0 0 0 0 0 0 0 0 0 0 0 0 0 0 0 0 0 0 0 0 0 0 0 0 0 0 0 0 0 0 0 0 0 0 0 0 0 0 0 0 0 0 0 0 0 0 0 0 0 0 0 0 0 0 0 0 0 0 0 0 0 0 0 0 0 0 0 0 0 0 0 0 0 0 0 0 0 0 
0 0 0 0 0 0 0 0 0 0 0 0 0 0 0 0 0 0 0 0 0 0 0 0 0 0 0 0 0 0 0 0 0 0 0 0 0 0 0 0 0 0 0 0 0 0 0 0 0 0 0 0 0 0 0 0 0 0 0 0 0 0 0 0 0 0 0 0 0 0 0 0 0 0 0 0 0 0 0 0 0 0 0 0 0 0 0 0 0 0 0 0 0 0 0 0 0 0 0 0 0 
0 0 0 0 0 0 0 0 0 0 0 0 0 0 0 0 0 0 0 0 0 0 0 0 0 0 0 0 0 0 0 0 0 0 0 0 0 0 0 0 0 0 0 0 0 0 0 0 0 0 0 0 0 0 0 0 0 0 0 0 0 0 0 0 0 0 0 0 0 0 0 0 0 0 0 0 0 0 0 0 0 0 0 0 0 0 0 0 0 0 0 0 0 0 0 0 0 0 0 0 0 
0 0 0 0 0 0 0 0 0 0 0 0 0 0 0 0 0 0 0 0 0 0 0 0 0 0 0 0 0 0 0 0 0 0 0 0 0 0 0 0 0 0 0 0 0 0 0 0 0 0 0 0 0 0 0 0 0 0 0 0 0 0 0 0 0 0 0 0 0 0 0 0 0 0 0 0 0 0 0 0 0 0 0 0 0 0 0 0 0 0 0 0 0 0 0 0 0 0 0 0 0 
0 0 0 0 0 0 0 0 0 0 0 0 0 0 0 0 0 0 0 0 0 0 0 0 0 0 0 0 0 0 0 0 0 0 0 0 0 0 0 0 0 0 0 0 0 0 0 0 0 0 0 0 0 0 0 0 0 0 0 0 0 0 0 0 0 0 0 0 0 0 0 0 0 0 0 0 0 0 0 0 0 0 0 0 0 0 0 0 0 0 0 0 0 0 0 0 0 0 0 0 0 
0 0 0 0 0 0 0 0 0 0 0 0 0 0 0 0 0 0 0 0 0 0 0 0 0 0 0 0 0 0 0 0 0 0 0 0 0 0 0.109542130756352 0.126461397256951 0.139711023149307 0.148143100518045 0.151035674181538 0.148143100518045 0.139711023149307 0.126461397256951 0.109542130756352 0 0 0 0 0 0 0 0 0 0 0 0 0 0 0 0 0 0 0 0 0 0 0 0 0 0 0 0 0 0 0 0 0 0 0 0 0 0 0 0 0 0 0 0 0 0 0 0 0 0 0 0 0 0 
0 0 0 0 0 0 0 0 0 0 0 0 0 0 0 0 0 0 0 0 0 0 0 0 0 0 0 0 0 0 0 0 0 0 0 0 0.126461397256951 0.156945020232209 0.185625653115165 0.21034743289174 0.229319095652364 0.24122880273085 0.245286322140164 0.24122880273085 0.229319095652364 0.21034743289174 0.185625653115165 0.156945020232209 0.126461397256951 0 0 0 0 0 0 0 0 0 0 0 0 0 0 0 0 0 0 0 0 0 0 0 0 0 0 0 0 0 0 0 0 0 0 0 0 0 0 0 0 0 0 0 0 0 0 0 0 0 0 0 0 
0 0 0 0 0 0 0 0 0 0 0 0 0 0 0 0 0 0 0 0 0 0 0 0 0 0 0 0 0 0 0 0 0 0 0.118982063354973 0.159962223991193 0.203065827506706 0.245286322140164 0.283757683999393 0.316058606295583 0.340352007550202 0.355395457514136 0.360485317728838 0.355395457514136 0.340352007550202 0.316058606295583 0.283757683999393 0.245286322140164 0.203065827506706 0.159962223991193 0.118982063354973 0 0 0 0 0 0 0 0 0 0 0 0 0 0 0 0 0 0 0 0 0 0 0 0 0 0 0 0 0 0 0 0 0 0 0 0 0 0 0 0 0 0 0 0 0 0 0 0 0 0 
0 0 0 0 0 0 0 0 0 0 0 0 0 0 0 0 0 0 0 0 0 0 0 0 0 0 0 0 0 0 0 0 0 0.134291897304334 0.185625653115165 0.24122880273085 0.297351252081012 0.350342984824392 0.397119179587248 0.435371463173613 0.463559762511294 0.480773291793291 0.486556251715438 0.480773291793291 0.463559762511294 0.435371463173613 0.397119179587248 0.350342984824392 0.297351252081012 0.24122880273085 0.185625653115165 0.134291897304334 0 0 0 0 0 0 0 0 0 0 0 0 0 0 0 0 0 0 0 0 0 0 0 0 0 0 0 0 0 0 0 0 0 0 0 0 0 0 0 0 0 0 0 0 0 0 0 0 0 
0 0 0 0 0 0 0 0 0 0 0 0 0 0 0 0 0 0 0 0 0 0 0 0 0 0 0 0 0 0 0 0 0.139711023149307 0.199490653067651 0.266227616881784 0.335414361828048 0.402489600208388 0.463559762511294 0.515769430957295 0.557329640381079 0.587314027897617 0.605358231792299 0.61137498938089 0.605358231792299 0.587314027897617 0.557329640381079 0.515769430957295 0.463559762511294 0.402489600208388 0.335414361828048 0.266227616881784 0.199490653067651 0.139711023149307 0 0 0 0 0 0 0 0 0 0 0 0 0 0 0 0 0 0 0 0 0 0 0 0 0 0 0 0 0 0 0 0 0 0 0 0 0 0 0 0 0 0 0 0 0 0 0 0 
0 0 0 0 0 0 0 0 0 0 0 0 0 0 0 0 0 0 0 0 0 0 0 0 0 0 0 0 0 0 0 0.134291897304334 0.199490653067651 0.274907029217263 0.355395457514136 0.435371463173613 0.509890085097244 0.575301221433991 0.629414704975999 0.671288506280403 0.700821295969133 0.718312255391395 0.724096521486238 0.718312255391395 0.700821295969133 0.671288506280403 0.629414704975999 0.575301221433991 0.509890085097244 0.435371463173613 0.355395457514136 0.274907029217263 0.199490653067651 0.134291897304334 0 0 0 0 0 0 0 0 0 0 0 0 0 0 0 0 0 0 0 0 0 0 0 0 0 0 0 0 0 0 0 0 0 0 0 0 0 0 0 0 0 0 0 0 0 0 0 
0 0 0 0 0 0 0 0 0 0 0 0 0 0 0 0 0 0 0 0 0 0 0 0 0 0 0 0 0 0 0.118982063354973 0.185625653115165 0.266227616881784 0.355395457514136 0.446566852851368 0.533502257702619 0.61137498938089 0.677227061772247 0.729855537984702 0.769348934107357 0.796505292377609 0.812297262906902 0.817469618463246 0.812297262906902 0.796505292377609 0.769348934107357 0.729855537984702 0.677227061772247 0.61137498938089 0.533502257702619 0.446566852851368 0.355395457514136 0.266227616881784 0.185625653115165 0.118982063354973 0 0 0 0 0 0 0 0 0 0 0 0 0 0 0 0 0 0 0 0 0 0 0 0 0 0 0 0 0 0 0 0 0 0 0 0 0 0 0 0 0 0 0 0 0 0 
0 0 0 0 0 0 0 0 0 0 0 0 0 0 0 0 0 0 0 0 0 0 0 0 0 0 0 0 0 0 0.159962223991193 0.24122880273085 0.335414361828048 0.435371463173613 0.533502257702619 0.623404430735078 0.700821295969133 0.76380426509875 0.812297262906902 0.847449640147229 0.870911096456656 0.884253763838992 0.888571687348732 0.884253763838992 0.870911096456656 0.847449640147229 0.812297262906902 0.76380426509875 0.700821295969133 0.623404430735078 0.533502257702619 0.435371463173613 0.335414361828048 0.24122880273085 0.159962223991193 0 0 0 0 0 0 0 0 0 0 0 0 0 0 0 0 0 0 0 0 0 0 0 0 0 0 0 0 0 0 0 0 0 0 0 0 0 0 0 0 0 0 0 0 0 0 
0 0 0 0 0 0 0 0 0 0 0 0 0 0 0 0 0 0 0 0 0 0 0 0 0 0 0 0 0 0.126461397256951 0.203065827506706 0.297351252081012 0.402489600208388 0.509890085097244 0.61137498938089 0.700821295969133 0.774857596741818 0.832693325133238 0.875422276054583 0.905164062264459 0.924292069829058 0.934857722203471 0.938221700746449 0.934857722203471 0.924292069829058 0.905164062264459 0.875422276054583 0.832693325133238 0.774857596741818 0.700821295969133 0.61137498938089 0.509890085097244 0.402489600208388 0.297351252081012 0.203065827506706 0.126461397256951 0 0 0 0 0 0 0 0 0 0 0 0 0 0 0 0 0 0 0 0 0 0 0 0.109894159073899 0.126657759766995 0.137607745602626 0.141410839199098 0.137607745602626 0.126657759766995 0.109894159073899 0 0 0 0 0 0 0 0 0 0 0 0 0 0 0 
0 0 0 0 0 0 0 0 0 0 0 0 0 0 0 0 0 0 0 0 0 0 0 0 0 0 0 0 0 0.156945020232209 0.245286322140164 0.350342984824392 0.463559762511294 0.575301221433991 0.677227061772247 0.76380426509875 0.832693325133238 0.884253763838992 0.920615577146496 0.944707071983589 0.959463537531385 0.967284878157878 0.969715258425567 0.967284878157878 0.959463537531385 0.944707071983589 0.920615577146496 0.884253763838992 0.832693325133238 0.76380426509875 0.677227061772247 0.575301221433991 0.463559762511294 0.350342984824392 0.245286322140164 0.156945020232209 0 0 0 0 0 0 0 0 0 0 0 0 0 0 0 0 0 0 0 0 0 0.133881670888812 0.170242197235133 0.203065827506707 0.229018910140102 0.245600250262948 0.251295137900506 0.245600250262948 0.229018910140102 0.203065827506707 0.170242197235133 0.133881670888812 0 0 0 0 0 0 0 0 0 0 0 0 0 
0 0 0 0 0 0 0 0 0 0 0 0 0 0 0 0 0 0 0 0 0 0 0 0 0 0 0 0 0.109542130756352 0.185625653115165 0.283757683999393 0.397119179587248 0.515769430957295 0.629414704975999 0.729855537984702 0.812297262906902 0.875422276054583 0.920615577146496 0.950862905374344 0.969715258425567 0.980510630879895 0.985880533923628 0.9874826556066 0.985880533923628 0.980510630879895 0.969715258425567 0.950862905374344 0.920615577146496 0.875422276054583 0.812297262906902 0.729855537984702 0.629414704975999 0.515769430957295 0.397119179587248 0.283757683999393 0.185625653115165 0.109542130756352 0 0 0 0 0 0 0 0 0 0 0 0 0 0 0 0 0 0 0.123158456316655 0.174683362763146 0.229018910140102 0.281016255888607 0.326029135000313 0.360485317728838 0.382017312399871 0.389329811870575 0.382017312399871 0.360485317728838 0.326029135000313 0.281016255888607 0.229018910140102 0.174683362763146 0.123158456316655 0 0 0 0 0 0 0 0 0 0 0 
0 0 0 0 0 0 0 0 0 0 0 0 0 0 0 0 0 0 0 0 0 0 0 0 0 0 0 0 0.126461397256951 0.21034743289174 0.316058606295583 0.435371463173613 0.557329640381079 0.671288506280403 0.769348934107357 0.847449640147229 0.905164062264459 0.944707071983589 0.969715258425567 0.984184154270883 0.991718921866541 0.995091637797966 0.996022369116245 0.995091637797966 0.991718921866541 0.984184154270883 0.969715258425567 0.944707071983589 0.905164062264459 0.847449640147229 0.769348934107357 0.671288506280403 0.557329640381079 0.435371463173613 0.316058606295583 0.21034743289174 0.126461397256951 0 0 0 0 0 0 0 0 0 0 0 0 0 0 0 0 0 0.137607745602626 0.203065827506707 0.274907029217262 0.346482195513557 0.411651674359674 0.465754762636727 0.50582991401344 0.53030972877502 0.538526918615456 0.53030972877502 0.50582991401344 0.465754762636727 0.411651674359674 0.346482195513557 0.274907029217262 0.203065827506707 0.137607745602626 0 0 0 0 0 0 0 0 0 0 
0 0 0 0 0 0 0 0 0 0 0 0 0 0 0 0 0 0 0 0 0 0 0 0 0 0 0 0 0.139711023149307 0.229319095652364 0.340352007550202 0.463559762511294 0.587314027897617 0.700821295969133 0.796505292377609 0.870911096456656 0.924292069829058 0.959463537531385 0.980510630879895 0.991718921866541 0.996855866596497 0.998770644333834 0.999213038173025 0.998770644333834 0.996855866596497 0.991718921866541 0.980510630879895 0.959463537531385 0.924292069829058 0.870911096456656 0.796505292377609 0.700821295969133 0.587314027897617 0.463559762511294 0.340352007550202 0.229319095652364 0.139711023149307 0 0 0 0 0 0 0 0 0 0 0 0 0 0 0 0 0.137607745602626 0.213194724557767 0.299831059865423 0.389329811870575 0.47368607554494 0.546768268297297 0.604895398733175 0.64649159935633 0.671288506280403 0.67950727926201 0.671288506280403 0.64649159935633 0.604895398733175 0.546768268297297 0.47368607554494 0.389329811870575 0.299831059865423 0.213194724557767 0.137607745602626 0 0 0 0 0 0 0 0 0 
0 0 0 0 0 0 0 0 0 0 0 0 0 0 0 0 0 0 0 0 0 0 0 0 0 0 0 0 0.148143100518045 0.24122880273085 0.355395457514136 0.480773291793291 0.605358231792299 0.718312255391395 0.812297262906902 0.884253763838992 0.934857722203471 0.967284878157878 0.985880533923628 0.995091637797966 0.998770644333834 0.999803201456378 0.999950796732771 0.999803201456378 0.998770644333834 0.995091637797966 0.985880533923628 0.967284878157878 0.934857722203471 0.884253763838992 0.812297262906902 0.718312255391395 0.605358231792299 0.480773291793291 0.355395457514136 0.24122880273085 0.148143100518045 0 0 0 0 0 0 0 0 0 0 0 0 0 0 0 0.123158456316655 0.203065827506707 0.299831059865423 0.404148601737547 0.50582991401344 0.59656524795472 0.671288506280403 0.728086302591349 0.767220556666722 0.789913279533464 0.797324795483783 0.789913279533464 0.767220556666722 0.728086302591349 0.671288506280403 0.59656524795472 0.50582991401344 0.404148601737547 0.299831059865423 0.203065827506707 0.123158456316655 0 0 0 0 0 0 0 0 
0 0 0 0 0 0 0 0 0 0 0 0 0 0 0 0 0 0 0 0 0 0 0 0 0 0 0 0 0.151035674181538 0.245286322140164 0.360485317728838 0.486556251715438 0.61137498938089 0.724096521486238 0.817469618463246 0.888571687348732 0.938221700746449 0.969715258425567 0.9874826556066 0.996022369116245 0.999213038173025 0.999950796732771 1 0.999950796732771 0.999213038173025 0.996022369116245 0.9874826556066 0.969715258425567 0.938221700746449 0.888571687348732 0.817469618463246 0.724096521486238 0.61137498938089 0.486556251715438 0.360485317728838 0.245286322140164 0.151035674181538 0 0 0 0 0 0 0 0 0 0 0 0 0 0 0 0.174683362763146 0.274907029217262 0.389329811870575 0.50582991401344 0.613226162087338 0.70397494289872 0.774857596741818 0.826112752157697 0.85990569573878 0.878849454791316 0.884922359668643 0.878849454791316 0.85990569573878 0.826112752157697 0.774857596741818 0.70397494289872 0.613226162087338 0.50582991401344 0.389329811870575 0.274907029217262 0.174683362763146 0 0 0 0 0 0 0 0 
0 0 0 0 0 0 0 0 0 0 0 0 0 0 0 0 0 0 0 0 0 0 0 0 0 0 0 0 0.148143100518045 0.24122880273085 0.355395457514136 0.480773291793291 0.605358231792299 0.718312255391395 0.812297262906902 0.884253763838992 0.934857722203471 0.967284878157878 0.985880533923628 0.995091637797966 0.998770644333834 0.999803201456378 0.999950796732771 0.999803201456378 0.998770644333834 0.995091637797966 0.985880533923628 0.967284878157878 0.934857722203471 0.884253763838992 0.812297262906902 0.718312255391395 0.605358231792299 0.480773291793291 0.355395457514136 0.24122880273085 0.148143100518045 0 0 0 0 0 0 0 0 0 0 0 0 0 0 0.133881670888812 0.229018910140102 0.346482195513557 0.47368607554494 0.59656524795472 0.70397494289872 0.789913279533464 0.853360229009251 0.896686686167781 0.923731418166495 0.938221700746449 0.942746337207875 0.938221700746449 0.923731418166495 0.896686686167781 0.853360229009251 0.789913279533464 0.70397494289872 0.59656524795472 0.47368607554494 0.346482195513557 0.229018910140102 0.133881670888812 0 0 0 0 0 0 0 
0 0 0 0 0 0 0 0 0 0 0 0 0 0 0 0 0 0 0 0 0 0 0 0 0 0 0 0 0.139711023149307 0.229319095652364 0.340352007550202 0.463559762511294 0.587314027897617 0.700821295969133 0.796505292377609 0.870911096456656 0.924292069829058 0.959463537531385 0.980510630879895 0.991718921866541 0.996855866596497 0.998770644333834 0.999213038173025 0.998770644333834 0.996855866596497 0.991718921866541 0.980510630879895 0.959463537531385 0.924292069829058 0.870911096456656 0.796505292377609 0.700821295969133 0.587314027897617 0.463559762511294 0.340352007550202 0.229319095652364 0.139711023149307 0 0 0 0 0 0 0 0 0 0 0 0 0 0 0.170242197235133 0.281016255888607 0.411651674359674 0.546768268297297 0.671288506280403 0.774857596741818 0.853360229009251 0.907921976358488 0.942746337207875 0.962969886707551 0.973106067271712 0.976140050695452 0.973106067271712 0.962969886707551 0.942746337207875 0.907921976358488 0.853360229009251 0.774857596741818 0.671288506280403 0.546768268297297 0.411651674359674 0.281016255888607 0.170242197235133 0 0 0 0 0 0 0 
0 0 0 0 0 0 0 0 0 0 0 0 0 0 0 0 0 0 0 0 0 0 0 0 0 0 0 0 0.126461397256951 0.21034743289174 0.316058606295583 0.435371463173613 0.557329640381079 0.671288506280403 0.769348934107357 0.847449640147229 0.905164062264459 0.944707071983589 0.969715258425567 0.984184154270883 0.991718921866541 0.995091637797966 0.996022369116245 0.995091637797966 0.991718921866541 0.984184154270883 0.969715258425567 0.944707071983589 0.905164062264459 0.847449640147229 0.769348934107357 0.671288506280403 0.557329640381079 0.435371463173613 0.316058606295583 0.21034743289174 0.126461397256951 0 0 0 0 0 0 0 0 0 0 0 0 0 0.109894159073899 0.203065827506707 0.326029135000313 0.465754762636727 0.604895398733175 0.728086302591349 0.826112752157697 0.896686686167781 0.942746337207875 0.969898510069849 0.984184154270883 0.990611069359524 0.992388157489868 0.990611069359524 0.984184154270883 0.969898510069849 0.942746337207875 0.896686686167781 0.826112752157697 0.728086302591349 0.604895398733175 0.465754762636727 0.326029135000313 0.203065827506707 0.109894159073899 0 0 0 0 0 0 
0 0 0 0 0 0 0 0 0 0 0 0 0 0 0 0 0 0 0 0 0 0 0 0 0 0 0 0 0.109542130756352 0.185625653115165 0.283757683999393 0.397119179587248 0.515769430957295 0.629414704975999 0.729855537984702 0.812297262906902 0.875422276054583 0.920615577146496 0.950862905374344 0.969715258425567 0.980510630879895 0.985880533923628 0.9874826556066 0.985880533923628 0.980510630879895 0.969715258425567 0.950862905374344 0.920615577146496 0.875422276054583 0.812297262906902 0.729855537984702 0.629414704975999 0.515769430957295 0.397119179587248 0.283757683999393 0.185625653115165 0.109542130756352 0 0 0 0 0 0 0 0 0 0 0 0 0 0.126657759766995 0.229018910140102 0.360485317728838 0.50582991401344 0.64649159935633 0.767220556666722 0.85990569573878 0.923731418166495 0.962969886707551 0.984184154270883 0.99398088581324 0.99764445753162 0.998491812940271 0.99764445753162 0.99398088581324 0.984184154270883 0.962969886707551 0.923731418166495 0.85990569573878 0.767220556666722 0.64649159935633 0.50582991401344 0.360485317728838 0.229018910140102 0.126657759766995 0 0 0 0 0 0 
0 0 0 0 0 0 0 0 0 0 0 0 0 0 0 0 0 0 0 0 0 0 0 0 0 0 0 0 0 0.156945020232209 0.245286322140164 0.350342984824392 0.463559762511294 0.575301221433991 0.677227061772247 0.76380426509875 0.832693325133238 0.884253763838992 0.920615577146496 0.944707071983589 0.959463537531385 0.967284878157878 0.969715258425567 0.967284878157878 0.959463537531385 0.944707071983589 0.920615577146496 0.884253763838992 0.832693325133238 0.76380426509875 0.677227061772247 0.575301221433991 0.463559762511294 0.350342984824392 0.245286322140164 0.156945020232209 0 0 0 0 0 0 0 0 0 0 0 0 0 0 0.137607745602626 0.245600250262948 0.382017312399871 0.53030972877502 0.671288506280403 0.789913279533464 0.878849454791316 0.938221700746449 0.973106067271712 0.990611069359524 0.99764445753162 0.999622739800869 0.999905671604287 0.999622739800869 0.99764445753162 0.990611069359524 0.973106067271712 0.938221700746449 0.878849454791316 0.789913279533464 0.671288506280403 0.53030972877502 0.382017312399871 0.245600250262948 0.137607745602626 0 0 0 0 0 0 
0 0 0 0 0 0 0 0 0 0 0 0 0 0 0 0 0 0 0 0 0 0 0 0 0 0 0 0 0 0.126461397256951 0.203065827506706 0.297351252081012 0.402489600208388 0.509890085097244 0.61137498938089 0.700821295969133 0.774857596741818 0.832693325133238 0.875422276054583 0.905164062264459 0.924292069829058 0.934857722203471 0.938221700746449 0.934857722203471 0.924292069829058 0.905164062264459 0.875422276054583 0.832693325133238 0.774857596741818 0.700821295969133 0.61137498938089 0.509890085097244 0.402489600208388 0.297351252081012 0.203065827506706 0.126461397256951 0 0 0 0 0 0 0 0 0 0 0 0 0 0 0.141410839199098 0.251295137900506 0.389329811870575 0.538526918615456 0.67950727926201 0.797324795483783 0.884922359668643 0.942746337207875 0.976140050695452 0.992388157489868 0.998491812940271 0.999905671604287 1 0.999905671604287 0.998491812940271 0.992388157489868 0.976140050695452 0.942746337207875 0.884922359668643 0.797324795483783 0.67950727926201 0.538526918615456 0.389329811870575 0.251295137900506 0.141410839199098 0 0 0 0 0 0 
0 0 0 0 0 0 0 0 0 0 0 0 0 0 0 0 0 0 0 0 0 0 0 0 0 0 0 0 0 0 0.159962223991193 0.24122880273085 0.335414361828048 0.435371463173613 0.533502257702619 0.623404430735078 0.700821295969133 0.76380426509875 0.812297262906902 0.847449640147229 0.870911096456656 0.884253763838992 0.888571687348732 0.884253763838992 0.870911096456656 0.847449640147229 0.812297262906902 0.76380426509875 0.700821295969133 0.623404430735078 0.533502257702619 0.435371463173613 0.335414361828048 0.24122880273085 0.159962223991193 0 0 0 0 0 0 0 0 0 0 0 0 0 0 0 0.137607745602626 0.245600250262948 0.382017312399871 0.53030972877502 0.671288506280403 0.789913279533464 0.878849454791316 0.938221700746449 0.973106067271712 0.990611069359524 0.99764445753162 0.999622739800869 0.999905671604287 0.999622739800869 0.99764445753162 0.990611069359524 0.973106067271712 0.938221700746449 0.878849454791316 0.789913279533464 0.671288506280403 0.53030972877502 0.382017312399871 0.245600250262948 0.137607745602626 0 0 0 0 0 0 
0 0 0 0 0 0 0 0 0 0 0 0 0 0 0 0 0 0 0 0 0 0 0 0 0 0 0 0 0 0 0.118982063354973 0.185625653115165 0.266227616881784 0.355395457514136 0.446566852851368 0.533502257702619 0.61137498938089 0.677227061772247 0.729855537984702 0.769348934107357 0.796505292377609 0.812297262906902 0.817469618463246 0.812297262906902 0.796505292377609 0.769348934107357 0.729855537984702 0.677227061772247 0.61137498938089 0.533502257702619 0.446566852851368 0.355395457514136 0.266227616881784 0.185625653115165 0.118982063354973 0 0 0 0 0 0 0 0 0 0 0 0 0 0 0 0.126657759766995 0.229018910140102 0.360485317728838 0.50582991401344 0.64649159935633 0.767220556666722 0.85990569573878 0.923731418166495 0.962969886707551 0.984184154270883 0.99398088581324 0.99764445753162 0.998491812940271 0.99764445753162 0.99398088581324 0.984184154270883 0.962969886707551 0.923731418166495 0.85990569573878 0.767220556666722 0.64649159935633 0.50582991401344 0.360485317728838 0.229018910140102 0.126657759766995 0 0 0 0 0 0 
0 0 0 0 0 0 0 0 0 0 0 0 0 0 0 0 0 0 0 0 0 0 0 0 0 0 0 0 0 0 0 0.134291897304334 0.199490653067651 0.274907029217263 0.355395457514136 0.435371463173613 0.509890085097244 0.575301221433991 0.629414704975999 0.671288506280403 0.700821295969133 0.718312255391395 0.724096521486238 0.718312255391395 0.700821295969133 0.671288506280403 0.629414704975999 0.575301221433991 0.509890085097244 0.435371463173613 0.355395457514136 0.274907029217263 0.199490653067651 0.134291897304334 0 0 0 0 0 0 0 0 0 0 0 0 0 0 0 0.100692484575402 0.132168997898845 0.203065827506707 0.326029135000313 0.465754762636727 0.604895398733175 0.728086302591349 0.826112752157697 0.896686686167781 0.942746337207875 0.969898510069849 0.984184154270883 0.990611069359524 0.992388157489868 0.990611069359524 0.984184154270883 0.969898510069849 0.942746337207875 0.896686686167781 0.826112752157697 0.728086302591349 0.604895398733175 0.465754762636727 0.326029135000313 0.203065827506707 0.109894159073899 0 0 0 0 0 0 
0 0 0 0 0 0 0 0 0 0 0 0 0 0 0 0 0 0 0 0 0 0 0 0 0 0 0 0 0 0 0 0 0.139711023149307 0.199490653067651 0.266227616881784 0.335414361828048 0.402489600208388 0.463559762511294 0.515769430957295 0.557329640381079 0.587314027897617 0.605358231792299 0.61137498938089 0.605358231792299 0.587314027897617 0.557329640381079 0.515769430957295 0.463559762511294 0.402489600208388 0.335414361828048 0.266227616881784 0.199490653067651 0.139711023149307 0 0 0 0 0 0 0 0 0 0 0 0 0 0 0 0.129032167400704 0.174384737139833 0.220836336046566 0.264512403739173 0.301966205404137 0.411651674359674 0.546768268297297 0.671288506280403 0.774857596741818 0.853360229009251 0.907921976358488 0.942746337207875 0.962969886707551 0.973106067271712 0.976140050695452 0.973106067271712 0.962969886707551 0.942746337207875 0.907921976358488 0.853360229009251 0.774857596741818 0.671288506280403 0.546768268297297 0.411651674359674 0.281016255888607 0.170242197235133 0 0 0 0 0 0 0 
0 0 0 0 0 0 0 0 0 0 0 0 0 0 0 0 0 0 0 0 0 0 0 0 0 0 0 0 0 0 0 0 0 0.134291897304334 0.185625653115165 0.24122880273085 0.297351252081012 0.350342984824392 0.397119179587248 0.435371463173613 0.463559762511294 0.480773291793291 0.486556251715438 0.480773291793291 0.463559762511294 0.435371463173613 0.397119179587248 0.350342984824392 0.297351252081012 0.24122880273085 0.185625653115165 0.134291897304334 0 0 0 0 0 0 0 0 0 0 0 0 0 0 0 0.148718319959564 0.207413768509558 0.269678742919249 0.330515821523994 0.385421610472514 0.4309247939071 0.464700712742793 0.48539794290909 0.59656524795472 0.70397494289872 0.789913279533464 0.853360229009251 0.896686686167781 0.923731418166495 0.938221700746449 0.942746337207875 0.938221700746449 0.923731418166495 0.896686686167781 0.853360229009251 0.789913279533464 0.70397494289872 0.59656524795472 0.47368607554494 0.346482195513557 0.229018910140102 0.133881670888812 0 0 0 0 0 0 0 
0 0 0 0 0 0 0 0 0 0 0 0 0 0 0 0 0 0 0 0 0 0 0 0 0 0 0 0 0 0 0 0 0 0 0.118982063354973 0.159962223991193 0.203065827506706 0.245286322140164 0.283757683999393 0.316058606295583 0.340352007550202 0.355395457514136 0.360485317728838 0.355395457514136 0.340352007550202 0.316058606295583 0.283757683999393 0.245286322140164 0.203065827506706 0.159962223991193 0.118982063354973 0 0 0 0 0 0 0 0 0 0 0 0 0 0 0 0.155749842549783 0.225436948126087 0.301966205404137 0.379110887283382 0.451075486675191 0.513415663919192 0.563312339004762 0.599341703750742 0.620999310052938 0.628212978004615 0.620999310052938 0.70397494289872 0.774857596741818 0.826112752157697 0.85990569573878 0.878849454791316 0.884922359668643 0.878849454791316 0.85990569573878 0.826112752157697 0.774857596741818 0.70397494289872 0.613226162087338 0.50582991401344 0.389329811870575 0.274907029217262 0.174683362763146 0 0 0 0 0 0 0 0 
0 0 0 0 0 0 0 0 0 0 0 0 0 0 0 0 0 0 0 0 0 0 0 0 0 0 0 0 0 0 0 0 0 0 0 0 0.126461397256951 0.156945020232209 0.185625653115165 0.21034743289174 0.229319095652364 0.24122880273085 0.245286322140164 0.24122880273085 0.229319095652364 0.21034743289174 0.185625653115165 0.156945020232209 0.126461397256951 0 0 0 0 0 0 0 0 0 0 0 0 0 0 0 0 0.148718319959564 0.225436948126087 0.313210661355389 0.404646899200858 0.492360316662318 0.570502297635273 0.635420390446752 0.685516059264436 0.720628906228449 0.741292464496538 0.748099103226458 0.741292464496538 0.720628906228449 0.685516059264436 0.728086302591349 0.767220556666722 0.789913279533464 0.797324795483783 0.789913279533464 0.767220556666722 0.728086302591349 0.671288506280403 0.59656524795472 0.50582991401344 0.404148601737547 0.299831059865423 0.203065827506707 0.123158456316655 0 0 0 0 0 0 0 0 
0 0 0 0 0 0 0 0 0 0 0 0 0 0 0 0 0 0 0 0 0 0 0 0 0 0 0 0 0 0 0 0 0 0 0 0 0 0 0.109542130756352 0.126461397256951 0.139711023149307 0.148143100518045 0.151035674181538 0.148143100518045 0.139711023149307 0.126461397256951 0.109542130756352 0 0 0 0 0 0 0 0 0 0 0 0 0 0 0 0 0 0.129032167400704 0.207413768509558 0.301966205404137 0.404646899200858 0.506370776476777 0.599341703750742 0.678413050833265 0.741292464496538 0.78792343075865 0.819525188934035 0.837665753786066 0.843562292621571 0.837665753786066 0.819525188934035 0.78792343075865 0.741292464496538 0.678413050833265 0.671288506280403 0.67950727926201 0.671288506280403 0.64649159935633 0.604895398733175 0.546768268297297 0.47368607554494 0.389329811870575 0.299831059865423 0.213194724557767 0.137607745602626 0 0 0 0 0 0 0 0 0 
0 0 0 0 0 0 0 0 0 0 0 0 0 0 0 0 0 0 0 0 0 0 0 0 0 0 0 0 0 0 0 0 0 0 0 0 0 0 0 0 0 0 0 0 0 0 0 0 0 0 0 0 0 0 0 0 0 0 0 0 0 0 0 0.100692484575402 0.174384737139833 0.269678742919249 0.379110887283382 0.492360316662318 0.599341703750742 0.692595282575667 0.768242837728334 0.825644960902086 0.866337904026611 0.892822829742286 0.907556242773421 0.912262624816315 0.907556242773421 0.892822829742286 0.866337904026611 0.825644960902086 0.768242837728334 0.692595282575667 0.599341703750742 0.53030972877502 0.50582991401344 0.465754762636727 0.411651674359674 0.346482195513557 0.274907029217262 0.203065827506707 0.137607745602626 0 0 0 0 0 0 0 0 0 0 
0 0 0 0 0 0 0 0 0 0 0 0 0 0 0 0 0 0 0 0 0 0 0 0 0 0 0 0 0 0 0 0 0 0 0 0 0 0 0 0 0 0 0 0 0 0 0 0 0 0 0 0 0 0 0 0 0 0 0 0 0 0 0 0.132168997898845 0.220836336046566 0.330515821523994 0.451075486675191 0.570502297635273 0.678413050833265 0.768242837728334 0.837665753786066 0.88771340782359 0.921356957472602 0.942152063951673 0.953231386473442 0.956682192461664 0.953231386473442 0.942152063951673 0.921356957472602 0.88771340782359 0.837665753786066 0.768242837728334 0.678413050833265 0.570502297635273 0.451075486675191 0.330515821523994 0.281016255888607 0.229018910140102 0.174683362763146 0.123158456316655 0 0 0 0 0 0 0 0 0 0 0 
0 0 0 0 0 0 0 0 0 0 0 0 0 0 0 0 0 0 0 0 0 0 0 0 0 0 0 0 0 0 0 0 0 0 0 0 0 0 0 0 0 0 0 0 0 0 0 0 0 0 0 0 0 0 0 0 0 0 0 0 0 0 0 0.163021388703181 0.264512403739173 0.385421610472514 0.513415663919192 0.635420390446752 0.741292464496538 0.825644960902086 0.88771340782359 0.930014636571424 0.956682192461664 0.972056081486504 0.979731293265429 0.982024778087707 0.979731293265429 0.972056081486504 0.956682192461664 0.930014636571424 0.88771340782359 0.825644960902086 0.741292464496538 0.635420390446752 0.513415663919192 0.385421610472514 0.264512403739173 0.163021388703181 0 0 0 0 0 0 0 0 0 0 0 0 0 
0 0 0 0 0 0 0 0 0 0 0 0 0 0 0 0 0 0 0 0 0 0 0 0 0 0 0 0 0 0 0 0 0 0 0 0 0 0 0 0 0 0 0 0 0 0 0 0 0 0 0 0 0 0 0 0 0 0 0 0 0 0 0.105932590152189 0.190399311582767 0.301966205404137 0.4309247939071 0.563312339004762 0.685516059264436 0.78792343075865 0.866337904026611 0.921356957472602 0.956682192461664 0.977304662219488 0.988097006136808 0.992939597787242 0.994277227520972 0.992939597787242 0.988097006136808 0.977304662219488 0.956682192461664 0.921356957472602 0.866337904026611 0.78792343075865 0.685516059264436 0.563312339004762 0.4309247939071 0.301966205404137 0.190399311582767 0.105932590152189 0 0 0 0 0 0 0 0 0 0 0 0 
0 0 0 0 0 0 0 0 0 0 0 0 0 0 0 0 0 0 0 0 0 0 0 0 0 0 0 0 0 0 0 0 0 0 0 0 0 0 0 0 0 0 0 0 0 0 0 0 0 0 0 0 0 0 0 0 0 0 0 0 0 0 0.119959298492964 0.211824785804258 0.330515821523994 0.464700712742793 0.599341703750742 0.720628906228449 0.819525188934035 0.892822829742286 0.942152063951673 0.972056081486504 0.988097006136808 0.995475581489367 0.998230206735349 0.998866971195051 0.998230206735349 0.995475581489367 0.988097006136808 0.972056081486504 0.942152063951673 0.892822829742286 0.819525188934035 0.720628906228449 0.599341703750742 0.464700712742793 0.330515821523994 0.211824785804258 0.119959298492964 0 0 0 0 0 0 0 0 0 0 0 0 
0 0 0 0 0 0 0 0 0 0 0 0 0 0 0 0 0 0 0 0 0 0 0 0 0 0 0 0 0 0 0 0 0 0 0 0 0 0 0 0 0 0 0 0 0 0 0 0 0 0 0 0 0 0 0 0 0 0 0 0 0 0 0.129032167400704 0.225436948126087 0.348332566942387 0.48539794290909 0.620999310052938 0.741292464496538 0.837665753786066 0.907556242773421 0.953231386473442 0.979731293265429 0.992939597787242 0.998230206735349 0.999716622367193 0.999929148062158 0.999716622367193 0.998230206735349 0.992939597787242 0.979731293265429 0.953231386473442 0.907556242773421 0.837665753786066 0.741292464496538 0.620999310052938 0.48539794290909 0.348332566942387 0.225436948126087 0.129032167400704 0 0 0 0 0 0 0 0 0 0 0 0 
0 0 0 0 0 0 0 0 0 0 0 0 0 0 0 0 0 0 0 0 0 0 0 0 0 0 0 0 0 0 0 0 0 0 0 0 0 0 0 0 0 0 0 0 0 0 0 0 0 0 0 0 0 0 0 0 0 0 0 0 0 0 0.132168997898845 0.230100793631598 0.354381957135243 0.492360316662318 0.628212978004615 0.748099103226458 0.843562292621571 0.912262624816315 0.956682192461664 0.982024778087707 0.994277227520972 0.998866971195051 0.999929148062158 1 0.999929148062158 0.998866971195051 0.994277227520972 0.982024778087707 0.956682192461664 0.912262624816315 0.843562292621571 0.748099103226458 0.628212978004615 0.492360316662318 0.354381957135243 0.230100793631598 0.132168997898845 0 0 0 0 0 0 0 0 0 0 0 0 
0 0 0 0 0 0 0 0 0 0 0 0 0 0 0 0 0 0 0 0 0 0 0 0 0 0 0 0 0 0 0 0 0 0 0 0 0 0 0 0 0 0 0 0 0 0 0 0 0 0 0 0 0 0 0 0 0 0 0 0 0 0 0.129032167400704 0.225436948126087 0.348332566942387 0.48539794290909 0.620999310052938 0.741292464496538 0.837665753786066 0.907556242773421 0.953231386473442 0.979731293265429 0.992939597787242 0.998230206735349 0.999716622367193 0.999929148062158 0.999716622367193 0.998230206735349 0.992939597787242 0.979731293265429 0.953231386473442 0.907556242773421 0.837665753786066 0.741292464496538 0.620999310052938 0.48539794290909 0.348332566942387 0.225436948126087 0.129032167400704 0 0 0 0 0 0 0 0 0 0 0 0 
0 0 0 0 0 0 0 0 0 0 0 0 0 0 0 0 0 0 0 0 0 0 0 0 0 0 0 0 0 0 0 0 0 0 0 0 0 0 0 0 0 0 0 0 0 0 0 0 0 0 0 0 0 0 0 0 0 0 0 0 0 0 0.119959298492964 0.211824785804258 0.330515821523994 0.464700712742793 0.599341703750742 0.720628906228449 0.819525188934035 0.892822829742286 0.942152063951673 0.972056081486504 0.988097006136808 0.995475581489367 0.998230206735349 0.998866971195051 0.998230206735349 0.995475581489367 0.988097006136808 0.972056081486504 0.942152063951673 0.892822829742286 0.819525188934035 0.720628906228449 0.599341703750742 0.464700712742793 0.330515821523994 0.211824785804258 0.119959298492964 0 0 0 0 0 0 0 0 0 0 0 0 
0 0 0 0 0 0 0 0 0 0 0 0 0 0 0 0 0 0 0 0 0 0 0 0 0 0 0 0 0 0 0 0 0 0 0 0 0 0 0 0 0 0 0 0 0 0 0 0 0 0 0 0 0 0 0 0 0 0 0 0 0 0 0.105932590152189 0.190399311582767 0.301966205404137 0.4309247939071 0.563312339004762 0.685516059264436 0.78792343075865 0.866337904026611 0.921356957472602 0.956682192461664 0.977304662219488 0.988097006136808 0.992939597787242 0.994277227520972 0.992939597787242 0.988097006136808 0.977304662219488 0.956682192461664 0.921356957472602 0.866337904026611 0.78792343075865 0.685516059264436 0.563312339004762 0.4309247939071 0.301966205404137 0.190399311582767 0.105932590152189 0 0 0 0 0 0 0 0 0 0 0 0 
0 0 0 0 0 0 0 0 0 0 0 0 0 0 0 0 0 0 0 0 0 0 0 0 0 0 0 0 0 0 0 0 0 0 0 0 0 0 0 0 0 0 0 0 0 0 0 0 0 0 0 0 0 0 0 0 0 0 0 0 0 0 0 0.163021388703181 0.264512403739173 0.385421610472514 0.513415663919192 0.635420390446752 0.741292464496538 0.825644960902086 0.88771340782359 0.930014636571424 0.956682192461664 0.972056081486504 0.979731293265429 0.982024778087707 0.979731293265429 0.972056081486504 0.956682192461664 0.930014636571424 0.88771340782359 0.825644960902086 0.741292464496538 0.635420390446752 0.513415663919192 0.385421610472514 0.264512403739173 0.163021388703181 0 0 0 0 0 0 0 0 0 0 0 0 0 
0 0 0 0 0 0 0 0 0 0 0 0 0 0 0 0 0 0 0 0 0 0 0 0 0 0 0 0 0 0 0 0 0 0 0 0 0 0 0 0 0 0 0 0 0 0 0 0 0 0 0 0 0 0 0 0 0 0 0 0 0 0 0 0.132168997898845 0.220836336046566 0.330515821523994 0.451075486675191 0.570502297635273 0.678413050833265 0.768242837728334 0.837665753786066 0.88771340782359 0.921356957472602 0.942152063951673 0.953231386473442 0.956682192461664 0.953231386473442 0.942152063951673 0.921356957472602 0.88771340782359 0.837665753786066 0.768242837728334 0.678413050833265 0.570502297635273 0.451075486675191 0.330515821523994 0.220836336046566 0.132168997898845 0 0 0 0 0 0 0 0 0 0 0 0 0 
0 0 0 0 0 0 0 0 0 0 0 0 0 0 0 0 0 0 0 0 0 0 0 0 0 0 0 0 0 0 0 0 0 0 0 0 0 0 0 0 0 0 0 0 0 0 0 0 0 0 0 0 0 0 0 0 0 0 0 0 0 0 0 0.100692484575402 0.174384737139833 0.269678742919249 0.379110887283382 0.492360316662318 0.599341703750742 0.692595282575667 0.768242837728334 0.825644960902086 0.866337904026611 0.892822829742286 0.907556242773421 0.912262624816315 0.907556242773421 0.892822829742286 0.866337904026611 0.825644960902086 0.768242837728334 0.692595282575667 0.599341703750742 0.492360316662318 0.379110887283382 0.269678742919249 0.174384737139833 0.100692484575402 0 0 0 0 0 0 0 0 0 0 0 0 0 
0 0 0 0 0 0 0 0 0 0 0 0 0 0 0 0 0 0 0 0 0 0 0 0 0 0 0 0 0 0 0 0 0 0 0 0 0 0 0 0 0 0 0 0 0 0 0 0 0 0 0 0 0 0 0 0 0 0 0 0 0 0 0 0 0.129032167400704 0.207413768509558 0.301966205404137 0.404646899200858 0.506370776476777 0.599341703750742 0.678413050833265 0.741292464496538 0.78792343075865 0.819525188934035 0.837665753786066 0.843562292621571 0.837665753786066 0.819525188934035 0.78792343075865 0.741292464496538 0.678413050833265 0.599341703750742 0.506370776476777 0.404646899200858 0.301966205404137 0.207413768509558 0.129032167400704 0 0 0 0 0 0 0 0 0 0 0 0 0 0 
0 0 0 0 0 0 0 0 0 0 0 0 0 0 0 0 0 0 0 0 0 0 0 0 0 0 0 0 0 0 0 0 0 0 0 0 0 0 0 0 0 0 0 0 0 0 0 0 0 0 0 0 0 0 0 0 0 0 0 0 0 0 0 0 0 0.148718319959564 0.225436948126087 0.313210661355389 0.404646899200858 0.492360316662318 0.570502297635273 0.635420390446752 0.685516059264436 0.720628906228449 0.741292464496538 0.748099103226458 0.741292464496538 0.720628906228449 0.685516059264436 0.635420390446752 0.570502297635273 0.492360316662318 0.404646899200858 0.313210661355389 0.225436948126087 0.148718319959564 0 0 0 0 0 0 0 0 0 0 0 0 0 0.100692484575402 0 
0 0 0 0 0 0 0 0 0 0 0 0 0 0 0 0 0 0 0 0 0 0 0 0 0 0 0 0 0 0 0 0 0 0 0 0 0 0 0 0 0 0 0 0 0 0 0 0 0 0 0 0 0 0 0 0 0 0 0 0 0 0 0 0 0 0 0.155749842549783 0.225436948126087 0.301966205404137 0.379110887283382 0.451075486675191 0.513415663919192 0.563312339004762 0.599341703750742 0.620999310052938 0.628212978004615 0.620999310052938 0.599341703750742 0.563312339004762 0.513415663919192 0.451075486675191 0.379110887283382 0.301966205404137 0.225436948126087 0.155749842549783 0 0 0 0 0 0 0 0 0 0 0.125190663414 0.153969574170007 0.177311905213896 0.192471198362885 0.197719443104673 0.192471198362885 
0 0 0 0 0 0 0 0 0 0 0 0 0 0 0 0 0 0 0 0 0 0 0 0 0 0 0 0 0 0 0 0 0 0 0 0 0 0 0 0 0 0 0 0 0 0 0 0 0 0 0 0 0 0 0 0 0 0 0 0 0 0 0 0 0 0 0 0.148718319959564 0.207413768509558 0.269678742919249 0.330515821523994 0.385421610472514 0.4309247939071 0.464700712742793 0.48539794290909 0.492360316662318 0.48539794290909 0.464700712742793 0.4309247939071 0.385421610472514 0.330515821523994 0.269678742919249 0.207413768509558 0.148718319959564 0 0 0 0 0 0 0 0 0 0.129032167400704 0.177311905213896 0.225436948126087 0.268381339755955 0.301966205404137 0.323242173213885 0.330515821523994 0.323242173213885 
0 0 0 0 0 0 0 0 0 0 0 0 0 0 0 0 0 0 0 0 0 0 0 0 0 0 0 0 0 0 0 0 0 0 0 0 0 0 0 0 0 0 0 0 0 0 0 0 0 0 0 0 0 0 0 0 0 0 0 0 0 0 0 0 0 0 0 0 0.129032167400704 0.174384737139833 0.220836336046566 0.264512403739173 0.301966205404137 0.330515821523994 0.348332566942387 0.354381957135243 0.348332566942387 0.330515821523994 0.301966205404137 0.264512403739173 0.220836336046566 0.174384737139833 0.129032167400704 0 0 0 0 0 0 0 0 0 0.153969574170007 0.21969606384552 0.288246747940293 0.352864518829096 0.407892505183624 0.449382755873488 0.475012317422744 0.4836620781975 0.475012317422744 
0 0 0 0 0 0 0 0 0 0 0 0 0 0 0 0 0 0 0 0 0 0 0 0 0 0 0 0 0 0 0 0 0 0 0 0 0 0 0 0 0 0 0 0 0 0 0 0 0 0 0 0 0 0 0 0 0 0 0 0 0 0 0 0 0 0 0 0 0 0.100692484575402 0.132168997898845 0.163021388703181 0.190399311582767 0.211824785804258 0.225436948126087 0.230100793631598 0.225436948126087 0.211824785804258 0.190399311582767 0.163021388703181 0.132168997898845 0.100692484575402 0 0 0 0 0 0 0 0 0 0.163021388703181 0.243252094649978 0.330515821523994 0.416056378124638 0.492360316662318 0.554341703344906 0.599341703750742 0.62641006488962 0.635420390446752 0.62641006488962 
0 0 0 0 0 0 0 0 0 0 0 0 0 0 0 0 0 0 0 0 0 0 0 0 0 0 0 0 0 0 0 0 0 0 0 0 0 0 0 0 0 0 0 0 0 0 0 0 0 0 0 0 0 0 0 0 0 0 0 0 0 0 0 0 0 0 0 0 0 0 0 0 0.105932590152189 0.119959298492964 0.129032167400704 0.132168997898845 0.129032167400704 0.119959298492964 0.105932590152189 0 0 0 0 0 0 0 0 0 0 0 0.153969574170007 0.243252094649978 0.345328355440562 0.449382755873488 0.545393148849829 0.62641006488962 0.689058785152317 0.732725159387735 0.758224936516815 0.766581016240933 0.758224936516815 
0 0 0 0 0 0 0 0 0 0 0 0 0 0 0 0 0 0 0 0 0 0 0 0 0 0 0 0 0 0 0 0 0 0 0 0 0 0 0 0 0 0 0 0 0 0 0 0 0 0 0 0 0 0 0 0 0 0 0 0 0 0 0 0 0 0 0 0 0 0 0 0 0 0 0 0 0 0 0 0 0 0 0 0 0 0 0 0 0 0.129032167400704 0.21969606384552 0.330515821523994 0.449382755873488 0.563312339004762 0.662355943303985 0.741292464496538 0.799164955770888 0.837665753786066 0.859364520450072 0.866337904026611 0.859364520450072 
0 0 0 0 0 0 0 0 0 0 0 0 0 0 0 0 0 0 0 0 0 0 0 0 0 0 0 0 0 0 0 0 0 0 0 0 0 0 0 0 0 0 0 0 0 0 0 0 0 0 0 0 0 0 0 0 0 0 0 0 0 0 0 0 0 0 0 0 0 0 0 0 0 0 0 0 0 0 0 0 0 0 0 0 0 0 0 0 0 0.177311905213896 0.288246747940293 0.416056378124638 0.545393148849829 0.662355943303985 0.758224936516815 0.830187553233752 0.879870231467196 0.911095850168918 0.927891927274027 0.93314582184722 0.927891927274027 
0 0 0 0 0 0 0 0 0.104812147829233 0.106920594631704 0.104812147829233 0 0 0 0 0 0 0 0 0 0 0 0 0 0 0 0 0 0 0 0 0 0 0 0 0 0 0 0 0 0 0 0 0 0 0 0 0 0 0 0 0 0 0 0 0 0 0 0 0 0 0 0 0 0 0 0 0 0 0 0 0 0 0 0 0 0 0 0 0 0 0 0 0 0 0 0 0 0.125190663414 0.225436948126087 0.352864518829096 0.492360316662318 0.62641006488962 0.741292464496538 0.830187553233752 0.892822829742286 0.93314582184722 0.956682192461664 0.968511219632588 0.972056081486504 0.968511219632588 
0 0 0 0 0.115684923412261 0.137409722277032 0.15631514733855 0.170937996594823 0.180169320275932 0.183323525569634 0.180169320275932 0.170937996594823 0.15631514733855 0.137409722277032 0.115684923412261 0 0 0 0 0 0 0 0 0 0 0 0 0 0 0 0 0 0 0 0 0 0 0 0 0 0 0 0 0 0 0 0 0 0 0 0 0 0 0 0 0 0 0 0 0 0 0 0 0 0 0 0 0 0 0 0 0 0 0 0 0 0 0 0 0 0 0 0 0 0 0 0 0 0.153969574170007 0.268381339755955 0.407892505183624 0.554341703344906 0.689058785152317 0.799164955770888 0.879870231467196 0.93314582184722 0.964765642858517 0.981463942905692 0.98899005057738 0.991072572182266 0.98899005057738 
