0 0 0 0 0 0 0 0 0 0 0 0 0 0 0 0 0 0 0 0 0 0 0 0 0 0 0.103811655889029 0.111938903497631 0.117045882094697 0.118787349279647 0.117045882094697 0.111938903497631 0.103811655889029 0 0 0 0 0 0 0 0 0 0 0 0 0 0 0 0 0 0 0 0 0 0 0 0 0 0 0 0 0 0 0 0 0 0 0 0 0 0 0 0 0 0 0 0 0 0 0 0 0 0 0 0 0 0 0 0 0 0 0 0 0 0 0 0 0 0 0 0 
0 0 0 0 0 0 0 0 0 0 0 0 0 0 0 0 0 0 0 0 0 0 0 0.113621774483194 0.13343968466458 0.151502315245214 0.166748048259258 0.178295347961765 0.18549051024286 0.187933677713137 0.18549051024286 0.178295347961765 0.166748048259258 0.151502315245214 0.13343968466458 0.113621774483194 0 0 0 0 0 0 0 0 0 0 0 0 0 0 0 0 0 0 0 0 0 0 0 0 0 0 0 0 0 0 0 0 0 0 0 0 0 0 0 0 0 0 0 0 0 0 0 0 0 0 0 0 0 0 0 0 0 0 0 0 0 0 0 0 0 
0 0 0 0 0 0 0 0 0 0 0 0 0 0 0 0 0 0 0 0 0 0.118787349279647 0.14734055475722 0.175941573855874 0.203065827506707 0.227294899227228 0.247413509434977 0.262463273307847 0.271762639593139 0.274907029217262 0.271762639593139 0.262463273307847 0.247413509434977 0.227294899227228 0.203065827506707 0.175941573855874 0.14734055475722 0.118787349279647 0 0 0 0 0 0 0 0 0 0 0 0 0 0 0 0 0 0 0 0 0 0 0 0 0 0 0 0 0 0 0 0 0 0 0 0 0 0 0 0 0 0 0 0 0 0 0 0 0 0 0 0 0 0 0 0 0 0 0 0 0 0 0 
0 0 0 0 0 0 0 0 0 0 0 0 0 0 0 0 0 0 0 0.107005612518734 0.141257228156461 0.178295347961765 0.216298957454005 0.253365763056676 0.287705827431759 0.317774384324019 0.34233792561265 0.360485317728838 0.371604747050202 0.375348628008205 0.371604747050202 0.360485317728838 0.34233792561265 0.317774384324019 0.287705827431759 0.253365763056676 0.216298957454005 0.178295347961765 0.141257228156461 0.107005612518734 0 0 0 0 0 0 0 0 0 0 0 0 0 0 0 0 0 0 0 0 0 0 0 0 0 0 0 0 0 0 0 0 0 0 0 0 0 0 0 0 0 0 0 0 0 0 0 0 0 0 0 0 0 0 0 0 0 0 0 0 0 
0 0 0 0 0 0 0 0 0 0 0 0 0 0 0 0 0 0 0.117045882094697 0.157905972296914 0.203065827506707 0.250378334994917 0.297535050977041 0.34233792561265 0.382891323309651 0.417697558207423 0.445667180102787 0.466071138740815 0.478466215037724 0.482621488753261 0.478466215037724 0.466071138740815 0.445667180102787 0.417697558207423 0.382891323309651 0.34233792561265 0.297535050977041 0.250378334994917 0.203065827506707 0.157905972296914 0.117045882094697 0 0 0 0 0 0 0 0 0 0 0 0 0 0 0 0 0 0 0 0 0 0 0 0 0 0 0 0 0 0 0 0 0 0 0 0 0 0 0 0 0 0 0 0 0 0 0 0 0 0 0 0 0 0 0 0 0 0 0 0 
0 0 0 0 0 0 0 0 0 0 0 0 0 0 0 0 0 0.120548576917592 0.166748048259258 0.219013797487629 0.274907029217262 0.331687883848038 0.386689729710106 0.437601639638911 0.482621488753261 0.520484800861251 0.550401405914095 0.571941538575961 0.584909984288916 0.589237695015882 0.584909984288916 0.571941538575961 0.550401405914095 0.520484800861251 0.482621488753261 0.437601639638911 0.386689729710106 0.331687883848038 0.274907029217262 0.219013797487629 0.166748048259258 0.120548576917592 0 0 0 0 0 0 0 0 0 0 0 0 0 0 0 0 0 0 0 0 0 0 0 0 0 0 0 0 0 0 0 0 0 0 0 0 0 0 0 0 0 0 0 0 0 0 0 0 0 0 0 0 0 0 0 0 0 0 0 
0 0 0 0 0 0 0 0 0 0 0 0 0 0 0 0 0.117045882094697 0.166748048259258 0.224511766646547 0.287705827431759 0.353167736027855 0.417697558207423 0.478466215037724 0.533264962162575 0.58058443944521 0.619556011382502 0.64980792394711 0.671288506280403 0.684097288222227 0.688350729203772 0.684097288222227 0.671288506280403 0.64980792394711 0.619556011382502 0.58058443944521 0.533264962162575 0.478466215037724 0.417697558207423 0.353167736027855 0.287705827431759 0.224511766646547 0.166748048259258 0.117045882094697 0 0 0 0 0 0 0 0 0 0 0 0 0 0 0 0 0 0 0 0 0 0 0 0 0 0 0 0 0 0 0 0 0 0 0 0 0 0 0 0 0 0 0 0 0 0 0 0 0 0 0 0 0 0 0 0 0 0 
0 0 0 0 0 0 0 0 0 0 0 0 0 0 0 0.107005612518734 0.157905972296914 0.219013797487629 0.287705827431759 0.360485317728838 0.433590592633304 0.503559982101402 0.567625019228767 0.623885392715877 0.671288506280403 0.709474813025246 0.738557875838721 0.758896241396258 0.770895046991776 0.774857596741818 0.770895046991776 0.758896241396258 0.738557875838721 0.709474813025246 0.671288506280403 0.623885392715877 0.567625019228767 0.503559982101402 0.433590592633304 0.360485317728838 0.287705827431759 0.219013797487629 0.157905972296914 0.107005612518734 0 0 0 0 0 0 0 0 0 0 0 0 0 0 0 0 0 0 0 0 0 0 0 0.11242774203159 0.129032167400704 0.143179849077599 0.153969574170007 0.16072307357744 0.163021388703181 0.16072307357744 0.153969574170007 0.143179849077599 0.129032167400704 0.11242774203159 0 0 0 0 0 0 0 0 0 0 0 0 0 0 0 0 0 0 0 0 0 0 0 
0 0 0 0 0 0 0 0 0 0 0 0 0 0 0 0.141257228156461 0.203065827506707 0.274907029217262 0.353167736027855 0.433590592633304 0.512004693187243 0.584909984288916 0.64980792394711 0.705270717291754 0.750809434953136 0.78662705846737 0.813335512349839 0.831692565439143 0.842389223460813 0.845898949199431 0.842389223460813 0.831692565439143 0.813335512349839 0.78662705846737 0.750809434953136 0.705270717291754 0.64980792394711 0.584909984288916 0.512004693187243 0.433590592633304 0.353167736027855 0.274907029217262 0.203065827506707 0.141257228156461 0 0 0 0 0 0 0 0 0 0 0 0 0 0 0 0 0 0 0 0 0 0.125190663414 0.151765266115149 0.177311905213897 0.20038035057843 0.21969606384552 0.234233508897561 0.243252094649978 0.24630753392759 0.243252094649978 0.234233508897561 0.21969606384552 0.20038035057843 0.177311905213897 0.151765266115149 0.125190663414 0 0 0 0 0 0 0 0 0 0 0 0 0 0 0 0 0 0 0 0 0 
0 0 0 0 0 0 0 0 0 0 0 0 0 0 0.118787349279647 0.178295347961765 0.250378334994917 0.331687883848038 0.417697558207423 0.503559982101402 0.584909984288916 0.658417178203115 0.722017024624455 0.774857596741818 0.817057579695971 0.849379965443433 0.872903727377117 0.88874302299728 0.897834419877782 0.900793592465332 0.897834419877782 0.88874302299728 0.872903727377117 0.849379965443433 0.817057579695971 0.774857596741818 0.722017024624455 0.658417178203115 0.584909984288916 0.503559982101402 0.417697558207423 0.331687883848038 0.250378334994917 0.178295347961765 0.118787349279647 0 0 0 0 0 0 0 0 0 0 0 0 0 0 0 0 0 0 0.119592118922377 0.153969574170007 0.189883783073075 0.225436948126087 0.258774645020236 0.288246747940293 0.312500964068005 0.330515821523994 0.341592482328639 0.345328355440562 0.341592482328639 0.330515821523994 0.312500964068005 0.288246747940293 0.258774645020236 0.225436948126087 0.189883783073075 0.153969574170007 0.119592118922377 0 0 0 0 0 0 0 0 0 0 0 0 0 0 0 0 0 0 0 
0 0 0 0 0 0 0 0 0 0 0 0 0 0 0.14734055475722 0.216298957454005 0.297535050977041 0.386689729710106 0.478466215037724 0.567625019228767 0.64980792394711 0.722017024624455 0.78272410410338 0.831692565439143 0.869636801074136 0.897834419877782 0.917770820265984 0.930855845579818 0.938221700746449 0.940593941458302 0.938221700746449 0.930855845579818 0.917770820265984 0.897834419877782 0.869636801074136 0.831692565439143 0.78272410410338 0.722017024624455 0.64980792394711 0.567625019228767 0.478466215037724 0.386689729710106 0.297535050977041 0.216298957454005 0.14734055475722 0 0 0 0 0 0 0 0 0 0 0 0 0 0 0 0 0 0.134960527376061 0.177311905213897 0.222554154819104 0.268381339755955 0.312500964068005 0.352864518829096 0.38780095302173 0.416056378124638 0.43676479375072 0.449382755873487 0.453619012593026 0.449382755873487 0.43676479375072 0.416056378124638 0.38780095302173 0.352864518829096 0.312500964068005 0.268381339755955 0.222554154819104 0.177311905213897 0.134960527376061 0 0 0 0 0 0 0 0 0 0 0 0 0 0 0 0 0 0 
0 0 0 0 0 0 0 0 0 0 0 0 0 0.113621774483194 0.175941573855874 0.253365763056676 0.34233792561265 0.437601639638911 0.533264962162575 0.623885392715877 0.705270717291754 0.774857596741818 0.831692565439143 0.876138228889075 0.909451340065162 0.93335229668083 0.949658443149579 0.960009439242539 0.965682758427565 0.967482587902963 0.965682758427565 0.960009439242539 0.949658443149579 0.93335229668083 0.909451340065162 0.876138228889075 0.831692565439143 0.774857596741818 0.705270717291754 0.623885392715877 0.533264962162575 0.437601639638911 0.34233792561265 0.253365763056676 0.175941573855874 0.113621774483194 0 0 0 0 0 0 0 0 0 0 0 0 0 0 0.100692484575402 0.143179849077599 0.192471198362885 0.24630753392759 0.301966205404137 0.356664435678938 0.407892505183624 0.453619012593026 0.492360316662318 0.523141636526835 0.545393148849829 0.55882448727475 0.563312339004761 0.55882448727475 0.545393148849829 0.523141636526835 0.492360316662318 0.453619012593026 0.407892505183624 0.356664435678938 0.301966205404137 0.24630753392759 0.192471198362885 0.143179849077599 0.100692484575402 0 0 0 0 0 0 0 0 0 0 0 0 0 0 0 0 
0 0 0 0 0 0 0 0 0 0 0 0 0 0.13343968466458 0.203065827506707 0.287705827431759 0.382891323309651 0.482621488753261 0.58058443944521 0.671288506280403 0.750809434953136 0.817057579695971 0.869636801074136 0.909451340065162 0.938221700746449 0.958027996315635 0.970943706574908 0.978776562669522 0.982904673655687 0.984184154270883 0.982904673655687 0.978776562669522 0.970943706574908 0.958027996315635 0.938221700746449 0.909451340065162 0.869636801074136 0.817057579695971 0.750809434953136 0.671288506280403 0.58058443944521 0.482621488753261 0.382891323309651 0.287705827431759 0.203065827506707 0.13343968466458 0 0 0 0 0 0 0 0 0 0 0 0 0 0 0.143179849077599 0.197719443104673 0.258774645020236 0.323242173213885 0.38780095302173 0.449382755873487 0.505491953135577 0.554341703344906 0.594830166213045 0.62641006488962 0.648910010746791 0.662355943303985 0.666825723187815 0.662355943303985 0.648910010746791 0.62641006488962 0.594830166213045 0.554341703344906 0.505491953135577 0.449382755873487 0.38780095302173 0.323242173213885 0.258774645020236 0.197719443104673 0.143179849077599 0 0 0 0 0 0 0 0 0 0 0 0 0 0 0 0 
0 0 0 0 0 0 0 0 0 0 0 0 0 0.151502315245214 0.227294899227228 0.317774384324019 0.417697558207423 0.520484800861251 0.619556011382502 0.709474813025246 0.78662705846737 0.849379965443433 0.897834419877782 0.93335229668083 0.958027996315635 0.974218387140686 0.984184154270883 0.989848833936131 0.992655407548477 0.993491327842298 0.992655407548477 0.989848833936131 0.984184154270883 0.974218387140686 0.958027996315635 0.93335229668083 0.897834419877782 0.849379965443433 0.78662705846737 0.709474813025246 0.619556011382502 0.520484800861251 0.417697558207423 0.317774384324019 0.227294899227228 0.151502315245214 0 0 0 0 0 0 0 0 0 0 0 0 0 0.134960527376061 0.192471198362885 0.258774645020236 0.330515821523994 0.403837305518855 0.475012317422744 0.54092827179312 0.599341703750742 0.648910010746791 0.689058785152317 0.719760615967717 0.741292464496538 0.754018505173685 0.758224936516816 0.754018505173685 0.741292464496538 0.719760615967717 0.689058785152317 0.648910010746791 0.599341703750742 0.54092827179312 0.475012317422744 0.403837305518855 0.330515821523994 0.258774645020236 0.192471198362885 0.134960527376061 0 0 0 0 0 0 0 0 0 0 0 0 0 0 0 
0 0 0 0 0 0 0 0 0 0 0 0 0.103811655889029 0.166748048259258 0.247413509434977 0.34233792561265 0.445667180102787 0.550401405914095 0.64980792394711 0.738557875838721 0.813335512349839 0.872903727377117 0.917770820265984 0.949658443149579 0.970943706574908 0.984184154270883 0.99176959397792 0.995698493481434 0.997452490297822 0.997936017245343 0.997452490297822 0.995698493481434 0.99176959397792 0.984184154270883 0.970943706574908 0.949658443149579 0.917770820265984 0.872903727377117 0.813335512349839 0.738557875838721 0.64980792394711 0.550401405914095 0.445667180102787 0.34233792561265 0.247413509434977 0.166748048259258 0.103811655889029 0 0 0 0 0 0 0 0 0 0 0 0.119592118922377 0.177311905213897 0.24630753392759 0.323242173213885 0.403837305518855 0.4836620781975 0.55882448727475 0.62641006488962 0.684629437705486 0.732725159387735 0.770729527956037 0.799164955770888 0.818755255720602 0.830187553233752 0.833941352021478 0.830187553233752 0.818755255720602 0.799164955770888 0.770729527956037 0.732725159387735 0.684629437705486 0.62641006488962 0.55882448727475 0.4836620781975 0.403837305518855 0.323242173213885 0.24630753392759 0.177311905213897 0.119592118922377 0 0 0 0 0 0 0 0 0 0 0 0 0 0 
0 0 0 0 0 0 0 0 0 0 0 0 0.111938903497631 0.178295347961765 0.262463273307847 0.360485317728838 0.466071138740815 0.571941538575961 0.671288506280403 0.758896241396258 0.831692565439143 0.88874302299728 0.930855845579818 0.960009439242539 0.978776562669522 0.989848833936131 0.995698493481434 0.99836884530028 0.999362513249446 0.999591961650057 0.999362513249446 0.99836884530028 0.995698493481434 0.989848833936131 0.978776562669522 0.960009439242539 0.930855845579818 0.88874302299728 0.831692565439143 0.758896241396258 0.671288506280403 0.571941538575961 0.466071138740815 0.360485317728838 0.262463273307847 0.178295347961765 0.111938903497631 0 0 0 0 0 0 0 0 0 0 0 0.153969574170007 0.222554154819104 0.301966205404137 0.38780095302173 0.475012317422744 0.55882448727475 0.635420390446752 0.702286220379775 0.758224936516816 0.80313406332255 0.837665753786066 0.862868049246688 0.879870231467196 0.889640779162265 0.892822829742287 0.889640779162265 0.879870231467196 0.862868049246688 0.837665753786066 0.80313406332255 0.758224936516816 0.702286220379775 0.635420390446752 0.55882448727475 0.475012317422744 0.38780095302173 0.301966205404137 0.222554154819104 0.153969574170007 0 0 0 0 0 0 0 0 0 0 0 0 0 0 
0 0 0 0 0 0 0 0 0 0 0 0 0.117045882094697 0.18549051024286 0.271762639593139 0.371604747050202 0.478466215037724 0.584909984288916 0.684097288222227 0.770895046991776 0.842389223460813 0.897834419877782 0.938221700746449 0.965682758427565 0.982904673655687 0.992655407548477 0.997452490297822 0.999362513249446 0.999897974799864 0.999974492724051 0.999897974799864 0.999362513249446 0.997452490297822 0.992655407548477 0.982904673655687 0.965682758427565 0.938221700746449 0.897834419877782 0.842389223460813 0.770895046991776 0.684097288222227 0.584909984288916 0.478466215037724 0.371604747050202 0.271762639593139 0.18549051024286 0.117045882094697 0 0 0 0 0 0 0 0 0 0 0.125190663414 0.189883783073075 0.268381339755955 0.356664435678938 0.449382755873487 0.54092827179312 0.62641006488962 0.702286220379775 0.766581016240933 0.818755255720602 0.859364520450072 0.889640779162265 0.911095850168918 0.925199258453684 0.93314582184722 0.935706217017436 0.93314582184722 0.925199258453684 0.911095850168918 0.889640779162265 0.859364520450072 0.818755255720602 0.766581016240933 0.702286220379775 0.62641006488962 0.54092827179312 0.449382755873487 0.356664435678938 0.268381339755955 0.189883783073075 0.125190663414 0 0 0 0 0 0 0 0 0 0 0 0 0 
0 0 0 0 0 0 0 0 0 0 0 0 0.118787349279647 0.187933677713137 0.274907029217262 0.375348628008205 0.482621488753261 0.589237695015882 0.688350729203772 0.774857596741818 0.845898949199431 0.900793592465332 0.940593941458302 0.967482587902963 0.984184154270883 0.993491327842298 0.997936017245343 0.999591961650057 0.999974492724051 1 0.999974492724051 0.999591961650057 0.997936017245343 0.993491327842298 0.984184154270883 0.967482587902963 0.940593941458302 0.900793592465332 0.845898949199431 0.774857596741818 0.688350729203772 0.589237695015882 0.482621488753261 0.375348628008205 0.274907029217262 0.187933677713137 0.118787349279647 0 0 0 0 0 0 0 0 0 0 0.151765266115149 0.225436948126087 0.312500964068005 0.407892505183624 0.505491953135577 0.599341703750742 0.684629437705486 0.758224936516816 0.818755255720602 0.866337904026611 0.902137756481218 0.927891927274027 0.945494719820303 0.956682192461664 0.962818341443925 0.964765642858517 0.962818341443925 0.956682192461664 0.945494719820303 0.927891927274027 0.902137756481218 0.866337904026611 0.818755255720602 0.758224936516816 0.684629437705486 0.599341703750742 0.505491953135577 0.407892505183624 0.312500964068005 0.225436948126087 0.151765266115149 0 0 0 0 0 0 0 0 0 0 0 0 0 
0 0 0 0 0 0 0 0 0 0 0 0 0.117045882094697 0.18549051024286 0.271762639593139 0.371604747050202 0.478466215037724 0.584909984288916 0.684097288222227 0.770895046991776 0.842389223460813 0.897834419877782 0.938221700746449 0.965682758427565 0.982904673655687 0.992655407548477 0.997452490297822 0.999362513249446 0.999897974799864 0.999974492724051 0.999897974799864 0.999362513249446 0.997452490297822 0.992655407548477 0.982904673655687 0.965682758427565 0.938221700746449 0.897834419877782 0.842389223460813 0.770895046991776 0.684097288222227 0.584909984288916 0.478466215037724 0.371604747050202 0.271762639593139 0.18549051024286 0.117045882094697 0 0 0 0 0 0 0 0 0 0.11242774203159 0.177311905213897 0.258774645020236 0.352864518829096 0.453619012593026 0.554341703344906 0.648910010746791 0.732725159387735 0.80313406332255 0.859364520450072 0.902137756481218 0.93314582184722 0.954539829085066 0.968511219632588 0.976992021541973 0.981463942905692 0.982850309961092 0.981463942905692 0.976992021541973 0.968511219632588 0.954539829085066 0.93314582184722 0.902137756481218 0.859364520450072 0.80313406332255 0.732725159387735 0.648910010746791 0.554341703344906 0.453619012593026 0.352864518829096 0.258774645020236 0.177311905213897 0.11242774203159 0 0 0 0 0 0 0 0 0 0 0 0 
0 0 0 0 0 0 0 0 0 0 0 0 0.111938903497631 0.178295347961765 0.262463273307847 0.360485317728838 0.466071138740815 0.571941538575961 0.671288506280403 0.758896241396258 0.831692565439143 0.88874302299728 0.930855845579818 0.960009439242539 0.978776562669522 0.989848833936131 0.995698493481434 0.99836884530028 0.999362513249446 0.999591961650057 0.999362513249446 0.99836884530028 0.995698493481434 0.989848833936131 0.978776562669522 0.960009439242539 0.930855845579818 0.88874302299728 0.831692565439143 0.758896241396258 0.671288506280403 0.571941538575961 0.466071138740815 0.360485317728838 0.262463273307847 0.178295347961765 0.111938903497631 0 0 0 0 0 0 0 0 0 0.129032167400704 0.20038035057843 0.288246747940293 0.38780095302173 0.492360316662318 0.594830166213045 0.689058785152317 0.770729527956037 0.837665753786066 0.889640779162265 0.927891927274027 0.954539829085066 0.972056081486504 0.982850309961092 0.98899005057738 0.992033102385187 0.992939597787242 0.992033102385187 0.98899005057738 0.982850309961092 0.972056081486504 0.954539829085066 0.927891927274027 0.889640779162265 0.837665753786066 0.770729527956037 0.689058785152317 0.594830166213045 0.492360316662318 0.38780095302173 0.288246747940293 0.20038035057843 0.129032167400704 0 0 0 0 0 0 0 0 0 0 0 0 
0 0 0 0 0 0 0 0 0 0 0 0 0.103811655889029 0.166748048259258 0.247413509434977 0.34233792561265 0.445667180102787 0.550401405914095 0.64980792394711 0.738557875838721 0.813335512349839 0.872903727377117 0.917770820265984 0.949658443149579 0.970943706574908 0.984184154270883 0.99176959397792 0.995698493481434 0.997452490297822 0.997936017245343 0.997452490297822 0.995698493481434 0.99176959397792 0.984184154270883 0.970943706574908 0.949658443149579 0.917770820265984 0.872903727377117 0.813335512349839 0.738557875838721 0.64980792394711 0.550401405914095 0.445667180102787 0.34233792561265 0.247413509434977 0.166748048259258 0.103811655889029 0 0 0 0 0 0 0 0 0 0.143179849077599 0.21969606384552 0.312500964068005 0.416056378124638 0.523141636526835 0.62641006488962 0.719760615967717 0.799164955770888 0.862868049246688 0.911095850168918 0.945494719820303 0.968511219632588 0.982850309961092 0.991072572182266 0.99533342180362 0.997236074820564 0.997760632116414 0.997236074820564 0.99533342180362 0.991072572182266 0.982850309961092 0.968511219632588 0.945494719820303 0.911095850168918 0.862868049246688 0.799164955770888 0.719760615967717 0.62641006488962 0.523141636526835 0.416056378124638 0.312500964068005 0.21969606384552 0.143179849077599 0 0 0 0 0 0 0 0 0 0 0 0 
0 0 0 0 0 0 0 0 0 0 0 0 0 0.151502315245214 0.227294899227228 0.317774384324019 0.417697558207423 0.520484800861251 0.619556011382502 0.709474813025246 0.78662705846737 0.849379965443433 0.897834419877782 0.93335229668083 0.958027996315635 0.974218387140686 0.984184154270883 0.989848833936131 0.992655407548477 0.993491327842298 0.992655407548477 0.990611069359524 0.984184154270883 0.974218387140686 0.958027996315635 0.93335229668083 0.897834419877782 0.849379965443433 0.78662705846737 0.709474813025246 0.619556011382502 0.520484800861251 0.417697558207423 0.317774384324019 0.227294899227228 0.151502315245214 0 0 0 0 0 0 0 0 0 0 0.153969574170007 0.234233508897561 0.330515821523994 0.43676479375072 0.545393148849829 0.648910010746791 0.741292464496538 0.818755255720602 0.879870231467196 0.925199258453684 0.956682192461664 0.976992021541973 0.98899005057738 0.99533342180362 0.998230206735349 0.999308301365524 0.99955725773955 0.999308301365524 0.998230206735349 0.99533342180362 0.98899005057738 0.976992021541973 0.956682192461664 0.925199258453684 0.879870231467196 0.818755255720602 0.741292464496538 0.648910010746791 0.545393148849829 0.43676479375072 0.330515821523994 0.234233508897561 0.153969574170007 0 0 0 0 0 0 0 0 0 0 0 0 
0 0 0 0 0 0 0 0 0 0 0 0 0 0.13343968466458 0.203065827506707 0.287705827431759 0.382891323309651 0.482621488753261 0.58058443944521 0.671288506280403 0.750809434953136 0.817057579695971 0.869636801074136 0.909451340065162 0.938221700746449 0.958027996315635 0.970943706574908 0.984184154270883 0.99398088581324 0.99764445753162 0.998491812940271 0.99764445753162 0.99398088581324 0.984184154270883 0.962969886707551 0.923731418166495 0.869636801074136 0.817057579695971 0.750809434953136 0.671288506280403 0.58058443944521 0.482621488753261 0.382891323309651 0.287705827431759 0.203065827506707 0.13343968466458 0 0 0 0 0 0 0 0 0 0 0.16072307357744 0.243252094649978 0.341592482328639 0.449382755873487 0.55882448727475 0.662355943303985 0.754018505173685 0.830187553233752 0.889640779162265 0.93314582184722 0.962818341443925 0.981463942905692 0.992033102385187 0.997236074820564 0.999308301365524 0.999889296053199 0.999972322864285 0.999889296053199 0.999308301365524 0.997236074820564 0.992033102385187 0.981463942905692 0.962818341443925 0.93314582184722 0.889640779162265 0.830187553233752 0.754018505173685 0.662355943303985 0.55882448727475 0.449382755873487 0.341592482328639 0.243252094649978 0.16072307357744 0 0 0 0 0 0 0 0 0 0 0 0 
0 0 0 0 0 0 0 0 0 0 0 0 0 0.113621774483194 0.175941573855874 0.253365763056676 0.34233792561265 0.437601639638911 0.533264962162575 0.623885392715877 0.705270717291754 0.774857596741818 0.831692565439143 0.876138228889075 0.909451340065162 0.938221700746449 0.973106067271712 0.990611069359524 0.99764445753162 0.999622739800869 0.999905671604287 0.999622739800869 0.99764445753162 0.990611069359524 0.973106067271712 0.938221700746449 0.878849454791316 0.789913279533464 0.705270717291754 0.623885392715877 0.533264962162575 0.437601639638911 0.34233792561265 0.253365763056676 0.175941573855874 0.113621774483194 0 0 0 0 0 0 0 0 0 0 0.163021388703181 0.24630753392759 0.345328355440562 0.453619012593026 0.563312339004761 0.666825723187815 0.758224936516816 0.833941352021478 0.892822829742287 0.935706217017436 0.964765642858517 0.982850309961092 0.992939597787242 0.997760632116414 0.99955725773955 0.999972322864285 1 0.999972322864285 0.99955725773955 0.997760632116414 0.992939597787242 0.982850309961092 0.964765642858517 0.935706217017436 0.892822829742287 0.833941352021478 0.758224936516816 0.666825723187815 0.563312339004761 0.453619012593026 0.345328355440562 0.24630753392759 0.163021388703181 0 0 0 0 0 0 0 0 0 0 0 0 
0 0 0 0 0 0 0 0 0 0 0 0 0 0 0.14734055475722 0.216298957454005 0.297535050977041 0.386689729710106 0.478466215037724 0.567625019228767 0.64980792394711 0.722017024624455 0.78272410410338 0.831692565439143 0.884922359668643 0.942746337207875 0.976140050695452 0.992388157489868 0.998491812940271 0.999905671604287 1 0.999905671604287 0.998491812940271 0.992388157489868 0.976140050695452 0.942746337207875 0.884922359668643 0.797324795483783 0.67950727926201 0.567625019228767 0.478466215037724 0.386689729710106 0.297535050977041 0.216298957454005 0.14734055475722 0 0 0 0 0 0 0 0 0 0 0 0.16072307357744 0.243252094649978 0.341592482328639 0.449382755873487 0.55882448727475 0.662355943303985 0.754018505173685 0.830187553233752 0.889640779162265 0.93314582184722 0.962818341443925 0.981463942905692 0.992033102385187 0.997236074820564 0.999308301365524 0.999889296053199 0.999972322864285 0.999889296053199 0.999308301365524 0.997236074820564 0.992033102385187 0.981463942905692 0.962818341443925 0.93314582184722 0.889640779162265 0.830187553233752 0.754018505173685 0.662355943303985 0.55882448727475 0.449382755873487 0.341592482328639 0.243252094649978 0.16072307357744 0 0 0 0 0 0 0 0 0 0 0 0 
0 0 0 0 0 0 0 0 0 0 0 0 0 0 0.118787349279647 0.178295347961765 0.250378334994917 0.331687883848038 0.417697558207423 0.503559982101402 0.584909984288916 0.658417178203115 0.722017024624455 0.789913279533464 0.878849454791316 0.938221700746449 0.973106067271712 0.990611069359524 0.99764445753162 0.999622739800869 0.999905671604287 0.999622739800869 0.99764445753162 0.990611069359524 0.973106067271712 0.938221700746449 0.878849454791316 0.789913279533464 0.671288506280403 0.53030972877502 0.417697558207423 0.331687883848038 0.250378334994917 0.178295347961765 0.118787349279647 0 0 0 0 0 0 0 0 0 0 0 0.153969574170007 0.234233508897561 0.330515821523994 0.43676479375072 0.545393148849829 0.648910010746791 0.741292464496538 0.818755255720602 0.879870231467196 0.925199258453684 0.956682192461664 0.976992021541973 0.98899005057738 0.99533342180362 0.998230206735349 0.999308301365524 0.99955725773955 0.999308301365524 0.998230206735349 0.99533342180362 0.98899005057738 0.976992021541973 0.956682192461664 0.925199258453684 0.879870231467196 0.818755255720602 0.741292464496538 0.648910010746791 0.545393148849829 0.43676479375072 0.330515821523994 0.234233508897561 0.153969574170007 0 0 0 0 0 0 0 0 0 0 0 0 
0 0 0 0 0 0 0 0 0 0 0 0 0 0 0 0.141257228156461 0.203065827506707 0.274907029217262 0.353167736027855 0.433590592633304 0.512004693187243 0.584909984288916 0.64980792394711 0.767220556666722 0.85990569573878 0.923731418166495 0.962969886707551 0.984184154270883 0.99398088581324 0.99764445753162 0.998491812940271 0.99764445753162 0.99398088581324 0.984184154270883 0.962969886707551 0.923731418166495 0.85990569573878 0.767220556666722 0.64649159935633 0.50582991401344 0.360485317728838 0.274907029217262 0.203065827506707 0.141257228156461 0 0 0 0 0 0 0 0 0 0 0 0 0.143179849077599 0.21969606384552 0.312500964068005 0.416056378124638 0.523141636526835 0.62641006488962 0.719760615967717 0.799164955770888 0.862868049246688 0.911095850168918 0.945494719820303 0.968511219632588 0.982850309961092 0.991072572182266 0.99533342180362 0.997236074820564 0.997760632116414 0.997236074820564 0.99533342180362 0.991072572182266 0.982850309961092 0.968511219632588 0.945494719820303 0.911095850168918 0.862868049246688 0.799164955770888 0.719760615967717 0.62641006488962 0.523141636526835 0.416056378124638 0.312500964068005 0.21969606384552 0.143179849077599 0 0 0 0 0 0 0 0 0 0 0 0 
0 0 0 0 0 0 0 0 0 0 0 0 0 0 0 0.107005612518734 0.157905972296914 0.219013797487629 0.287705827431759 0.360485317728838 0.433590592633304 0.503559982101402 0.604895398733175 0.728086302591349 0.826112752157697 0.896686686167781 0.942746337207875 0.969898510069849 0.984184154270883 0.990611069359524 0.992388157489868 0.990611069359524 0.984184154270883 0.969898510069849 0.942746337207875 0.896686686167781 0.826112752157697 0.728086302591349 0.604895398733175 0.465754762636727 0.326029135000313 0.219013797487629 0.157905972296914 0.107005612518734 0 0 0 0 0 0 0 0 0 0 0 0 0.129032167400704 0.20038035057843 0.288246747940293 0.38780095302173 0.492360316662318 0.594830166213045 0.689058785152317 0.770729527956037 0.837665753786066 0.889640779162265 0.927891927274027 0.954539829085066 0.972056081486504 0.982850309961092 0.98899005057738 0.992033102385187 0.992939597787242 0.992033102385187 0.98899005057738 0.982850309961092 0.972056081486504 0.954539829085066 0.927891927274027 0.889640779162265 0.837665753786066 0.770729527956037 0.689058785152317 0.594830166213045 0.492360316662318 0.38780095302173 0.288246747940293 0.20038035057843 0.129032167400704 0 0 0 0 0 0 0 0 0 0 0 0 
0 0 0 0 0 0 0 0 0 0 0 0 0 0 0 0 0.117045882094697 0.166748048259258 0.224511766646547 0.287705827431759 0.353167736027855 0.417697558207423 0.546768268297297 0.671288506280403 0.774857596741818 0.853360229009251 0.907921976358488 0.942746337207875 0.962969886707551 0.973106067271712 0.976140050695452 0.973106067271712 0.962969886707551 0.942746337207875 0.907921976358488 0.853360229009251 0.774857596741818 0.671288506280403 0.546768268297297 0.411651674359674 0.281016255888607 0.170242197235133 0.117045882094697 0 0 0 0 0 0 0 0 0 0 0 0 0 0.11242774203159 0.177311905213897 0.258774645020236 0.352864518829096 0.453619012593026 0.554341703344906 0.648910010746791 0.732725159387735 0.80313406332255 0.859364520450072 0.902137756481218 0.93314582184722 0.954539829085066 0.968511219632588 0.976992021541973 0.981463942905692 0.982850309961092 0.981463942905692 0.976992021541973 0.968511219632588 0.954539829085066 0.93314582184722 0.902137756481218 0.859364520450072 0.80313406332255 0.732725159387735 0.648910010746791 0.554341703344906 0.453619012593026 0.352864518829096 0.258774645020236 0.177311905213897 0.11242774203159 0 0 0 0 0 0 0 0 0 0 0 0 
0 0 0 0 0 0 0 0 0 0 0 0 0 0 0 0 0 0.120548576917592 0.166748048259258 0.219013797487629 0.274907029217262 0.346482195513557 0.47368607554494 0.59656524795472 0.70397494289872 0.789913279533464 0.853360229009251 0.896686686167781 0.923731418166495 0.938221700746449 0.942746337207875 0.938221700746449 0.923731418166495 0.896686686167781 0.853360229009251 0.789913279533464 0.70397494289872 0.59656524795472 0.47368607554494 0.346482195513557 0.229018910140102 0.133881670888812 0 0 0 0 0 0 0 0 0 0 0 0 0 0 0 0.151765266115149 0.225436948126087 0.312500964068005 0.407892505183624 0.505491953135577 0.599341703750742 0.684629437705486 0.758224936516816 0.818755255720602 0.866337904026611 0.902137756481218 0.927891927274027 0.945494719820303 0.956682192461664 0.962818341443925 0.964765642858517 0.962818341443925 0.956682192461664 0.945494719820303 0.927891927274027 0.902137756481218 0.866337904026611 0.818755255720602 0.758224936516816 0.684629437705486 0.599341703750742 0.505491953135577 0.407892505183624 0.312500964068005 0.225436948126087 0.151765266115149 0 0 0 0 0 0 0 0 0 0 0 0 0 
0 0 0 0 0 0 0 0 0 0 0 0 0 0 0 0 0 0 0.117045882094697 0.157905972296914 0.203065827506707 0.274907029217262 0.389329811870575 0.50582991401344 0.613226162087338 0.70397494289872 0.774857596741818 0.826112752157697 0.85990569573878 0.878849454791316 0.884922359668643 0.878849454791316 0.85990569573878 0.826112752157697 0.774857596741818 0.70397494289872 0.613226162087338 0.50582991401344 0.389329811870575 0.274907029217262 0.174683362763146 0 0 0 0 0 0 0 0 0 0 0 0 0 0 0 0 0.125190663414 0.189883783073075 0.268381339755955 0.356664435678938 0.449382755873487 0.54092827179312 0.62641006488962 0.702286220379775 0.766581016240933 0.818755255720602 0.859364520450072 0.889640779162265 0.911095850168918 0.925199258453684 0.93314582184722 0.935706217017436 0.93314582184722 0.925199258453684 0.911095850168918 0.889640779162265 0.859364520450072 0.818755255720602 0.766581016240933 0.702286220379775 0.62641006488962 0.54092827179312 0.449382755873487 0.356664435678938 0.268381339755955 0.189883783073075 0.125190663414 0 0 0 0 0 0 0 0 0 0 0 0 0 
0 0 0 0 0 0 0 0 0 0 0 0 0 0 0 0 0 0 0 0.107005612518734 0.141257228156461 0.203065827506707 0.299831059865423 0.404148601737547 0.50582991401344 0.59656524795472 0.671288506280403 0.728086302591349 0.767220556666722 0.789913279533464 0.797324795483783 0.789913279533464 0.767220556666722 0.728086302591349 0.671288506280403 0.59656524795472 0.50582991401344 0.404148601737547 0.299831059865423 0.203065827506707 0.123158456316655 0 0 0 0 0 0 0 0 0 0 0 0 0 0 0 0 0 0.153969574170007 0.222554154819104 0.301966205404137 0.38780095302173 0.475012317422744 0.55882448727475 0.635420390446752 0.702286220379775 0.758224936516816 0.80313406332255 0.837665753786066 0.862868049246688 0.879870231467196 0.889640779162265 0.892822829742287 0.889640779162265 0.879870231467196 0.862868049246688 0.837665753786066 0.80313406332255 0.758224936516816 0.702286220379775 0.635420390446752 0.55882448727475 0.475012317422744 0.38780095302173 0.301966205404137 0.222554154819104 0.153969574170007 0 0 0 0 0 0 0 0 0 0 0 0 0 0 
0 0 0 0 0 0 0 0 0 0 0 0 0 0 0 0 0 0 0 0 0 0.137607745602626 0.213194724557767 0.299831059865423 0.389329811870575 0.47368607554494 0.546768268297297 0.604895398733175 0.64649159935633 0.671288506280403 0.67950727926201 0.671288506280403 0.64649159935633 0.604895398733175 0.546768268297297 0.47368607554494 0.389329811870575 0.299831059865423 0.213194724557767 0.137607745602626 0 0 0 0 0 0 0 0 0 0 0 0 0 0 0 0 0 0 0.119592118922377 0.177311905213897 0.24630753392759 0.323242173213885 0.403837305518855 0.4836620781975 0.55882448727475 0.62641006488962 0.684629437705486 0.732725159387735 0.770729527956037 0.799164955770888 0.818755255720602 0.830187553233752 0.833941352021478 0.830187553233752 0.818755255720602 0.799164955770888 0.770729527956037 0.732725159387735 0.684629437705486 0.62641006488962 0.55882448727475 0.4836620781975 0.403837305518855 0.323242173213885 0.24630753392759 0.177311905213897 0.119592118922377 0 0 0 0 0 0 0 0 0 0 0 0 0 0 
0 0 0 0 0 0 0 0 0 0 0 0 0 0 0 0 0 0 0 0 0 0 0.137607745602626 0.203065827506707 0.274907029217262 0.346482195513557 0.411651674359674 0.465754762636727 0.50582991401344 0.53030972877502 0.538526918615456 0.53030972877502 0.50582991401344 0.465754762636727 0.411651674359674 0.346482195513557 0.274907029217262 0.203065827506707 0.137607745602626 0 0 0 0 0 0 0 0 0 0 0 0 0 0 0 0 0 0 0 0 0.134960527376061 0.192471198362885 0.258774645020236 0.330515821523994 0.403837305518855 0.475012317422744 0.54092827179312 0.599341703750742 0.648910010746791 0.689058785152317 0.719760615967717 0.741292464496538 0.754018505173685 0.758224936516816 0.754018505173685 0.741292464496538 0.719760615967717 0.689058785152317 0.648910010746791 0.599341703750742 0.54092827179312 0.475012317422744 0.403837305518855 0.330515821523994 0.258774645020236 0.192471198362885 0.134960527376061 0 0 0 0 0 0 0 0 0 0 0 0 0 0 0 
0 0 0 0 0 0 0 0 0 0 0 0 0 0 0 0 0 0 0 0 0 0 0 0.123158456316655 0.174683362763146 0.229018910140102 0.281016255888607 0.326029135000313 0.360485317728838 0.382017312399871 0.389329811870575 0.382017312399871 0.360485317728838 0.326029135000313 0.281016255888607 0.229018910140102 0.174683362763146 0.123158456316655 0 0 0 0 0 0 0 0 0 0 0 0 0 0 0 0 0 0 0 0 0 0 0.143179849077599 0.197719443104673 0.258774645020236 0.323242173213885 0.38780095302173 0.449382755873487 0.505491953135577 0.554341703344906 0.594830166213045 0.62641006488962 0.648910010746791 0.662355943303985 0.666825723187815 0.662355943303985 0.648910010746791 0.62641006488962 0.594830166213045 0.554341703344906 0.505491953135577 0.449382755873487 0.38780095302173 0.323242173213885 0.258774645020236 0.197719443104673 0.143179849077599 0 0 0 0 0 0 0 0 0 0 0 0 0 0 0 0 
0 0 0 0 0 0 0 0 0 0 0 0 0 0 0 0 0 0 0 0 0 0 0 0 0 0.133881670888812 0.170242197235133 0.203065827506707 0.229018910140102 0.245600250262948 0.251295137900506 0.245600250262948 0.229018910140102 0.203065827506707 0.170242197235133 0.133881670888812 0 0 0 0 0 0 0 0 0 0 0 0 0 0 0 0 0 0 0 0 0 0 0 0 0.100692484575402 0.143179849077599 0.192471198362885 0.24630753392759 0.301966205404137 0.356664435678938 0.407892505183624 0.453619012593026 0.492360316662318 0.523141636526835 0.545393148849829 0.55882448727475 0.563312339004761 0.55882448727475 0.545393148849829 0.523141636526835 0.492360316662318 0.453619012593026 0.407892505183624 0.356664435678938 0.301966205404137 0.24630753392759 0.192471198362885 0.143179849077599 0.100692484575402 0 0 0 0 0 0 0 0 0 0 0 0 0 0 0 0 
0 0 0 0 0 0 0 0 0 0 0 0 0 0 0 0 0 0 0 0 0 0 0 0 0 0 0 0.109894159073899 0.126657759766995 0.137607745602626 0.141410839199098 0.137607745602626 0.126657759766995 0.109894159073899 0 0 0 0 0 0 0 0 0 0 0 0 0 0 0 0 0 0 0 0 0 0 0 0 0 0 0 0 0.134960527376061 0.177311905213897 0.222554154819104 0.268381339755955 0.312500964068005 0.352864518829096 0.38780095302173 0.416056378124638 0.43676479375072 0.449382755873487 0.453619012593026 0.449382755873487 0.43676479375072 0.416056378124638 0.38780095302173 0.352864518829096 0.312500964068005 0.268381339755955 0.222554154819104 0.177311905213897 0.134960527376061 0 0 0 0 0 0 0 0 0 0 0 0 0 0 0 0 0 0 
0 0 0 0 0 0 0 0 0 0 0 0 0 0 0 0 0 0 0 0 0 0 0 0 0 0 0 0 0 0 0 0 0 0 0 0 0 0 0 0 0 0 0 0 0 0 0 0 0 0 0 0 0 0 0 0 0 0 0 0 0 0 0 0.119592118922377 0.153969574170007 0.189883783073075 0.225436948126087 0.258774645020236 0.288246747940293 0.312500964068005 0.330515821523994 0.341592482328639 0.345328355440562 0.341592482328639 0.330515821523994 0.312500964068005 0.288246747940293 0.258774645020236 0.225436948126087 0.189883783073075 0.153969574170007 0.119592118922377 0 0 0 0 0 0 0 0 0 0 0 0 0 0 0 0 0 0 0 
0 0 0 0 0 0 0 0 0 0 0 0 0 0 0 0 0 0 0 0 0 0 0 0 0 0 0 0 0 0 0 0 0 0 0 0 0 0 0 0 0 0 0 0 0 0 0 0 0 0 0 0 0 0 0 0 0 0 0 0 0 0 0 0 0 0.125190663414 0.151765266115149 0.177311905213897 0.20038035057843 0.21969606384552 0.234233508897561 0.243252094649978 0.24630753392759 0.243252094649978 0.234233508897561 0.21969606384552 0.20038035057843 0.177311905213897 0.151765266115149 0.125190663414 0 0 0 0 0 0 0 0 0 0 0 0 0 0 0 0 0 0 0 0 0 
0 0 0 0 0 0 0 0 0 0 0 0 0 0 0 0 0 0 0 0 0 0 0 0 0 0 0 0 0 0 0 0 0 0 0 0 0 0 0 0 0 0 0 0 0 0 0 0 0 0 0 0 0 0 0 0 0 0 0 0 0 0 0 0 0 0 0 0.11242774203159 0.129032167400704 0.143179849077599 0.153969574170007 0.16072307357744 0.163021388703181 0.16072307357744 0.153969574170007 0.143179849077599 0.129032167400704 0.11242774203159 0 0 0 0 0 0 0 0 0 0 0 0 0 0 0 0 0 0 0 0 0 0 0 
0 0 0 0 0 0 0 0 0 0 0 0 0 0 0 0 0 0 0 0 0 0 0 0 0 0 0 0 0 0 0 0 0 0 0 0 0 0 0 0 0 0 0 0 0 0 0 0 0 0 0 0 0 0 0 0 0 0 0 0 0 0 0 0 0 0 0 0 0 0 0 0 0 0 0 0 0 0 0 0 0 0 0 0 0 0 0 0 0 0 0 0 0 0 0 0 0 0 0 0 0 
0 0 0 0 0 0 0 0 0 0 0 0 0 0 0 0 0 0 0 0 0 0 0 0 0 0 0 0 0 0 0 0 0 0 0 0 0 0 0 0 0 0 0 0 0 0 0 0 0 0 0 0 0 0 0 0 0 0 0 0 0 0 0 0 0 0 0 0 0 0 0 0 0 0 0 0 0 0 0 0 0 0 0 0 0 0 0 0 0 0 0 0 0 0 0 0 0 0 0 0 0 
0 0 0 0 0 0 0 0 0 0 0 0 0 0 0 0 0 0 0 0 0 0 0 0 0 0 0 0 0 0 0 0 0 0 0 0 0 0 0 0 0 0 0 0 0 0 0 0 0 0 0 0 0 0 0 0 0 0 0 0 0 0 0 0 0 0 0 0 0 0 0 0 0 0 0 0 0 0 0 0 0 0 0 0 0 0 0 0 0 0 0 0 0 0 0 0 0 0 0 0 0 
0 0 0 0 0 0 0 0 0 0 0 0 0 0 0 0 0 0 0 0 0 0 0 0 0 0 0 0 0 0 0 0 0 0 0 0 0 0 0 0 0 0 0 0 0 0 0 0 0 0 0 0 0 0 0 0 0 0 0 0 0 0 0 0 0 0 0 0 0 0 0 0 0 0 0 0 0 0 0 0 0 0 0 0 0 0 0 0 0 0 0 0 0 0 0 0 0 0 0 0 0 
0 0 0 0 0 0 0 0 0 0 0 0 0 0 0 0 0 0 0 0 0 0 0 0 0 0 0 0 0 0 0 0 0 0 0 0 0 0 0 0 0 0 0 0 0 0 0 0 0 0 0 0 0 0 0 0 0 0 0 0 0 0 0 0 0 0 0 0 0 0 0 0 0 0 0 0 0 0 0 0 0 0 0 0 0 0 0 0 0 0 0 0 0 0 0 0 0 0 0 0 0 
0 0 0 0 0 0 0 0 0 0 0 0 0 0 0 0 0 0 0 0 0 0 0 0 0 0 0 0 0 0 0 0 0 0 0 0 0 0 0 0 0 0 0 0 0 0 0 0 0 0 0 0 0 0 0 0 0 0 0 0 0 0 0 0 0 0 0 0 0 0 0 0 0 0 0 0 0 0 0 0 0 0 0 0 0 0 0 0 0 0 0 0 0 0 0 0 0 0 0 0 0 
0 0 0 0 0 0 0 0 0 0 0 0 0 0 0 0 0 0 0 0 0 0 0 0 0 0 0 0 0 0 0 0 0 0 0 0 0 0 0 0 0 0 0 0 0 0 0 0 0 0 0 0 0 0 0 0 0 0 0 0 0 0 0 0 0 0 0 0 0 0 0 0 0 0 0 0 0 0 0 0 0 0 0 0 0 0 0 0 0 0 0 0 0 0 0 0 0 0 0 0 0 
0.15020501740057 0.157802808411957 0.160396673849307 0.157802808411957 0.15020501740057 0.138146313254769 0.122500346009132 0.104414232687483 0 0 0 0 0 0 0 0 0 0 0 0 0 0 0 0 0 0 0 0 0 0 0 0 0 0 0 0 0 0 0 0 0 0 0 0 0 0 0 0 0 0 0 0 0 0 0 0 0 0 0 0 0 0 0 0 0 0 0 0 0 0 0 0 0 0 0 0 0 0 0 0 0 0 0 0 0 0 0 0 0 0 0 0 0 0 0 0 0 0 0 0 0 
0.235508295282422 0.245869537322945 0.249387546707287 0.245869537322945 0.235508295282422 0.218884003289759 0.196963691966266 0.171081827656088 0.142880037199683 0.114187040522402 0 0 0 0 0 0 0 0 0 0 0 0 0 0 0 0 0 0 0 0 0 0 0 0 0 0 0 0 0 0 0 0 0 0 0 0 0 0 0 0 0 0 0 0 0 0 0 0 0 0 0 0 0 0 0 0 0 0 0 0 0 0 0 0 0 0 0 0 0 0 0 0 0 0 0 0 0 0 0 0 0 0 0 0 0 0 0 0 0 0 0 
