0 0 0 0 0 0 0 0 0 0 0 0 0 0 0 0 0 0 0 0 0 0 0 0 0 0 0 0 0 0 0 0 0 0 0 0 0 0 0 0 0 0 0 0 0 0 0 0 0 0 0 0 0 0.163021388703181 0.243252094649978 0.330515821523994 0.416056378124638 0.492360316662318 0.554341703344906 0.599341703750742 0.62641006488962 0.635420390446752 0.62641006488962 0.599341703750742 0.554341703344906 0.492360316662318 0.416056378124638 0.330515821523994 0.243252094649978 0.163021388703181 0 0.132962105062322 0.215455236911485 0.316058606295582 0.42635860272545 0.536470249431084 0.637671088448717 0.724096521486238 0.793165715556541 0.845024190708666 0.881521669663235 0.905164062264459 0.918279308438654 0.92246333913879 0.918279308438654 0.905164062264459 0.881521669663235 0.845024190708666 0.793165715556541 0.724096521486238 0.637671088448717 0.536470249431084 0.42635860272545 0.316058606295582 0.215455236911485 0.132962105062322 0 0 0 0 0 
0 0 0 0 0 0 0 0 0 0 0 0 0 0 0 0 0 0 0 0 0 0 0 0 0 0 0 0 0 0 0 0 0 0 0 0 0 0 0 0 0 0 0 0 0 0 0 0 0 0 0 0 0.153969574170007 0.243252094649978 0.345328355440562 0.449382755873488 0.545393148849829 0.62641006488962 0.689058785152317 0.732725159387735 0.758224936516815 0.766581016240933 0.758224936516815 0.732725159387735 0.689058785152317 0.62641006488962 0.545393148849829 0.449382755873488 0.345328355440562 0.243252094649978 0.153969574170007 0.168871091339326 0.265154799099778 0.377933219110864 0.496726676365684 0.610622922614268 0.71104844980095 0.793165715556541 0.855827841442142 0.9006097048128 0.930540921193931 0.948975037403326 0.958776289579179 0.961826199230024 0.958776289579179 0.948975037403326 0.930540921193931 0.9006097048128 0.855827841442142 0.793165715556541 0.71104844980095 0.610622922614268 0.496726676365684 0.377933219110864 0.265154799099778 0.168871091339326 0 0 0 0 0 
0 0 0 0 0 0 0 0 0 0 0 0 0 0 0 0 0 0 0 0 0 0 0 0 0 0 0 0 0 0 0 0 0 0 0 0 0 0 0 0 0 0 0 0 0 0 0 0 0 0 0 0.129032167400704 0.21969606384552 0.330515821523994 0.449382755873488 0.563312339004762 0.662355943303985 0.741292464496538 0.799164955770888 0.837665753786066 0.859364520450072 0.866337904026611 0.859364520450072 0.837665753786066 0.799164955770888 0.741292464496538 0.662355943303985 0.563312339004762 0.449382755873488 0.330515821523994 0.21969606384552 0.203065827506706 0.310730738161097 0.432590140412183 0.556582433376556 0.671288506280403 0.768657791966943 0.845024190708666 0.9006097048128 0.938221700746449 0.961826199230024 0.975397921274272 0.982163677756887 0.984184154270883 0.982163677756887 0.975397921274272 0.961826199230024 0.938221700746449 0.9006097048128 0.845024190708666 0.768657791966943 0.671288506280403 0.556582433376556 0.432590140412183 0.310730738161097 0.203065827506706 0.118677929830109 0 0 0 0 
0 0 0 0 0 0 0 0 0 0 0 0 0 0 0 0 0 0 0 0 0 0 0 0 0 0 0 0 0 0 0 0 0 0 0 0 0 0 0 0 0 0 0 0 0 0 0 0 0 0 0 0.177311905213896 0.288246747940293 0.416056378124638 0.545393148849829 0.662355943303985 0.758224936516815 0.830187553233752 0.879870231467196 0.911095850168918 0.927891927274027 0.93314582184722 0.927891927274027 0.911095850168918 0.879870231467196 0.830187553233752 0.758224936516815 0.662355943303985 0.545393148849829 0.416056378124638 0.288246747940293 0.23275198576861 0.349085762251729 0.477170051191942 0.603854032122282 0.717587513321982 0.810996825403251 0.881521669663235 0.930540921193931 0.961826199230024 0.980025280563354 0.9895308109775 0.993791908611513 0.994968472963602 0.993791908611513 0.9895308109775 0.980025280563354 0.961826199230024 0.930540921193931 0.881521669663235 0.810996825403251 0.717587513321982 0.603854032122282 0.477170051191942 0.349085762251729 0.23275198576861 0.139024843303116 0 0 0 0 
0 0 0 0 0 0 0 0 0 0 0 0 0 0 0 0 0 0 0 0 0 0 0 0 0 0 0 0 0 0 0 0 0 0 0 0 0 0 0 0 0 0 0 0 0 0 0 0 0 0 0.125190663414 0.225436948126087 0.352864518829096 0.492360316662318 0.62641006488962 0.741292464496538 0.830187553233752 0.892822829742286 0.93314582184722 0.956682192461664 0.968511219632588 0.972056081486504 0.968511219632588 0.956682192461664 0.93314582184722 0.892822829742286 0.830187553233752 0.741292464496538 0.62641006488962 0.492360316662318 0.352864518829096 0.255621144923586 0.377933219110864 0.509890085097244 0.637671088448717 0.749793903980324 0.839516760521633 0.905164062264459 0.948975037403326 0.975397921274272 0.9895308109775 0.996022369116245 0.998444350849736 0.99900410555794 0.998444350849736 0.996022369116245 0.9895308109775 0.975397921274272 0.948975037403326 0.905164062264459 0.839516760521633 0.749793903980324 0.637671088448717 0.509890085097244 0.377933219110864 0.255621144923586 0.155080486216545 0 0 0 0 
0 0 0 0 0 0 0 0 0 0 0 0 0 0 0 0 0 0 0 0 0 0 0 0 0 0 0 0 0 0 0 0 0 0 0 0 0 0 0 0 0 0 0 0 0 0 0 0 0 0 0.153969574170007 0.268381339755955 0.407892505183624 0.554341703344906 0.689058785152317 0.799164955770888 0.879870231467196 0.93314582184722 0.964765642858517 0.981463942905692 0.98899005057738 0.991072572182266 0.98899005057738 0.981463942905692 0.964765642858517 0.93314582184722 0.879870231467196 0.799164955770888 0.689058785152317 0.554341703344906 0.407892505183624 0.270003698857246 0.395781722747518 0.529797018709162 0.657879706706407 0.768657791966943 0.855827841442142 0.918279308438654 0.958776289579179 0.982163677756887 0.993791908611513 0.998444350849736 0.999750933353643 0.99993772752186 0.999750933353643 0.998444350849736 0.993791908611513 0.982163677756887 0.958776289579179 0.918279308438654 0.855827841442142 0.768657791966943 0.657879706706407 0.529797018709162 0.395781722747518 0.270003698857246 0.165343416535862 0 0 0 0 
0 0 0 0 0 0 0 0 0 0 0 0 0 0 0 0 0 0 0 0 0 0 0 0 0 0 0 0 0 0 0 0 0 0 0 0 0 0 0 0 0 0 0 0 0 0 0 0 0 0 0.177311905213896 0.301966205404137 0.449382755873488 0.599341703750742 0.732725159387735 0.837665753786066 0.911095850168918 0.956682192461664 0.981463942905692 0.992939597787242 0.997236074820564 0.998230206735349 0.997236074820564 0.992939597787242 0.981463942905692 0.956682192461664 0.911095850168918 0.837665753786066 0.732725159387735 0.599341703750742 0.449382755873488 0.301966205404137 0.401816508327864 0.536470249431084 0.664591674031008 0.774857596741818 0.861120461442727 0.92246333913879 0.961826199230024 0.984184154270883 0.994968472963602 0.99900410555794 0.99993772752186 1 0.99993772752186 0.99900410555794 0.994968472963602 0.984184154270883 0.961826199230024 0.92246333913879 0.861120461442727 0.774857596741818 0.664591674031008 0.536470249431084 0.401816508327864 0.274907029217262 0.168871091339326 0 0 0 0 
0 0 0 0 0 0 0 0 0 0 0 0 0 0 0 0 0 0 0 0 0 0 0 0 0 0 0 0 0 0 0 0 0 0 0 0 0 0 0 0 0 0 0 0 0 0 0 0 0 0 0.192471198362885 0.323242173213885 0.475012317422744 0.62641006488962 0.758224936516815 0.859364520450072 0.927891927274027 0.968511219632588 0.98899005057738 0.997236074820564 0.99955725773955 0.999889296053199 0.99955725773955 0.997236074820564 0.98899005057738 0.968511219632588 0.927891927274027 0.859364520450072 0.758224936516815 0.62641006488962 0.475012317422744 0.323242173213885 0.395781722747518 0.529797018709162 0.657879706706407 0.768657791966943 0.855827841442142 0.918279308438654 0.958776289579179 0.982163677756887 0.993791908611513 0.998444350849736 0.999750933353643 0.99993772752186 0.999750933353643 0.998444350849736 0.993791908611513 0.982163677756887 0.958776289579179 0.918279308438654 0.855827841442142 0.768657791966943 0.657879706706407 0.529797018709162 0.395781722747518 0.270003698857246 0.165343416535862 0 0 0 0 
0 0 0 0 0 0 0 0 0 0 0 0 0 0 0 0 0 0 0 0 0 0 0 0 0 0 0 0 0 0 0 0 0 0 0 0 0 0 0 0 0 0 0 0 0 0 0 0 0 0.100692484575402 0.197719443104673 0.330515821523994 0.4836620781975 0.635420390446752 0.766581016240933 0.866337904026611 0.93314582184722 0.972056081486504 0.991072572182266 0.998230206735349 0.999889296053199 1 0.999889296053199 0.998230206735349 0.991072572182266 0.972056081486504 0.93314582184722 0.866337904026611 0.766581016240933 0.635420390446752 0.4836620781975 0.330515821523994 0.377933219110864 0.509890085097244 0.637671088448717 0.749793903980324 0.839516760521633 0.905164062264459 0.948975037403326 0.975397921274272 0.9895308109775 0.996022369116245 0.998444350849736 0.99900410555794 0.998444350849736 0.996022369116245 0.9895308109775 0.975397921274272 0.948975037403326 0.905164062264459 0.839516760521633 0.749793903980324 0.637671088448717 0.509890085097244 0.377933219110864 0.255621144923586 0.155080486216545 0 0 0 0 
0 0 0 0 0 0 0 0 0 0 0 0 0 0 0 0 0 0 0 0 0 0 0 0 0 0 0 0 0 0 0 0 0 0 0 0 0 0 0 0 0 0 0 0 0 0 0 0 0 0 0.192471198362885 0.323242173213885 0.475012317422744 0.62641006488962 0.758224936516815 0.859364520450072 0.927891927274027 0.968511219632588 0.98899005057738 0.997236074820564 0.99955725773955 0.999889296053199 0.99955725773955 0.997236074820564 0.98899005057738 0.968511219632588 0.927891927274027 0.859364520450072 0.758224936516815 0.62641006488962 0.475012317422744 0.323242173213885 0.349085762251729 0.477170051191942 0.603854032122282 0.717587513321982 0.810996825403251 0.881521669663235 0.930540921193931 0.961826199230024 0.980025280563354 0.9895308109775 0.993791908611513 0.994968472963602 0.993791908611513 0.9895308109775 0.980025280563354 0.961826199230024 0.930540921193931 0.881521669663235 0.810996825403251 0.717587513321982 0.603854032122282 0.477170051191942 0.349085762251729 0.23275198576861 0.139024843303116 0 0 0 0 
0 0 0 0 0 0 0 0 0 0 0 0 0 0 0 0 0 0 0 0 0 0 0 0 0 0 0 0 0 0 0 0 0 0 0 0 0 0 0 0 0 0 0 0 0 0 0 0 0 0 0.177311905213896 0.301966205404137 0.449382755873488 0.599341703750742 0.732725159387735 0.837665753786066 0.911095850168918 0.956682192461664 0.981463942905692 0.992939597787242 0.997236074820564 0.998230206735349 0.997236074820564 0.992939597787242 0.981463942905692 0.956682192461664 0.911095850168918 0.837665753786066 0.732725159387735 0.599341703750742 0.449382755873488 0.301966205404137 0.310730738161097 0.432590140412183 0.556582433376556 0.671288506280403 0.768657791966943 0.845024190708666 0.9006097048128 0.938221700746449 0.961826199230024 0.975397921274272 0.982163677756887 0.984184154270883 0.982163677756887 0.975397921274272 0.961826199230024 0.938221700746449 0.9006097048128 0.845024190708666 0.768657791966943 0.671288506280403 0.556582433376556 0.432590140412183 0.310730738161097 0.203065827506706 0.118677929830109 0 0 0 0 
0 0 0 0 0 0 0 0 0 0 0 0 0 0 0 0 0 0 0 0 0 0 0 0 0 0 0 0 0 0 0 0 0 0 0 0 0 0 0 0 0 0 0 0 0 0 0 0 0 0 0.153969574170007 0.268381339755955 0.407892505183624 0.554341703344906 0.689058785152317 0.799164955770888 0.879870231467196 0.93314582184722 0.964765642858517 0.981463942905692 0.98899005057738 0.991072572182266 0.98899005057738 0.981463942905692 0.964765642858517 0.93314582184722 0.879870231467196 0.799164955770888 0.689058785152317 0.554341703344906 0.407892505183624 0.268381339755955 0.265154799099778 0.377933219110864 0.496726676365684 0.610622922614268 0.71104844980095 0.793165715556541 0.855827841442142 0.9006097048128 0.930540921193931 0.948975037403326 0.958776289579179 0.961826199230024 0.958776289579179 0.948975037403326 0.930540921193931 0.9006097048128 0.855827841442142 0.793165715556541 0.71104844980095 0.610622922614268 0.496726676365684 0.377933219110864 0.265154799099778 0.168871091339326 0 0 0 0 0 
0 0 0 0 0 0 0 0 0 0 0 0 0 0 0 0 0 0 0 0 0 0 0 0 0 0 0 0 0 0 0 0 0 0 0 0 0 0 0 0 0 0 0 0 0 0 0 0 0 0 0.125190663414 0.225436948126087 0.352864518829096 0.492360316662318 0.62641006488962 0.741292464496538 0.830187553233752 0.892822829742286 0.93314582184722 0.956682192461664 0.968511219632588 0.972056081486504 0.968511219632588 0.956682192461664 0.93314582184722 0.892822829742286 0.830187553233752 0.741292464496538 0.62641006488962 0.492360316662318 0.352864518829096 0.225436948126087 0.215455236911485 0.316058606295582 0.42635860272545 0.536470249431084 0.637671088448717 0.724096521486238 0.793165715556541 0.845024190708666 0.881521669663235 0.905164062264459 0.918279308438654 0.92246333913879 0.918279308438654 0.905164062264459 0.881521669663235 0.845024190708666 0.793165715556541 0.724096521486238 0.637671088448717 0.536470249431084 0.42635860272545 0.316058606295582 0.215455236911485 0.132962105062322 0 0 0 0 0 
0 0 0 0 0 0 0 0 0 0 0 0 0 0 0 0 0 0 0 0 0 0 0 0 0 0 0 0 0 0 0 0 0 0 0 0 0 0 0 0 0 0 0 0 0 0 0 0 0 0 0 0.177311905213896 0.288246747940293 0.416056378124638 0.545393148849829 0.662355943303985 0.758224936516815 0.830187553233752 0.879870231467196 0.911095850168918 0.927891927274027 0.93314582184722 0.927891927274027 0.911095850168918 0.879870231467196 0.830187553233752 0.758224936516815 0.662355943303985 0.545393148849829 0.416056378124638 0.288246747940293 0.177311905213896 0.165343416535862 0.250936757141985 0.349085762251729 0.451499039895303 0.549864440847394 0.637671088448717 0.71104844980095 0.768657791966943 0.810996825403251 0.839516760521633 0.855827841442142 0.861120461442727 0.855827841442142 0.839516760521633 0.810996825403251 0.768657791966943 0.71104844980095 0.637671088448717 0.549864440847394 0.451499039895303 0.349085762251729 0.250936757141985 0.165343416535862 0 0 0 0 0 0 
0 0 0 0 0 0 0 0 0 0 0 0 0 0 0 0 0 0 0 0 0 0 0 0 0 0 0 0 0 0 0 0 0 0 0 0 0 0 0 0 0 0 0 0 0 0 0 0 0 0 0 0.129032167400704 0.21969606384552 0.330515821523994 0.449382755873488 0.563312339004762 0.662355943303985 0.741292464496538 0.799164955770888 0.837665753786066 0.859364520450072 0.866337904026611 0.859364520450072 0.837665753786066 0.799164955770888 0.741292464496538 0.662355943303985 0.563312339004762 0.449382755873488 0.330515821523994 0.21969606384552 0.129032167400704 0.118677929830109 0.187320781306818 0.270003698857246 0.360485317728838 0.451499039895303 0.536470249431084 0.610622922614268 0.671288506280403 0.717587513321982 0.749793903980324 0.768657791966943 0.774857596741818 0.768657791966943 0.749793903980324 0.717587513321982 0.671288506280403 0.610622922614268 0.536470249431084 0.451499039895303 0.360485317728838 0.270003698857246 0.187320781306818 0.118677929830109 0 0 0 0 0 0 
0 0 0 0 0 0 0 0 0 0 0 0 0 0 0 0 0 0 0 0 0 0 0 0 0 0 0 0 0 0 0 0 0 0 0 0 0 0 0 0 0 0 0 0 0 0 0 0 0 0 0 0 0.153969574170007 0.243252094649978 0.345328355440562 0.449382755873488 0.545393148849829 0.62641006488962 0.689058785152317 0.732725159387735 0.758224936516815 0.766581016240933 0.758224936516815 0.732725159387735 0.689058785152317 0.62641006488962 0.545393148849829 0.449382755873488 0.345328355440562 0.243252094649978 0.153969574170007 0 0 0.130006324424054 0.195083071445882 0.270003698857246 0.349085762251729 0.42635860272545 0.496726676365684 0.556582433376556 0.603854032122282 0.637671088448717 0.657879706706407 0.664591674031008 0.657879706706407 0.637671088448717 0.603854032122282 0.556582433376556 0.496726676365684 0.42635860272545 0.349085762251729 0.270003698857246 0.195083071445882 0.130006324424054 0 0 0 0 0 0 0 
0 0 0 0 0 0 0 0 0 0 0 0 0 0 0 0 0 0 0 0 0 0 0 0 0 0 0 0.100692484575402 0 0 0 0 0 0 0 0 0 0 0 0 0 0 0 0 0 0 0 0 0 0 0 0 0 0.163021388703181 0.243252094649978 0.330515821523994 0.416056378124638 0.492360316662318 0.554341703344906 0.599341703750742 0.62641006488962 0.635420390446752 0.62641006488962 0.599341703750742 0.554341703344906 0.492360316662318 0.416056378124638 0.330515821523994 0.243252094649978 0.163021388703181 0 0 0 0 0.130006324424054 0.187320781306818 0.250936757141985 0.316058606295582 0.377933219110864 0.432590140412183 0.477170051191942 0.509890085097244 0.529797018709162 0.536470249431084 0.529797018709162 0.509890085097244 0.477170051191942 0.432590140412183 0.377933219110864 0.316058606295582 0.250936757141985 0.187320781306818 0.130006324424054 0 0 0 0 0 0 0 0 
0 0 0 0 0 0 0 0 0 0 0 0 0 0 0 0 0 0 0 0 0 0 0 0.125190663414 0.153969574170007 0.177311905213896 0.192471198362885 0.197719443104673 0.192471198362885 0.177311905213896 0.153969574170007 0.125190663414 0 0 0 0 0 0 0 0 0 0 0 0 0 0 0 0 0 0 0 0 0 0 0.153969574170007 0.21969606384552 0.288246747940293 0.352864518829096 0.407892505183624 0.449382755873488 0.475012317422744 0.4836620781975 0.475012317422744 0.449382755873488 0.407892505183624 0.352864518829096 0.288246747940293 0.21969606384552 0.153969574170007 0 0 0 0 0 0 0.118677929830109 0.165343416535862 0.215455236911485 0.265154799099778 0.310730738161097 0.349085762251729 0.377933219110864 0.395781722747518 0.401816508327864 0.395781722747518 0.377933219110864 0.349085762251729 0.310730738161097 0.265154799099778 0.215455236911485 0.165343416535862 0.118677929830109 0 0 0 0 0 0 0 0 0 
0 0 0 0 0 0 0 0 0 0 0 0 0 0 0 0 0 0 0 0 0 0.129032167400704 0.177311905213896 0.225436948126087 0.268381339755955 0.301966205404137 0.323242173213885 0.330515821523994 0.323242173213885 0.301966205404137 0.268381339755955 0.225436948126087 0.177311905213896 0.129032167400704 0 0 0 0 0 0 0 0 0 0 0 0 0 0 0 0 0 0 0 0 0 0.129032167400704 0.177311905213896 0.225436948126087 0.268381339755955 0.301966205404137 0.323242173213885 0.330515821523994 0.323242173213885 0.301966205404137 0.268381339755955 0.225436948126087 0.177311905213896 0.129032167400704 0 0 0 0 0 0 0 0 0 0.132962105062322 0.168871091339326 0.203065827506706 0.23275198576861 0.255621144923586 0.270003698857246 0.274907029217262 0.270003698857246 0.255621144923586 0.23275198576861 0.203065827506706 0.168871091339326 0.132962105062322 0 0 0 0 0 0 0 0 0 0 0 
0 0 0 0 0 0 0 0 0 0 0 0 0 0 0 0 0 0 0 0 0.153969574170007 0.21969606384552 0.288246747940293 0.352864518829096 0.407892505183624 0.449382755873488 0.475012317422744 0.4836620781975 0.475012317422744 0.449382755873488 0.407892505183624 0.352864518829096 0.288246747940293 0.21969606384552 0.153969574170007 0 0 0 0 0 0 0 0 0 0 0 0 0 0 0 0 0 0 0 0 0 0 0.125190663414 0.153969574170007 0.177311905213896 0.192471198362885 0.197719443104673 0.192471198362885 0.177311905213896 0.153969574170007 0.125190663414 0 0 0 0 0 0 0 0 0 0 0 0 0 0.118677929830109 0.139024843303116 0.155080486216545 0.165343416535862 0.168871091339326 0.165343416535862 0.155080486216545 0.139024843303116 0.118677929830109 0 0 0 0 0 0 0 0 0 0 0 0 0 
0 0 0 0 0 0 0 0 0 0 0 0 0 0 0 0 0 0 0 0.163021388703181 0.243252094649978 0.330515821523994 0.416056378124638 0.492360316662318 0.554341703344906 0.599341703750742 0.62641006488962 0.635420390446752 0.62641006488962 0.599341703750742 0.554341703344906 0.492360316662318 0.416056378124638 0.330515821523994 0.243252094649978 0.163021388703181 0 0 0 0 0 0 0 0 0 0 0 0 0 0 0 0 0 0 0 0 0 0 0 0 0 0.100692484575402 0 0 0 0 0 0 0 0 0 0 0 0 0 0 0 0 0 0 0 0 0 0 0 0 0 0 0 0 0 0 0 0 0 0 0 0 0 0 0 
0 0 0 0 0 0 0 0 0 0 0 0 0 0 0 0 0 0 0.153969574170007 0.243252094649978 0.345328355440562 0.449382755873488 0.545393148849829 0.62641006488962 0.689058785152317 0.732725159387735 0.758224936516815 0.766581016240933 0.758224936516815 0.732725159387735 0.689058785152317 0.62641006488962 0.545393148849829 0.449382755873488 0.345328355440562 0.243252094649978 0.153969574170007 0 0 0 0 0 0 0 0 0 0 0 0 0 0 0 0 0 0 0 0 0 0 0 0 0 0 0 0 0 0 0 0 0 0 0 0 0 0 0 0 0 0 0 0 0 0 0 0 0 0 0 0 0 0 0 0 0 0 0 0 0 0 0 0 
0 0 0 0 0 0 0 0 0 0 0 0 0 0 0 0 0 0.129032167400704 0.21969606384552 0.330515821523994 0.449382755873488 0.563312339004762 0.662355943303985 0.741292464496538 0.799164955770888 0.837665753786066 0.859364520450072 0.866337904026611 0.859364520450072 0.837665753786066 0.799164955770888 0.741292464496538 0.662355943303985 0.563312339004762 0.449382755873488 0.330515821523994 0.21969606384552 0.129032167400704 0 0 0 0 0 0 0 0 0 0 0 0 0 0 0 0 0 0 0 0 0 0 0 0 0 0 0 0 0 0 0 0 0 0 0 0 0 0 0 0 0 0 0 0 0 0 0 0 0 0 0 0 0 0 0 0 0 0 0 0 0 0 0 
0 0 0 0 0 0 0 0 0 0 0 0 0 0 0 0 0 0.177311905213896 0.288246747940293 0.416056378124638 0.545393148849829 0.662355943303985 0.758224936516815 0.830187553233752 0.879870231467196 0.911095850168918 0.927891927274027 0.93314582184722 0.927891927274027 0.911095850168918 0.879870231467196 0.830187553233752 0.758224936516815 0.662355943303985 0.545393148849829 0.416056378124638 0.288246747940293 0.177311905213896 0 0 0 0 0 0 0 0 0 0 0 0 0 0 0 0 0 0 0 0 0 0 0 0 0 0 0 0 0 0 0 0 0 0 0 0 0 0 0 0 0 0 0 0 0 0 0 0 0 0 0 0 0 0 0 0 0 0 0 0 0 0 0 
0 0 0 0 0 0 0 0 0 0 0 0 0 0 0 0 0.125190663414 0.225436948126087 0.352864518829096 0.492360316662318 0.62641006488962 0.741292464496538 0.830187553233752 0.892822829742286 0.93314582184722 0.956682192461664 0.968511219632588 0.972056081486504 0.968511219632588 0.956682192461664 0.93314582184722 0.892822829742286 0.830187553233752 0.741292464496538 0.62641006488962 0.492360316662318 0.352864518829096 0.225436948126087 0.125190663414 0 0 0 0 0 0 0 0 0 0 0 0 0 0 0 0 0 0 0 0 0 0 0 0 0 0 0 0 0 0 0 0 0 0 0 0 0 0 0 0 0 0 0 0 0 0 0 0 0 0 0 0 0 0 0 0 0 0 0 0 0 0 
0 0 0 0 0 0 0 0 0 0 0 0 0 0 0 0 0.153969574170007 0.268381339755955 0.407892505183624 0.554341703344906 0.689058785152317 0.799164955770888 0.879870231467196 0.93314582184722 0.964765642858517 0.981463942905692 0.98899005057738 0.991072572182266 0.98899005057738 0.981463942905692 0.964765642858517 0.93314582184722 0.879870231467196 0.799164955770888 0.689058785152317 0.554341703344906 0.407892505183624 0.268381339755955 0.153969574170007 0 0 0 0 0 0 0 0 0 0 0 0 0 0 0 0 0 0 0 0 0 0 0 0 0 0 0 0 0 0 0 0 0 0 0 0 0 0 0 0 0 0 0 0 0 0 0 0 0 0 0 0 0 0 0 0 0 0 0 0 0 0 
0 0 0 0 0 0 0 0 0 0 0 0 0 0 0 0 0.177311905213896 0.301966205404137 0.449382755873488 0.599341703750742 0.732725159387735 0.837665753786066 0.911095850168918 0.956682192461664 0.981463942905692 0.992939597787242 0.997236074820564 0.998230206735349 0.997236074820564 0.992939597787242 0.981463942905692 0.956682192461664 0.911095850168918 0.837665753786066 0.732725159387735 0.599341703750742 0.449382755873488 0.301966205404137 0.177311905213896 0 0 0 0 0 0 0 0 0 0 0 0 0 0 0 0 0 0 0 0 0 0 0 0 0 0 0 0 0 0 0 0 0 0 0 0 0 0 0 0 0 0 0 0 0 0 0 0 0 0 0 0 0 0 0 0 0 0 0 0 0 0 
0 0 0 0 0 0 0 0 0 0 0 0 0 0 0 0 0.192471198362885 0.323242173213885 0.475012317422744 0.62641006488962 0.758224936516815 0.859364520450072 0.927891927274027 0.968511219632588 0.98899005057738 0.997236074820564 0.99955725773955 0.999889296053199 0.99955725773955 0.997236074820564 0.98899005057738 0.968511219632588 0.927891927274027 0.859364520450072 0.758224936516815 0.62641006488962 0.475012317422744 0.323242173213885 0.192471198362885 0 0 0 0 0 0 0 0 0 0 0 0 0 0 0 0 0 0 0 0 0 0 0 0 0 0 0 0 0 0 0 0 0 0 0 0 0 0 0 0 0 0 0 0 0 0 0 0 0 0 0 0 0 0 0 0 0 0 0 0 0 0 
0 0 0 0 0 0 0 0 0 0 0 0 0 0 0 0.100692484575402 0.197719443104673 0.330515821523994 0.4836620781975 0.635420390446752 0.766581016240933 0.866337904026611 0.93314582184722 0.972056081486504 0.991072572182266 0.998230206735349 0.999889296053199 1 0.999889296053199 0.998230206735349 0.991072572182266 0.972056081486504 0.93314582184722 0.866337904026611 0.766581016240933 0.635420390446752 0.4836620781975 0.330515821523994 0.197719443104673 0.100692484575402 0 0 0 0 0 0 0 0 0 0 0 0 0 0 0 0 0 0 0 0 0 0 0 0 0 0 0 0 0 0 0 0 0 0 0 0 0 0 0 0 0 0 0 0 0 0 0 0 0 0 0 0 0 0 0 0 0 0 0 0 0 
0 0 0 0 0 0 0 0 0 0 0 0 0 0 0 0 0.192471198362885 0.323242173213885 0.475012317422744 0.62641006488962 0.758224936516815 0.859364520450072 0.927891927274027 0.968511219632588 0.98899005057738 0.997236074820564 0.99955725773955 0.999889296053199 0.99955725773955 0.997236074820564 0.98899005057738 0.968511219632588 0.927891927274027 0.859364520450072 0.758224936516815 0.62641006488962 0.475012317422744 0.323242173213885 0.192471198362885 0 0 0 0 0 0 0 0 0 0 0 0 0 0 0 0 0 0 0 0 0 0 0 0 0 0 0 0 0 0 0 0 0 0 0 0 0 0 0 0 0 0 0 0 0 0 0 0 0 0 0 0 0 0 0 0 0 0 0 0 0 0 
0 0 0 0 0 0 0 0 0 0 0 0 0 0 0 0 0.177311905213896 0.301966205404137 0.449382755873488 0.599341703750742 0.732725159387735 0.837665753786066 0.911095850168918 0.956682192461664 0.981463942905692 0.992939597787242 0.997236074820564 0.998230206735349 0.997236074820564 0.992939597787242 0.981463942905692 0.956682192461664 0.911095850168918 0.837665753786066 0.732725159387735 0.599341703750742 0.449382755873488 0.301966205404137 0.177311905213896 0 0 0 0 0 0 0 0 0 0 0 0 0 0 0 0 0 0 0 0 0 0 0 0 0 0 0 0 0 0 0 0 0 0 0 0 0 0 0 0 0 0 0 0 0 0 0 0 0 0 0 0 0 0 0 0 0 0 0 0 0 0 
0 0 0 0 0 0 0 0 0 0 0 0 0 0 0 0 0.153969574170007 0.268381339755955 0.407892505183624 0.554341703344906 0.689058785152317 0.799164955770888 0.879870231467196 0.93314582184722 0.964765642858517 0.981463942905692 0.98899005057738 0.991072572182266 0.98899005057738 0.981463942905692 0.964765642858517 0.93314582184722 0.879870231467196 0.799164955770888 0.689058785152317 0.554341703344906 0.407892505183624 0.268381339755955 0.153969574170007 0 0 0 0 0 0 0 0 0 0 0 0 0 0 0 0 0 0 0 0 0 0 0 0 0 0 0 0 0 0 0 0 0 0 0 0 0 0 0 0 0 0 0 0 0 0 0 0 0 0 0 0 0 0 0 0 0 0 0 0 0 0 
0 0 0 0 0 0 0 0 0 0 0 0 0 0 0 0 0.125190663414 0.225436948126087 0.352864518829096 0.492360316662318 0.62641006488962 0.741292464496538 0.830187553233752 0.892822829742286 0.93314582184722 0.956682192461664 0.968511219632588 0.972056081486504 0.968511219632588 0.956682192461664 0.93314582184722 0.892822829742286 0.830187553233752 0.741292464496538 0.62641006488962 0.492360316662318 0.352864518829096 0.225436948126087 0.125190663414 0 0 0 0 0 0 0 0 0 0 0 0 0 0 0 0 0 0 0 0 0 0 0 0 0 0 0 0 0 0 0 0 0 0 0 0 0 0 0 0 0 0 0 0 0 0 0 0 0 0 0 0 0 0 0 0 0 0 0 0 0 0 
0 0 0 0 0 0 0 0 0 0 0 0 0 0 0 0 0 0.177311905213896 0.288246747940293 0.416056378124638 0.545393148849829 0.662355943303985 0.758224936516815 0.830187553233752 0.879870231467196 0.911095850168918 0.927891927274027 0.93314582184722 0.927891927274027 0.911095850168918 0.879870231467196 0.830187553233752 0.758224936516815 0.662355943303985 0.545393148849829 0.416056378124638 0.288246747940293 0.177311905213896 0 0 0 0 0 0 0 0 0 0 0 0 0 0 0 0 0 0 0 0 0 0 0 0 0 0 0 0 0 0 0 0 0 0 0 0 0 0 0 0 0 0 0 0 0 0 0 0 0 0 0 0 0 0 0 0 0 0 0 0 0 0 0 
0 0 0 0 0 0 0 0 0 0 0 0 0 0 0 0 0 0.129032167400704 0.21969606384552 0.330515821523994 0.449382755873488 0.563312339004762 0.662355943303985 0.741292464496538 0.799164955770888 0.837665753786066 0.859364520450072 0.866337904026611 0.859364520450072 0.837665753786066 0.799164955770888 0.741292464496538 0.662355943303985 0.563312339004762 0.449382755873488 0.330515821523994 0.21969606384552 0.129032167400704 0 0 0 0 0 0 0 0 0 0 0 0 0 0 0 0 0 0 0 0 0 0 0 0 0 0 0 0 0 0 0 0 0 0 0 0 0 0 0 0 0 0 0 0 0 0 0 0 0 0 0 0 0 0 0 0 0 0 0 0 0 0 0 
0 0 0 0 0 0 0 0 0 0 0 0 0 0 0 0 0 0 0.153969574170007 0.243252094649978 0.345328355440562 0.449382755873488 0.545393148849829 0.62641006488962 0.689058785152317 0.732725159387735 0.758224936516815 0.766581016240933 0.758224936516815 0.732725159387735 0.689058785152317 0.62641006488962 0.545393148849829 0.449382755873488 0.345328355440562 0.243252094649978 0.153969574170007 0 0 0 0 0 0 0 0 0 0 0 0 0 0 0 0 0 0 0 0 0 0 0 0 0 0 0 0 0 0 0 0 0 0 0 0 0 0 0 0 0 0 0 0 0 0 0 0 0 0 0 0 0 0 0 0 0 0 0 0 0 0 0 0 
0 0 0 0 0 0 0 0 0 0 0 0 0 0 0 0 0 0 0 0.163021388703181 0.243252094649978 0.330515821523994 0.416056378124638 0.492360316662318 0.554341703344906 0.599341703750742 0.62641006488962 0.635420390446752 0.62641006488962 0.599341703750742 0.554341703344906 0.492360316662318 0.416056378124638 0.330515821523994 0.243252094649978 0.163021388703181 0 0 0 0 0 0 0 0 0 0 0 0 0 0 0 0 0 0 0 0 0 0 0 0 0 0 0 0 0 0 0 0 0 0 0 0 0 0 0 0 0 0 0 0 0 0 0 0 0 0 0 0 0 0 0 0 0 0 0 0 0 0 0 0 0 
0 0 0 0 0 0 0 0 0 0 0 0 0 0 0 0 0 0 0 0 0.153969574170007 0.21969606384552 0.288246747940293 0.352864518829096 0.407892505183624 0.449382755873488 0.475012317422744 0.4836620781975 0.475012317422744 0.449382755873488 0.407892505183624 0.352864518829096 0.288246747940293 0.21969606384552 0.153969574170007 0 0 0 0 0 0 0 0 0 0 0 0 0 0 0 0 0 0 0 0 0 0 0 0 0 0 0 0 0 0 0 0 0 0 0 0 0 0 0 0 0 0 0 0 0 0 0 0 0 0 0 0 0 0 0 0 0 0 0 0 0 0 0 0 0 0 
0 0 0 0 0 0 0 0 0 0 0 0 0 0 0 0 0 0 0 0 0 0.129032167400704 0.177311905213896 0.225436948126087 0.268381339755955 0.301966205404137 0.323242173213885 0.330515821523994 0.323242173213885 0.301966205404137 0.268381339755955 0.225436948126087 0.177311905213896 0.129032167400704 0 0 0 0 0 0 0 0 0 0 0 0 0 0 0 0 0 0 0 0 0 0 0 0 0 0 0 0 0 0 0 0 0 0 0 0 0 0 0 0 0 0 0 0 0 0 0 0 0 0 0 0 0 0 0 0 0 0 0 0 0 0 0 0 0 0 0 
0 0 0 0 0 0 0 0 0 0 0 0 0 0 0 0 0 0 0 0 0 0 0 0.125190663414 0.153969574170007 0.177311905213896 0.192471198362885 0.197719443104673 0.192471198362885 0.177311905213896 0.153969574170007 0.125190663414 0 0 0 0 0 0 0 0 0 0 0 0 0 0 0 0 0 0 0 0 0 0 0 0 0 0 0 0 0 0 0 0 0 0 0 0 0 0 0 0 0 0 0 0 0 0 0 0 0 0 0 0 0 0 0 0 0 0 0 0 0 0 0 0 0 0 0 0 0 
0 0 0 0 0 0 0 0 0 0 0 0 0 0 0 0 0 0 0 0 0 0 0 0 0 0 0 0.100692484575402 0 0 0 0 0 0 0 0 0 0 0 0 0 0 0 0 0 0 0 0 0 0 0 0 0 0 0 0 0 0 0 0 0 0 0 0 0 0 0 0 0 0 0 0 0 0 0 0 0 0 0 0 0 0 0 0 0 0 0 0 0 0 0 0 0 0 0 0 0 0 0 0 0 
0 0 0 0 0 0 0 0 0 0 0 0 0 0 0 0 0 0 0 0 0 0 0 0 0 0 0 0 0 0 0 0 0 0 0 0 0 0 0 0 0 0 0 0 0 0 0 0 0 0 0 0 0 0 0 0 0 0 0 0 0 0 0 0 0 0 0 0 0 0 0 0 0 0 0 0 0 0 0 0 0 0 0 0 0 0 0 0 0 0 0 0 0 0 0 0 0 0 0 0 0 
0 0 0 0 0 0 0 0 0 0 0 0 0 0 0 0 0 0 0 0 0 0 0 0 0 0 0 0 0 0 0 0 0 0 0 0 0 0 0 0 0 0 0 0 0 0 0 0 0 0 0 0 0 0 0 0 0 0 0 0 0 0 0 0 0 0 0 0 0 0 0 0 0 0 0 0 0 0 0 0 0 0 0 0 0 0 0 0 0 0 0 0 0 0 0 0 0 0 0 0 0 
0 0 0 0 0 0 0 0 0 0 0 0 0 0 0 0 0 0 0 0 0 0 0 0 0 0 0 0 0 0 0 0 0 0 0 0 0 0 0 0 0 0 0 0 0 0 0 0 0 0 0 0 0 0 0 0 0 0 0 0 0 0 0 0 0 0 0 0 0 0 0 0 0 0 0 0 0 0 0 0 0 0 0 0 0 0 0 0 0 0 0 0 0 0 0 0 0 0 0 0 0 
0 0 0 0 0 0 0 0 0 0 0 0 0 0 0 0 0 0 0 0 0 0 0 0 0 0 0 0 0 0 0 0 0 0 0 0 0 0 0 0 0 0 0 0 0 0 0 0 0 0 0 0 0 0 0 0 0 0 0 0 0 0 0 0 0 0 0 0 0 0 0 0 0 0 0 0 0 0 0 0 0 0 0 0 0 0 0 0 0 0 0 0 0 0 0 0 0 0 0 0 0 
0 0 0 0 0 0 0 0 0 0 0 0 0 0 0 0 0 0 0 0 0 0 0 0 0 0 0 0 0 0 0 0 0 0 0 0 0 0 0 0 0 0 0 0 0 0 0 0 0 0 0 0 0 0 0 0 0 0 0 0 0 0 0 0 0 0 0 0 0 0 0 0 0 0 0 0 0 0 0 0 0 0 0 0 0 0 0 0 0 0 0 0 0 0 0 0 0 0 0 0 0 
0 0 0 0 0 0 0 0 0 0 0 0 0 0 0 0 0 0 0 0 0 0 0 0 0 0 0 0 0 0 0 0 0 0 0 0 0 0 0 0 0 0 0 0 0 0 0 0 0 0 0 0 0 0 0 0 0 0 0 0 0 0 0 0 0 0 0 0 0 0 0 0 0 0 0 0 0 0 0 0 0 0 0 0 0 0 0.109542130756352 0.126461397256951 0.139711023149307 0.148143100518045 0.151035674181538 0.148143100518045 0.139711023149307 0.126461397256951 0.109542130756352 0 0 0 0 0 0 
0 0 0 0 0 0 0 0 0 0 0 0 0 0 0 0 0 0 0 0 0 0 0 0 0 0 0 0 0 0 0 0 0 0 0 0 0 0 0 0 0 0 0 0 0 0 0 0 0 0 0 0 0 0 0 0 0 0 0 0 0 0 0 0 0 0 0 0 0 0 0 0 0 0 0 0 0 0 0 0 0 0 0 0 0.126461397256951 0.156945020232209 0.185625653115165 0.21034743289174 0.229319095652364 0.24122880273085 0.245286322140164 0.24122880273085 0.229319095652364 0.21034743289174 0.185625653115165 0.156945020232209 0.126461397256951 0 0 0 0 
0 0 0 0 0 0 0 0 0 0 0 0 0 0 0 0 0 0 0 0 0 0 0 0 0 0 0 0 0 0 0 0 0 0 0 0 0 0 0 0 0 0 0 0 0 0 0 0 0 0 0 0 0 0 0 0 0 0 0 0 0 0 0 0 0 0 0 0 0 0 0 0 0 0 0 0 0 0 0 0 0 0 0.118982063354973 0.159962223991193 0.203065827506706 0.245286322140164 0.283757683999393 0.316058606295583 0.340352007550202 0.355395457514136 0.360485317728838 0.355395457514136 0.340352007550202 0.316058606295583 0.283757683999393 0.245286322140164 0.203065827506706 0.159962223991193 0.118982063354973 0 0 
0 0 0 0 0 0 0 0 0 0 0 0 0 0 0 0 0 0 0 0 0 0 0 0 0 0 0 0 0 0 0 0 0 0 0 0 0 0 0 0 0 0 0 0 0 0 0 0 0 0 0 0 0 0 0 0 0 0 0 0 0 0 0 0 0 0 0 0 0 0 0 0 0 0 0 0 0 0 0 0 0 0.134291897304334 0.185625653115165 0.24122880273085 0.297351252081012 0.350342984824392 0.397119179587248 0.435371463173613 0.463559762511294 0.480773291793291 0.486556251715438 0.480773291793291 0.463559762511294 0.435371463173613 0.397119179587248 0.350342984824392 0.297351252081012 0.24122880273085 0.185625653115165 0.134291897304334 0 
0 0 0 0 0 0 0 0 0 0.107568789834737 0.120471589381824 0.130389024071846 0.136628328733696 0.138757024133062 0.136628328733696 0.130389024071846 0.120471589381824 0.107568789834737 0 0 0 0 0 0 0 0 0 0 0 0 0 0 0 0 0 0 0 0 0 0 0 0 0 0 0 0 0 0 0 0 0 0 0 0 0 0 0 0 0 0 0 0 0 0 0 0 0 0 0 0 0 0 0 0 0 0 0 0 0 0 0.139711023149307 0.199490653067651 0.266227616881784 0.335414361828048 0.402489600208388 0.463559762511294 0.515769430957295 0.557329640381079 0.587314027897617 0.605358231792299 0.61137498938089 0.605358231792299 0.587314027897617 0.557329640381079 0.515769430957295 0.463559762511294 0.402489600208388 0.335414361828048 0.266227616881784 0.199490653067651 0.139711023149307 
0 0 0 0 0 0 0.104086408283296 0.128357753761878 0.152051462472023 0.17371092711035 0.192019457402512 0.205894291721825 0.214540669485641 0.217476526220791 0.214540669485641 0.205894291721825 0.192019457402512 0.17371092711035 0.152051462472023 0.128357753761878 0.104086408283296 0 0 0 0 0 0 0 0 0 0 0 0 0 0 0 0 0 0 0 0 0 0 0 0 0 0 0 0 0 0 0 0 0 0 0 0 0 0 0 0 0 0 0 0 0 0 0 0 0 0 0 0 0 0 0 0 0 0 0.134291897304334 0.199490653067651 0.274907029217263 0.355395457514136 0.435371463173613 0.509890085097244 0.575301221433991 0.629414704975999 0.671288506280403 0.700821295969133 0.718312255391395 0.724096521486238 0.718312255391395 0.700821295969133 0.671288506280403 0.629414704975999 0.575301221433991 0.509890085097244 0.435371463173613 0.355395457514136 0.274907029217263 0.199490653067651 
0 0 0 0 0 0.130389024071846 0.163826356947972 0.197489219894671 0.229488880627965 0.258087023890284 0.281819136938847 0.299553214987056 0.310500262849391 0.314199590913687 0.310500262849391 0.299553214987056 0.281819136938847 0.258087023890284 0.229488880627965 0.197489219894671 0.163826356947972 0.130389024071846 0 0 0 0 0 0 0 0 0 0 0 0 0 0 0 0 0 0 0 0 0 0 0 0 0 0 0 0 0 0 0 0 0 0 0 0 0 0 0 0 0 0 0 0 0 0 0 0 0 0 0 0 0 0 0 0 0.118982063354973 0.185625653115165 0.266227616881784 0.355395457514136 0.446566852851368 0.533502257702619 0.61137498938089 0.677227061772247 0.729855537984702 0.769348934107357 0.796505292377609 0.812297262906902 0.817469618463246 0.812297262906902 0.796505292377609 0.769348934107357 0.729855537984702 0.677227061772247 0.61137498938089 0.533502257702619 0.446566852851368 0.355395457514136 0.266227616881784 
0 0 0 0.112960953822478 0.152051462472023 0.194741003851222 0.238780436436258 0.281819136938847 0.321672824555717 0.356498784522851 0.38487087176446 0.405774496444363 0.418554922794237 0.422852923152662 0.418554922794237 0.405774496444363 0.38487087176446 0.356498784522851 0.321672824555717 0.281819136938847 0.238780436436258 0.194741003851222 0.152051462472023 0.112960953822478 0 0 0 0 0 0 0 0 0 0 0 0 0 0 0 0 0 0 0 0 0 0 0 0 0 0 0 0 0 0 0 0 0 0 0 0 0 0 0 0 0 0 0 0 0 0 0 0 0 0 0 0 0 0 0.159962223991193 0.24122880273085 0.335414361828048 0.435371463173613 0.533502257702619 0.623404430735078 0.700821295969133 0.76380426509875 0.812297262906902 0.847449640147229 0.870911096456656 0.884253763838992 0.888571687348732 0.884253763838992 0.870911096456656 0.847449640147229 0.812297262906902 0.76380426509875 0.700821295969133 0.623404430735078 0.533502257702619 0.435371463173613 0.335414361828048 
0 0 0.120471589381824 0.166258508204383 0.217476526220791 0.271490265509849 0.325446411153877 0.376655165602904 0.422852923152662 0.462320712153103 0.49387778068487 0.516793632755975 0.530666458597096 0.535308468432647 0.530666458597096 0.516793632755975 0.49387778068487 0.462320712153103 0.422852923152662 0.376655165602904 0.325446411153877 0.271490265509849 0.217476526220791 0.166258508204383 0.120471589381824 0 0 0 0 0 0 0 0 0 0 0 0 0 0 0 0 0 0 0 0 0 0 0 0 0 0 0 0 0 0 0 0 0 0 0 0 0 0 0 0 0 0 0 0 0 0 0 0 0 0 0 0 0.126461397256951 0.203065827506706 0.297351252081012 0.402489600208388 0.509890085097244 0.61137498938089 0.700821295969133 0.774857596741818 0.832693325133238 0.875422276054583 0.905164062264459 0.924292069829058 0.934857722203471 0.938221700746449 0.934857722203471 0.924292069829058 0.905164062264459 0.875422276054583 0.832693325133238 0.774857596741818 0.700821295969133 0.61137498938089 0.509890085097244 0.402489600208388 
0 0.120471589381824 0.171200710035371 0.229488880627965 0.292382322920363 0.356498784522851 0.418554922794237 0.475762471354768 0.526032996038429 0.56800022224668 0.600911144741567 0.624449971923118 0.638551559432477 0.643244957486672 0.638551559432477 0.624449971923118 0.600911144741567 0.56800022224668 0.526032996038429 0.475762471354768 0.418554922794237 0.356498784522851 0.292382322920363 0.229488880627965 0.171200710035371 0.120471589381824 0 0 0 0 0 0 0 0 0 0 0 0 0 0 0 0 0 0 0 0 0 0 0 0 0 0 0 0 0 0 0 0 0 0 0 0 0 0 0 0 0 0 0 0 0 0 0 0 0 0 0 0.156945020232209 0.245286322140164 0.350342984824392 0.463559762511294 0.575301221433991 0.677227061772247 0.76380426509875 0.832693325133238 0.884253763838992 0.920615577146496 0.944707071983589 0.959463537531385 0.967284878157878 0.969715258425567 0.967284878157878 0.959463537531385 0.944707071983589 0.920615577146496 0.884253763838992 0.832693325133238 0.76380426509875 0.677227061772247 0.575301221433991 0.463559762511294 
0.112960953822478 0.166258508204383 0.229488880627965 0.299553214987056 0.372579628743931 0.444611925781309 0.512188677362739 0.572692599003071 0.624449971923118 0.666631526507857 0.699036230406395 0.721836046214687 0.735339301191347 0.739807102215433 0.735339301191347 0.721836046214687 0.699036230406395 0.666631526507857 0.624449971923118 0.572692599003071 0.512188677362739 0.444611925781309 0.372579628743931 0.299553214987056 0.229488880627965 0.166258508204383 0.112960953822478 0 0 0 0 0 0 0 0 0 0 0 0 0 0 0 0 0 0 0 0 0 0 0 0 0 0 0 0 0 0 0 0 0 0 0 0 0 0 0 0 0 0 0 0 0 0 0 0 0 0.109542130756352 0.185625653115165 0.283757683999393 0.397119179587248 0.515769430957295 0.629414704975999 0.729855537984702 0.812297262906902 0.875422276054583 0.920615577146496 0.950862905374344 0.969715258425567 0.980510630879895 0.985880533923628 0.9874826556066 0.985880533923628 0.980510630879895 0.969715258425567 0.950862905374344 0.920615577146496 0.875422276054583 0.812297262906902 0.729855537984702 0.629414704975999 0.515769430957295 
0.152051462472023 0.217476526220791 0.292382322920363 0.372579628743931 0.453434521757669 0.530666458597096 0.600911144741567 0.661966953905587 0.712757084008226 0.753101639632532 0.783404355871614 0.804337123300526 0.816573490775908 0.820594582381403 0.816573490775908 0.804337123300526 0.783404355871614 0.753101639632532 0.712757084008226 0.661966953905587 0.600911144741567 0.530666458597096 0.453434521757669 0.372579628743931 0.292382322920363 0.217476526220791 0.152051462472023 0 0 0 0 0 0 0 0 0 0 0 0 0 0 0 0 0 0 0 0 0 0 0 0 0 0 0 0 0 0 0 0 0 0 0 0 0 0 0 0 0 0 0 0 0 0 0 0 0 0.126461397256951 0.21034743289174 0.316058606295583 0.435371463173613 0.557329640381079 0.671288506280403 0.769348934107357 0.847449640147229 0.905164062264459 0.944707071983589 0.969715258425567 0.984184154270883 0.991718921866541 0.995091637797966 0.996022369116245 0.995091637797966 0.991718921866541 0.984184154270883 0.969715258425567 0.944707071983589 0.905164062264459 0.847449640147229 0.769348934107357 0.671288506280403 0.557329640381079 
0.194741003851222 0.271490265509849 0.356498784522851 0.444611925781309 0.530666458597096 0.610328632052709 0.680577219066995 0.739807102215433 0.787641808867241 0.824585773351194 0.851634500239094 0.869922157334966 0.880445675512348 0.883875174657539 0.880445675512348 0.869922157334966 0.851634500239094 0.824585773351194 0.787641808867241 0.739807102215433 0.680577219066995 0.610328632052709 0.530666458597096 0.444611925781309 0.356498784522851 0.271490265509849 0.194741003851222 0.130389024071846 0 0 0 0 0 0 0 0 0 0 0 0 0 0 0 0 0 0 0 0 0 0 0 0 0 0 0 0 0 0 0 0 0 0 0 0 0 0 0 0 0 0 0 0 0 0 0 0 0.139711023149307 0.229319095652364 0.340352007550202 0.463559762511294 0.587314027897617 0.700821295969133 0.796505292377609 0.870911096456656 0.924292069829058 0.959463537531385 0.980510630879895 0.991718921866541 0.996855866596497 0.998770644333834 0.999213038173025 0.998770644333834 0.996855866596497 0.991718921866541 0.980510630879895 0.959463537531385 0.924292069829058 0.870911096456656 0.796505292377609 0.700821295969133 0.587314027897617 
