0 0 0 0 0 0 0 0 0 0 0 0 0 0 0 0 0 0 0 0 0 0 0 0 0 0 0 0 0 0 0 0 0 0 0 0 0 0 0 0 0 0 0 0 0 0 0 0 0 0 0 0 0 0 0 0 0 0 0 0 0 0 0 0 0 0 0 0 0 0 0 0 0 0 0 0 0 0 0 0 0 0 0 0 0 0 0 0 0 0 0 0 0 0 0 0 0 0 0 0 0 
0 0 0 0 0 0 0 0 0 0 0 0 0 0 0 0 0 0 0 0 0 0 0 0 0 0 0 0 0 0 0 0 0 0 0 0 0 0 0 0 0 0 0 0 0 0 0 0 0 0 0 0 0 0 0 0 0 0 0 0 0 0 0 0 0 0 0 0 0 0 0 0 0 0 0 0 0 0 0 0 0 0 0 0 0 0 0 0 0 0 0 0 0 0 0 0 0 0 0 0 0 
0 0 0 0 0 0 0 0 0 0 0 0 0 0 0 0 0 0 0 0 0 0 0 0 0 0 0 0 0 0 0 0 0 0 0 0 0 0 0 0 0 0 0 0 0 0 0 0 0 0 0 0 0 0 0 0 0 0 0 0 0 0 0 0 0 0 0 0 0 0 0 0 0 0 0 0 0 0 0 0 0 0 0 0 0 0 0 0 0 0 0 0 0 0 0 0 0 0 0 0 0 
0 0 0 0 0 0 0 0 0 0 0 0 0 0 0 0 0 0 0 0 0 0 0 0 0 0 0 0 0 0 0 0 0 0 0 0 0 0 0 0 0 0 0 0 0 0 0 0 0 0 0 0 0 0 0 0 0 0 0 0 0 0 0 0 0 0 0 0 0 0 0 0 0 0 0 0 0 0 0 0 0 0 0 0 0 0 0 0 0 0 0 0 0 0 0 0 0 0 0 0 0 
0 0 0 0 0 0 0 0 0 0 0 0 0 0 0 0 0 0 0 0 0 0 0 0 0 0 0 0 0 0 0 0 0 0 0 0 0 0 0 0 0 0 0 0 0 0 0 0 0 0 0 0 0 0 0 0 0 0 0 0 0 0 0 0 0 0 0 0 0 0 0 0 0 0 0 0 0 0 0 0 0 0 0 0 0 0 0 0 0 0 0 0 0 0 0 0 0 0 0 0 0 
0 0 0 0 0 0 0 0 0 0 0 0 0 0 0 0 0 0 0 0 0 0 0 0 0 0 0 0 0 0 0 0 0 0 0 0 0 0 0 0 0 0 0 0 0 0 0 0 0 0 0 0 0 0 0 0 0 0 0 0 0 0 0 0 0 0 0 0 0 0 0 0 0 0 0 0 0 0 0 0 0 0 0 0 0 0 0 0 0 0 0 0 0 0 0 0 0 0 0 0 0 
0 0 0 0 0 0 0 0 0 0 0 0 0 0 0 0 0 0 0 0 0 0 0 0 0 0 0 0 0 0 0 0 0 0 0 0 0 0 0 0 0 0 0 0 0 0 0 0 0 0 0 0 0 0 0 0 0 0 0 0 0 0 0 0 0 0 0 0 0 0 0 0 0 0 0 0 0 0 0 0 0 0 0 0 0 0 0 0 0 0 0 0 0 0 0 0 0 0 0 0 0 
0 0 0 0 0 0 0 0 0 0 0 0 0 0 0 0 0 0 0 0 0 0 0 0 0 0 0 0 0 0 0 0 0 0 0 0 0 0 0 0 0 0 0 0 0 0 0 0 0 0 0 0 0 0 0 0 0 0 0 0 0 0 0 0 0 0 0 0 0 0 0 0 0 0 0 0 0 0 0 0 0 0 0 0 0 0 0 0 0 0 0 0 0 0 0 0 0 0 0 0 0 
0 0 0 0 0 0 0 0 0 0 0 0 0 0 0 0 0 0 0 0 0 0 0 0 0 0 0 0 0 0 0 0 0 0 0 0 0 0 0 0 0 0 0 0 0 0 0 0 0 0 0 0 0 0 0 0 0 0 0 0 0 0 0 0 0 0 0 0 0 0 0 0 0 0 0 0 0 0 0 0 0 0 0 0 0 0 0 0 0 0 0 0 0 0 0 0 0 0 0 0 0 
0 0 0 0 0 0 0 0 0 0 0 0 0 0 0 0 0 0 0 0 0 0 0 0 0 0 0 0 0 0 0 0 0 0 0 0 0 0 0 0 0 0 0 0 0 0 0 0 0 0 0 0 0 0 0 0 0 0 0 0 0 0 0 0 0 0 0 0 0 0 0 0 0 0 0 0 0 0 0 0 0 0 0 0 0 0 0 0 0 0 0 0 0 0 0 0 0 0 0 0 0 
0 0 0 0 0 0 0 0 0 0 0 0 0 0 0 0 0 0 0 0 0 0 0 0 0 0 0 0 0 0 0 0 0 0 0 0 0 0 0 0 0 0 0 0 0 0 0 0 0 0 0 0 0 0 0 0 0 0 0 0 0 0 0 0 0 0 0 0 0 0 0 0 0 0 0 0 0 0 0 0 0 0 0 0 0 0 0 0 0 0 0 0 0 0 0 0 0 0 0 0 0 
0 0 0 0 0 0 0 0 0 0 0 0 0 0 0 0 0 0 0 0 0 0 0 0 0 0 0 0 0 0 0 0 0 0 0 0 0 0 0 0 0 0 0 0 0 0 0 0 0 0 0 0 0 0 0 0 0 0 0 0 0 0 0 0 0 0 0 0 0 0 0 0 0 0 0 0 0 0 0 0 0 0 0 0 0 0 0 0 0 0 0 0 0 0 0 0 0 0 0 0 0 
0 0 0 0 0 0 0 0 0 0 0 0 0 0 0 0 0 0 0 0 0 0 0 0 0 0 0 0 0 0 0 0 0 0 0 0 0 0 0 0 0 0 0 0 0 0 0 0 0 0 0 0 0 0 0 0 0 0 0 0 0 0 0 0 0 0 0 0 0 0 0 0 0 0 0 0 0 0 0 0 0 0 0 0 0 0 0 0 0 0 0 0 0 0 0 0 0 0 0 0 0 
0 0 0 0 0 0 0 0 0 0 0 0 0 0 0 0 0 0 0 0 0 0 0 0 0 0 0 0 0 0 0 0 0 0 0 0 0 0 0 0 0 0 0 0 0 0 0 0 0 0 0 0 0 0 0 0 0 0 0 0 0 0 0 0 0 0 0 0 0 0 0 0 0 0 0 0 0 0 0 0 0 0 0 0 0 0 0 0 0 0 0 0 0 0 0 0 0 0 0 0 0 
0 0 0 0 0 0 0 0 0 0 0 0 0 0 0 0 0 0 0 0 0 0 0 0 0 0 0 0 0 0 0 0 0 0 0 0 0 0 0 0 0 0 0 0 0 0 0 0 0 0 0 0 0 0 0 0 0 0 0 0 0 0 0 0 0 0 0 0 0 0 0 0 0 0 0 0 0 0 0 0 0 0 0 0 0 0 0 0 0 0 0 0 0 0 0 0 0 0 0 0 0 
0 0 0 0 0 0 0 0 0 0 0 0 0 0 0 0 0 0 0 0 0 0 0 0 0 0 0 0 0 0 0 0 0 0 0 0 0 0 0 0 0 0 0 0 0 0 0 0 0 0 0 0 0 0 0 0 0 0 0 0 0 0 0 0 0 0 0 0 0 0 0 0 0 0 0 0 0 0 0 0 0 0 0 0 0 0 0 0 0 0 0 0 0 0 0 0 0 0 0 0 0 
0 0 0 0 0 0 0 0 0 0 0 0 0 0 0 0 0 0 0 0 0 0 0 0 0 0 0 0 0 0 0 0 0 0 0 0 0 0 0 0 0 0 0 0 0 0 0 0 0 0 0 0 0 0 0 0 0 0 0 0 0 0 0 0 0 0 0 0 0 0 0 0 0 0 0 0 0 0 0 0 0 0 0 0 0 0 0 0 0 0 0 0 0 0 0 0 0 0 0 0 0 
0 0 0 0 0 0 0 0 0 0 0 0 0 0 0 0 0 0 0 0 0 0 0 0 0 0 0 0 0 0 0 0 0 0 0 0 0 0 0 0 0 0 0 0 0 0 0 0 0 0 0 0 0 0 0 0 0 0 0 0 0 0 0 0 0 0 0 0 0 0 0 0 0 0 0 0 0 0 0 0 0 0 0 0 0 0 0 0 0 0 0 0 0 0 0 0 0 0 0 0 0 
0 0 0 0 0 0 0 0 0 0 0 0 0 0 0 0 0 0 0 0 0 0 0 0 0 0 0 0 0 0 0 0 0 0 0 0 0 0 0 0 0 0 0 0 0 0 0 0 0 0 0 0 0 0 0 0 0 0 0 0 0 0 0 0 0 0 0 0 0 0 0 0 0 0 0 0 0 0 0 0 0 0 0 0 0 0 0 0 0 0 0.110080880969932 0.117556033730823 0.120132386710025 0.117556033730823 0.110080880969932 0 0 0 0 0 0 
0 0 0 0 0 0 0 0 0 0 0 0 0 0 0 0 0 0 0 0 0 0 0 0 0 0 0 0 0 0 0 0 0 0 0 0 0 0 0 0 0 0 0 0 0 0 0 0 0 0 0 0 0 0 0 0 0 0 0 0 0 0 0 0 0 0 0 0 0 0 0 0 0 0 0 0 0 0 0 0 0 0 0 0 0 0 0 0.125414203250862 0.151378689599261 0.174156622341455 0.19186019599356 0.203065827506706 0.206898973949258 0.203065827506706 0.19186019599356 0.174156622341455 0.151378689599261 0.125414203250862 0 0 0 
0.115479782278664 0.113544860001355 0.107889799785105 0 0 0 0 0 0 0 0 0 0 0 0 0 0 0 0 0 0 0 0 0 0 0 0 0 0 0 0 0 0 0 0 0 0 0 0 0 0 0 0 0 0 0 0 0 0 0 0 0 0 0 0 0 0 0 0 0 0 0 0 0 0 0 0 0 0 0 0 0 0 0 0 0 0 0 0 0 0 0 0 0 0 0.128120363112805 0.167412019825651 0.206898973949258 0.243610281592228 0.274907029217263 0.298704272491057 0.313544953795974 0.318583623232847 0.313544953795974 0.298704272491057 0.274907029217263 0.243610281592228 0.206898973949258 0.167412019825651 0.128120363112805 0 
0.188715758588373 0.185933053419941 0.177758445553988 0.16470777999003 0.147621600389167 0.127625074567755 0.106054101695078 0 0 0 0 0 0 0 0 0 0 0 0 0 0 0 0 0 0 0 0 0 0 0 0 0 0 0 0 0 0 0 0 0 0 0 0 0 0 0 0 0 0 0 0 0 0 0 0 0 0 0 0 0 0 0 0 0 0 0 0 0 0 0 0 0 0 0 0 0 0 0 0 0 0 0 0 0.105305318414363 0.151378689599261 0.203065827506706 0.256731355278157 0.308551931692217 0.355097213752874 0.393661802129732 0.422346315289189 0.439967905193794 0.445905261553246 0.439967905193794 0.422346315289189 0.393661802129732 0.355097213752874 0.308551931692217 0.256731355278157 0.203065827506706 0.151378689599261 
0.282135804220942 0.278507137146449 0.267792892163054 0.250513637100862 0.227549040045965 0.200137435111711 0.169842508614146 0.138465297424312 0.107889799785105 0 0 0 0 0 0 0 0 0 0 0 0 0 0 0 0 0 0 0 0 0 0 0 0 0 0 0 0 0 0 0 0 0 0 0 0 0 0 0 0 0 0 0 0 0 0 0 0 0 0 0 0 0 0 0 0 0 0 0 0 0 0 0 0 0 0 0 0 0 0 0 0 0 0.110080880969932 0.164111148969758 0.226802104064376 0.293850304695931 0.360485317728838 0.422346315289189 0.476027324028859 0.519235617952595 0.550654124888253 0.569655869346852 0.576007282315115 0.569655869346852 0.550654124888253 0.519235617952595 0.476027324028859 0.422346315289189 0.360485317728838 0.293850304695931 0.226802104064376 
0.390332050983359 0.385997783181343 0.3731341006485 0.352175892647493 0.323899709456893 0.28947837235437 0.250513637100862 0.20901047206807 0.16726095023291 0.127625074567755 0 0 0 0 0 0 0 0 0 0 0 0 0 0 0 0 0 0 0 0 0 0 0 0 0 0 0 0 0 0 0 0 0 0 0 0 0 0 0 0 0 0 0 0 0 0 0 0 0 0 0 0 0 0 0 0 0 0 0 0 0 0 0 0 0 0 0 0 0 0 0 0.105305318414363 0.164111148969758 0.235107874534642 0.313544953795974 0.393661802129732 0.469948052066643 0.538042858999982 0.59509552005819 0.639656266744516 0.671288506280403 0.690099590672575 0.696332705725389 0.690099590672575 0.671288506280403 0.639656266744516 0.59509552005819 0.538042858999982 0.469948052066643 0.393661802129732 0.313544953795974 
0.505092622635536 0.50030733875292 0.486029642625596 0.462523386179432 0.430319859247568 0.390332050983359 0.343967355123744 0.293192033935213 0.240495773138733 0.188715758588373 0.14071360824222 0 0 0 0 0 0 0 0 0 0 0 0 0 0 0 0 0 0 0 0 0 0 0 0 0 0 0 0 0 0 0 0 0 0 0 0 0 0 0 0 0 0 0 0 0 0 0 0 0 0 0 0 0 0 0 0 0 0 0 0 0 0 0 0 0 0 0 0 0 0 0.151378689599261 0.226802104064376 0.313544953795974 0.405028135551773 0.494413681560494 0.576007282315115 0.646003689406503 0.70254460558656 0.745301623766704 0.774857596741818 0.792101469648579 0.797758239105781 0.792101469648579 0.774857596741818 0.745301623766704 0.70254460558656 0.646003689406503 0.576007282315115 0.494413681560494 0.405028135551773 
0.61739078876591 0.61246887734647 0.597701027205496 0.573119383221029 0.53890102197955 0.49553474554234 0.444012776255668 0.385997783181343 0.323899709456893 0.260794126686741 0.200137435111711 0.145291625545559 0 0 0 0 0 0 0 0 0 0 0 0 0 0 0 0 0 0 0 0 0 0 0 0 0 0 0 0 0 0 0 0 0 0 0 0 0 0 0 0 0 0 0 0 0 0 0 0 0 0 0 0 0 0 0 0 0 0 0 0 0 0 0 0 0 0 0 0 0.128120363112805 0.203065827506706 0.293850304695931 0.393661802129732 0.494413681560494 0.588728454041014 0.671288506280403 0.739282385543279 0.792101469648579 0.830630684626376 0.856454346864764 0.871178188473277 0.875948869756177 0.871178188473277 0.856454346864764 0.830630684626376 0.792101469648579 0.739282385543279 0.671288506280403 0.588728454041014 0.494413681560494 
0.719365757953774 0.714618823529223 0.700288286247301 0.676148379535333 0.641965366627627 0.597701027205496 0.543768791739287 0.481298120038558 0.41233678300777 0.339901525219179 0.267792892163054 0.200137435111711 0.14071360824222 0 0 0 0 0 0 0 0 0 0 0 0 0 0 0 0 0 0 0 0 0 0 0 0 0 0 0 0 0 0 0 0 0 0 0 0 0 0 0 0 0 0 0 0 0 0 0 0 0 0 0 0 0 0 0 0 0 0 0 0 0 0 0 0 0 0 0 0.167412019825651 0.256731355278157 0.360485317728838 0.469948052066643 0.576007282315115 0.671288506280403 0.751286978828872 0.814432787441337 0.861429468135161 0.894307071347273 0.915521348605088 0.927262271745589 0.93100382538046 0.927262271745589 0.915521348605088 0.894307071347273 0.861429468135161 0.814432787441337 0.751286978828872 0.671288506280403 0.576007282315115 
0.805646896522099 0.801332984536098 0.78821773554638 0.765824589418694 0.733506607754106 0.690667073107562 0.637057346605781 0.573119383221029 0.50030733875292 0.421287869073183 0.339901525219179 0.260794126686741 0.188715758588373 0.127625074567755 0 0 0 0 0 0 0 0 0 0 0 0 0 0 0 0 0 0 0.104414232687483 0.122500346009132 0.138146313254769 0.15020501740057 0.157802808411957 0.160396673849307 0.157802808411957 0.15020501740057 0.138146313254769 0.122500346009132 0.104414232687483 0 0 0 0 0 0 0 0 0 0 0 0 0 0 0 0 0 0 0 0 0 0 0 0 0 0 0 0 0 0 0 0 0 0 0 0 0.125414203250862 0.206898973949258 0.308551931692217 0.422346315289189 0.538042858999982 0.646003689406503 0.739282385543279 0.814432787441337 0.871178188473277 0.911439702157671 0.938221700746449 0.954667180405105 0.963396204640244 0.966110380310017 0.963396204640244 0.954667180405105 0.938221700746449 0.911439702157671 0.871178188473277 0.814432787441337 0.739282385543279 0.646003689406503 
0.873789098860756 0.870084183760165 0.858723938218869 0.839012686735215 0.809930674491263 0.77035322674266 0.719365757953774 0.656657865055335 0.582943533497212 0.50030733875292 0.41233678300777 0.323899709456893 0.240495773138733 0.16726095023291 0.107889799785105 0 0 0 0 0 0 0 0 0 0 0 0 0 0 0 0.114187040522402 0.142880037199683 0.171081827656088 0.196963691966266 0.218884003289759 0.235508295282422 0.245869537322945 0.249387546707287 0.245869537322945 0.235508295282422 0.218884003289759 0.196963691966266 0.171081827656088 0.142880037199683 0.114187040522402 0 0 0 0 0 0 0 0 0 0 0 0 0 0 0 0 0 0 0 0 0 0 0 0 0 0 0 0 0 0 0 0 0 0 0.151378689599261 0.243610281592228 0.355097213752874 0.476027324028859 0.59509552005819 0.70254460558656 0.792101469648579 0.861429468135161 0.911439702157671 0.945078372101069 0.966110380310017 0.978176261192094 0.984184154270883 0.985977390300901 0.984184154270883 0.978176261192094 0.966110380310017 0.945078372101069 0.911439702157671 0.861429468135161 0.792101469648579 0.70254460558656 
0.923960994667726 0.920952943626155 0.911627018092959 0.895113072496308 0.870084183760165 0.83496003632003 0.78821773554638 0.728810382455437 0.656657865055335 0.573119383221029 0.481298120038558 0.385997783181343 0.293192033935213 0.20901047206807 0.138465297424312 0 0 0 0 0 0 0 0 0 0 0 0 0 0.104414232687483 0.140498318567113 0.179424017477813 0.218884003289759 0.25651965189691 0.290183565392887 0.31810179371863 0.338937284468122 0.351782706489923 0.356120302220687 0.351782706489923 0.338937284468122 0.31810179371863 0.290183565392887 0.25651965189691 0.218884003289759 0.179424017477813 0.140498318567113 0.104414232687483 0 0 0 0 0 0 0 0 0 0 0 0 0 0 0 0 0 0 0 0 0 0 0 0 0 0 0 0 0 0 0 0 0.174156622341455 0.274907029217263 0.393661802129732 0.519235617952595 0.639656266744516 0.745301623766704 0.830630684626376 0.894307071347273 0.938221700746449 0.966110380310017 0.982285801050889 0.990720689913518 0.994498837364076 0.995541724446256 0.994498837364076 0.990720689913518 0.982285801050889 0.966110380310017 0.938221700746449 0.894307071347273 0.830630684626376 0.745301623766704 
0.95820997833741 0.955908717770914 0.94866299864829 0.935475303610106 0.914785380723097 0.884649031163408 0.843029469383269 0.78821773554638 0.719365757953774 0.637057346605781 0.543768791739287 0.444012776255668 0.343967355123744 0.250513637100862 0.169842508614146 0.106054101695078 0 0 0 0 0 0 0 0 0 0 0 0.116223524466467 0.160396673849307 0.209296475736806 0.260133618342505 0.30997382981019 0.356120302220687 0.396354664594577 0.429024736817683 0.453012932125387 0.467639043476522 0.472550273284979 0.467639043476522 0.453012932125387 0.429024736817683 0.396354664594577 0.356120302220687 0.30997382981019 0.260133618342505 0.209296475736806 0.160396673849307 0.116223524466467 0 0 0 0 0 0 0 0 0 0 0 0 0 0 0 0 0 0 0 0 0 0 0 0 0 0 0 0 0 0 0.110080880969932 0.19186019599356 0.298704272491057 0.422346315289189 0.550654124888253 0.671288506280403 0.774857596741818 0.856454346864764 0.915521348605088 0.954667180405105 0.978176261192094 0.990720689913518 0.996475760916957 0.998621863065444 0.999117773430165 0.998621863065444 0.996475760916957 0.990720689913518 0.978176261192094 0.954667180405105 0.915521348605088 0.856454346864764 0.774857596741818 
0.979623872870433 0.977979618199273 0.972678855123866 0.962638866731512 0.946135319002855 0.920952943626155 0.884649031163408 0.83496003632003 0.77035322674266 0.690667073107562 0.597701027205496 0.49553474554234 0.390332050983359 0.28947837235437 0.200137435111711 0.127625074567755 0 0 0 0 0 0 0 0 0 0 0.120379986521733 0.171081827656088 0.228761815026476 0.290183565392887 0.351782706489923 0.410217823497029 0.462745398320155 0.507375641403699 0.542840976714897 0.56844692998418 0.583879880290187 0.589031570730014 0.583879880290187 0.56844692998418 0.542840976714897 0.507375641403699 0.462745398320155 0.410217823497029 0.351782706489923 0.290183565392887 0.228761815026476 0.171081827656088 0.120379986521733 0 0 0 0 0 0 0 0 0 0 0 0 0 0 0 0 0 0 0 0 0 0 0 0 0 0 0 0 0 0.117556033730823 0.203065827506706 0.313544953795974 0.439967905193794 0.569655869346852 0.690099590672575 0.792101469648579 0.871178188473277 0.927262271745589 0.963396204640244 0.984184154270883 0.994498837364076 0.998621863065444 0.999779370352118 0.999944838023932 0.999779370352118 0.998621863065444 0.994498837364076 0.984184154270883 0.963396204640244 0.927262271745589 0.871178188473277 0.792101469648579 
0.991603186948076 0.990525927981989 0.986911001951008 0.979623872870433 0.96683342346147 0.946135319002855 0.914785380723097 0.870084183760165 0.809930674491263 0.733506607754106 0.641965366627627 0.53890102197955 0.430319859247568 0.323899709456893 0.227549040045965 0.147621600389167 0 0 0 0 0 0 0 0 0 0.116223524466467 0.171081827656088 0.235508295282422 0.305954880410522 0.378213454956085 0.448175122707347 0.512407727916729 0.56844692998418 0.614812783019591 0.650833867361082 0.676379566235135 0.691585506795639 0.696629003925155 0.691585506795639 0.676379566235135 0.650833867361082 0.614812783019591 0.56844692998418 0.512407727916729 0.448175122707347 0.378213454956085 0.305954880410522 0.235508295282422 0.171081827656088 0.116223524466467 0 0 0 0 0 0 0 0 0 0 0 0 0 0 0 0 0 0 0 0 0 0 0 0 0 0 0 0 0.120132386710025 0.206898973949258 0.318583623232847 0.445905261553246 0.576007282315115 0.696332705725389 0.797758239105781 0.875948869756177 0.93100382538046 0.966110380310017 0.985977390300901 0.995541724446256 0.999117773430165 0.999944838023932 1 0.999944838023932 0.999117773430165 0.995541724446256 0.985977390300901 0.966110380310017 0.93100382538046 0.875948869756177 0.797758239105781 
0.997335534695633 0.996711565314985 0.994448852514752 0.989384659420925 0.979623872870433 0.962638866731512 0.935475303610106 0.895113072496308 0.839012686735215 0.765824589418694 0.676148379535333 0.573119383221029 0.462523386179432 0.352175892647493 0.250513637100862 0.16470777999003 0 0 0 0 0 0 0 0 0.104414232687483 0.160396673849307 0.228761815026476 0.305954880410522 0.387233813910942 0.467639043476522 0.542840976714897 0.609655961399706 0.666187598955666 0.711672460764708 0.746158786226335 0.770138121786953 0.784213372567573 0.788847981145606 0.784213372567573 0.770138121786953 0.746158786226335 0.711672460764708 0.666187598955666 0.609655961399706 0.542840976714897 0.467639043476522 0.387233813910942 0.305954880410522 0.228761815026476 0.160396673849307 0.104414232687483 0 0 0 0 0 0 0 0 0 0 0 0 0 0 0 0 0 0 0 0 0 0 0 0 0 0 0 0.117556033730823 0.203065827506706 0.313544953795974 0.439967905193794 0.569655869346852 0.690099590672575 0.792101469648579 0.871178188473277 0.927262271745589 0.963396204640244 0.984184154270883 0.994498837364076 0.998621863065444 0.999779370352118 0.999944838023932 0.999779370352118 0.998621863065444 0.994498837364076 0.984184154270883 0.963396204640244 0.927262271745589 0.871178188473277 0.792101469648579 
0.999473122293766 0.999176875585624 0.9978941541908 0.994448852514752 0.986911001951008 0.972678855123866 0.94866299864829 0.911627018092959 0.858723938218869 0.78821773554638 0.700288286247301 0.597701027205496 0.486029642625596 0.3731341006485 0.267792892163054 0.177758445553988 0.107889799785105 0 0 0 0 0 0 0 0.140498318567113 0.209296475736806 0.290183565392887 0.378213454956085 0.467639043476522 0.553061902352397 0.630272969598577 0.696629003925155 0.751002753824508 0.793452610653627 0.824775073546704 0.846065366649882 0.858357400416313 0.86236959462745 0.858357400416313 0.846065366649882 0.824775073546704 0.793452610653627 0.751002753824508 0.696629003925155 0.630272969598577 0.553061902352397 0.467639043476522 0.378213454956085 0.290183565392887 0.209296475736806 0.140498318567113 0 0 0 0 0 0 0 0 0 0 0 0 0 0 0 0 0 0 0 0 0 0 0 0 0 0 0 0.110080880969932 0.19186019599356 0.298704272491057 0.422346315289189 0.550654124888253 0.671288506280403 0.774857596741818 0.856454346864764 0.915521348605088 0.954667180405105 0.978176261192094 0.990720689913518 0.996475760916957 0.998621863065444 0.999117773430165 0.998621863065444 0.996475760916957 0.990720689913518 0.978176261192094 0.954667180405105 0.915521348605088 0.856454346864764 0.774857596741818 
0.999967062007776 0.999868254540429 0.999176875585624 0.996711565314985 0.990525927981989 0.977979618199273 0.955908717770914 0.920952943626155 0.870084183760165 0.801332984536098 0.714618823529223 0.61246887734647 0.50030733875292 0.385997783181343 0.278507137146449 0.185933053419941 0.113544860001355 0 0 0 0 0 0 0.114187040522402 0.179424017477813 0.260133618342505 0.351782706489923 0.448175122707347 0.542840976714897 0.630272969598577 0.706673312887989 0.770138121786953 0.820403774867462 0.858357400416313 0.885494202575771 0.903439627393044 0.91358800332705 0.916863476178001 0.91358800332705 0.903439627393044 0.885494202575771 0.858357400416313 0.820403774867462 0.770138121786953 0.706673312887989 0.630272969598577 0.542840976714897 0.448175122707347 0.351782706489923 0.260133618342505 0.179424017477813 0.114187040522402 0 0 0 0 0 0 0 0 0 0 0 0 0 0 0 0 0 0 0 0 0 0 0 0 0 0 0 0.174156622341455 0.274907029217263 0.393661802129732 0.519235617952595 0.639656266744516 0.745301623766704 0.830630684626376 0.894307071347273 0.938221700746449 0.966110380310017 0.982285801050889 0.990720689913518 0.994498837364076 0.995541724446256 0.994498837364076 0.990720689913518 0.982285801050889 0.966110380310017 0.938221700746449 0.894307071347273 0.830630684626376 0.745301623766704 
1 0.999967062007776 0.999473122293766 0.997335534695633 0.991603186948076 0.979623872870433 0.95820997833741 0.923960994667726 0.873789098860756 0.805646896522099 0.719365757953774 0.61739078876591 0.505092622635536 0.390332050983359 0.282135804220942 0.188715758588373 0.115479782278664 0 0 0 0 0 0 0.142880037199683 0.218884003289759 0.30997382981019 0.410217823497029 0.512407727916729 0.609655961399706 0.696629003925155 0.770138121786953 0.829109716325087 0.874139766300504 0.906875396615834 0.92941101300603 0.94380059837805 0.951714996072475 0.954229857097688 0.951714996072475 0.94380059837805 0.92941101300603 0.906875396615834 0.874139766300504 0.829109716325087 0.770138121786953 0.696629003925155 0.609655961399706 0.512407727916729 0.410217823497029 0.30997382981019 0.218884003289759 0.142880037199683 0 0 0 0 0 0 0 0 0 0 0 0 0 0 0 0 0 0.100692484575402 0 0 0 0 0 0 0 0 0 0.151378689599261 0.243610281592228 0.355097213752874 0.476027324028859 0.59509552005819 0.70254460558656 0.792101469648579 0.861429468135161 0.911439702157671 0.945078372101069 0.966110380310017 0.978176261192094 0.984184154270883 0.985977390300901 0.984184154270883 0.978176261192094 0.966110380310017 0.945078372101069 0.911439702157671 0.861429468135161 0.792101469648579 0.70254460558656 
0.999967062007776 0.999868254540429 0.999176875585624 0.996711565314985 0.990525927981989 0.977979618199273 0.955908717770914 0.920952943626155 0.870084183760165 0.801332984536098 0.714618823529223 0.61246887734647 0.50030733875292 0.385997783181343 0.278507137146449 0.185933053419941 0.113544860001355 0 0 0 0 0 0.104414232687483 0.171081827656088 0.25651965189691 0.356120302220687 0.462745398320155 0.56844692998418 0.666187598955666 0.751002753824508 0.820403774867462 0.874139766300504 0.91358800332705 0.941041033391122 0.959071486423003 0.970055160883945 0.97585862499548 0.977659437658666 0.97585862499548 0.970055160883945 0.959071486423003 0.941041033391122 0.91358800332705 0.874139766300504 0.820403774867462 0.751002753824508 0.666187598955666 0.56844692998418 0.462745398320155 0.356120302220687 0.25651965189691 0.171081827656088 0.104414232687483 0 0 0 0 0 0 0 0 0 0 0 0 0.125190663414 0.153969574170007 0.177311905213896 0.192471198362885 0.197719443104673 0.192471198362885 0.177311905213896 0.153969574170007 0.125190663414 0 0 0 0 0 0.125414203250862 0.206898973949258 0.308551931692217 0.422346315289189 0.538042858999982 0.646003689406503 0.739282385543279 0.814432787441337 0.871178188473277 0.911439702157671 0.938221700746449 0.954667180405105 0.963396204640244 0.966110380310017 0.963396204640244 0.954667180405105 0.938221700746449 0.911439702157671 0.871178188473277 0.814432787441337 0.739282385543279 0.646003689406503 
0.999473122293766 0.999176875585624 0.9978941541908 0.994448852514752 0.986911001951008 0.972678855123866 0.94866299864829 0.911627018092959 0.858723938218869 0.78821773554638 0.700288286247301 0.597701027205496 0.486029642625596 0.3731341006485 0.267792892163054 0.177758445553988 0.107889799785105 0 0 0 0 0 0.122500346009132 0.196963691966266 0.290183565392887 0.396354664594577 0.507375641403699 0.614812783019591 0.711672460764708 0.793452610653627 0.858357400416313 0.906875396615834 0.941041033391122 0.963658949267768 0.977659437658666 0.985643953597886 0.989606968642054 0.990788232197615 0.989606968642054 0.985643953597886 0.977659437658666 0.963658949267768 0.941041033391122 0.906875396615834 0.858357400416313 0.793452610653627 0.711672460764708 0.614812783019591 0.507375641403699 0.396354664594577 0.290183565392887 0.196963691966266 0.122500346009132 0 0 0 0 0 0 0 0 0 0 0.129032167400704 0.177311905213896 0.225436948126087 0.268381339755955 0.301966205404137 0.323242173213885 0.330515821523994 0.323242173213885 0.301966205404137 0.268381339755955 0.225436948126087 0.177311905213896 0.129032167400704 0 0 0 0 0.167412019825651 0.256731355278157 0.360485317728838 0.469948052066643 0.576007282315115 0.671288506280403 0.751286978828872 0.814432787441337 0.861429468135161 0.894307071347273 0.915521348605088 0.927262271745589 0.93100382538046 0.927262271745589 0.915521348605088 0.894307071347273 0.861429468135161 0.814432787441337 0.751286978828872 0.671288506280403 0.576007282315115 
0.997335534695633 0.996711565314985 0.994448852514752 0.989384659420925 0.979623872870433 0.962638866731512 0.935475303610106 0.895113072496308 0.839012686735215 0.765824589418694 0.676148379535333 0.573119383221029 0.462523386179432 0.352175892647493 0.250513637100862 0.16470777999003 0 0 0 0 0 0 0.138146313254769 0.218884003289759 0.31810179371863 0.429024736817683 0.542840976714897 0.650833867361082 0.746158786226335 0.824775073546704 0.885494202575771 0.92941101300603 0.959071486423003 0.977659437658666 0.988355652294795 0.99390923574253 0.996391503473435 0.99707611439146 0.996391503473435 0.99390923574253 0.988355652294795 0.977659437658666 0.959071486423003 0.92941101300603 0.885494202575771 0.824775073546704 0.746158786226335 0.650833867361082 0.542840976714897 0.429024736817683 0.31810179371863 0.218884003289759 0.138146313254769 0 0 0 0 0 0 0 0 0 0.153969574170007 0.21969606384552 0.288246747940293 0.352864518829096 0.407892505183624 0.449382755873488 0.475012317422744 0.4836620781975 0.475012317422744 0.449382755873488 0.407892505183624 0.352864518829096 0.288246747940293 0.21969606384552 0.153969574170007 0 0 0 0.128120363112805 0.203065827506706 0.293850304695931 0.393661802129732 0.494413681560494 0.588728454041014 0.671288506280403 0.739282385543279 0.792101469648579 0.830630684626376 0.856454346864764 0.871178188473277 0.875948869756177 0.871178188473277 0.856454346864764 0.830630684626376 0.792101469648579 0.739282385543279 0.671288506280403 0.588728454041014 0.494413681560494 
0.991603186948076 0.990525927981989 0.986911001951008 0.979623872870433 0.96683342346147 0.946135319002855 0.914785380723097 0.870084183760165 0.809930674491263 0.733506607754106 0.641965366627627 0.53890102197955 0.430319859247568 0.323899709456893 0.227549040045965 0.147621600389167 0 0 0 0 0 0 0.15020501740057 0.235508295282422 0.338937284468122 0.453012932125387 0.56844692998418 0.676379566235135 0.770138121786953 0.846065366649882 0.903439627393044 0.94380059837805 0.970055160883945 0.985643953597886 0.99390923574253 0.99768905971623 0.999096652550435 0.999421763586342 0.999096652550435 0.99768905971623 0.99390923574253 0.985643953597886 0.970055160883945 0.94380059837805 0.903439627393044 0.846065366649882 0.770138121786953 0.676379566235135 0.56844692998418 0.453012932125387 0.338937284468122 0.235508295282422 0.15020501740057 0 0 0 0 0 0 0 0 0.163021388703181 0.243252094649978 0.330515821523994 0.416056378124638 0.492360316662318 0.554341703344906 0.599341703750742 0.62641006488962 0.635420390446752 0.62641006488962 0.599341703750742 0.554341703344906 0.492360316662318 0.416056378124638 0.330515821523994 0.243252094649978 0.163021388703181 0 0 0 0.151378689599261 0.226802104064376 0.313544953795974 0.405028135551773 0.494413681560494 0.576007282315115 0.646003689406503 0.70254460558656 0.745301623766704 0.774857596741818 0.792101469648579 0.797758239105781 0.792101469648579 0.774857596741818 0.745301623766704 0.70254460558656 0.646003689406503 0.576007282315115 0.494413681560494 0.405028135551773 
0.979623872870433 0.977979618199273 0.972678855123866 0.962638866731512 0.946135319002855 0.920952943626155 0.884649031163408 0.83496003632003 0.77035322674266 0.690667073107562 0.597701027205496 0.49553474554234 0.390332050983359 0.28947837235437 0.200137435111711 0.127625074567755 0 0 0 0 0 0 0.157802808411957 0.245869537322945 0.351782706489923 0.467639043476522 0.583879880290187 0.691585506795639 0.784213372567573 0.858357400416313 0.91358800332705 0.951714996072475 0.97585862499548 0.989606968642054 0.996391503473435 0.999096652550435 0.999855409540007 0.999963850424861 0.999855409540007 0.999096652550435 0.996391503473435 0.989606968642054 0.97585862499548 0.951714996072475 0.91358800332705 0.858357400416313 0.784213372567573 0.691585506795639 0.583879880290187 0.467639043476522 0.351782706489923 0.245869537322945 0.157802808411957 0 0 0 0 0 0 0 0.153969574170007 0.243252094649978 0.345328355440562 0.449382755873488 0.545393148849829 0.62641006488962 0.689058785152317 0.732725159387735 0.758224936516815 0.766581016240933 0.758224936516815 0.732725159387735 0.689058785152317 0.62641006488962 0.545393148849829 0.449382755873488 0.345328355440562 0.243252094649978 0.153969574170007 0 0 0.105305318414363 0.164111148969758 0.235107874534642 0.313544953795974 0.393661802129732 0.469948052066643 0.538042858999982 0.59509552005819 0.639656266744516 0.671288506280403 0.690099590672575 0.696332705725389 0.690099590672575 0.671288506280403 0.639656266744516 0.59509552005819 0.538042858999982 0.469948052066643 0.393661802129732 0.313544953795974 
0.95820997833741 0.955908717770914 0.94866299864829 0.935475303610106 0.914785380723097 0.884649031163408 0.843029469383269 0.78821773554638 0.719365757953774 0.637057346605781 0.543768791739287 0.444012776255668 0.343967355123744 0.250513637100862 0.169842508614146 0.106054101695078 0 0 0 0 0 0 0.160396673849307 0.249387546707287 0.356120302220687 0.472550273284979 0.589031570730014 0.696629003925155 0.788847981145606 0.86236959462745 0.916863476178001 0.954229857097688 0.977659437658666 0.990788232197615 0.99707611439146 0.999421763586342 0.999963850424861 1 0.999963850424861 0.999421763586342 0.99707611439146 0.990788232197615 0.977659437658666 0.954229857097688 0.916863476178001 0.86236959462745 0.788847981145606 0.696629003925155 0.589031570730014 0.472550273284979 0.356120302220687 0.249387546707287 0.160396673849307 0 0 0 0 0 0 0.129032167400704 0.21969606384552 0.330515821523994 0.449382755873488 0.563312339004762 0.662355943303985 0.741292464496538 0.799164955770888 0.837665753786066 0.859364520450072 0.866337904026611 0.859364520450072 0.837665753786066 0.799164955770888 0.741292464496538 0.662355943303985 0.563312339004762 0.449382755873488 0.330515821523994 0.21969606384552 0.129032167400704 0 0 0.110080880969932 0.164111148969758 0.226802104064376 0.293850304695931 0.360485317728838 0.422346315289189 0.476027324028859 0.519235617952595 0.550654124888253 0.569655869346852 0.576007282315115 0.569655869346852 0.550654124888253 0.519235617952595 0.476027324028859 0.422346315289189 0.360485317728838 0.293850304695931 0.226802104064376 
0.923960994667726 0.920952943626155 0.911627018092959 0.895113072496308 0.870084183760165 0.83496003632003 0.78821773554638 0.728810382455437 0.656657865055335 0.573119383221029 0.481298120038558 0.385997783181343 0.293192033935213 0.20901047206807 0.138465297424312 0 0 0 0 0 0 0 0.157802808411957 0.245869537322945 0.351782706489923 0.467639043476522 0.583879880290187 0.691585506795639 0.784213372567573 0.858357400416313 0.91358800332705 0.951714996072475 0.97585862499548 0.989606968642054 0.996391503473435 0.999096652550435 0.999855409540007 0.999963850424861 0.999855409540007 0.999096652550435 0.996391503473435 0.989606968642054 0.97585862499548 0.951714996072475 0.91358800332705 0.858357400416313 0.784213372567573 0.691585506795639 0.583879880290187 0.467639043476522 0.351782706489923 0.245869537322945 0.157802808411957 0 0 0 0 0 0 0.177311905213896 0.288246747940293 0.416056378124638 0.545393148849829 0.662355943303985 0.758224936516815 0.830187553233752 0.879870231467196 0.911095850168918 0.927891927274027 0.93314582184722 0.927891927274027 0.911095850168918 0.879870231467196 0.830187553233752 0.758224936516815 0.662355943303985 0.545393148849829 0.416056378124638 0.288246747940293 0.177311905213896 0 0 0 0.105305318414363 0.151378689599261 0.203065827506706 0.256731355278157 0.308551931692217 0.355097213752874 0.393661802129732 0.422346315289189 0.439967905193794 0.445905261553246 0.439967905193794 0.422346315289189 0.393661802129732 0.355097213752874 0.308551931692217 0.256731355278157 0.203065827506706 0.151378689599261 
0.873789098860756 0.870084183760165 0.858723938218869 0.839012686735215 0.809930674491263 0.77035322674266 0.719365757953774 0.656657865055335 0.582943533497212 0.50030733875292 0.41233678300777 0.323899709456893 0.240495773138733 0.16726095023291 0.107889799785105 0 0 0 0 0 0 0 0.15020501740057 0.235508295282422 0.338937284468122 0.453012932125387 0.56844692998418 0.676379566235135 0.770138121786953 0.846065366649882 0.903439627393044 0.94380059837805 0.970055160883945 0.985643953597886 0.99390923574253 0.99768905971623 0.999096652550435 0.999421763586342 0.999096652550435 0.99768905971623 0.99390923574253 0.985643953597886 0.970055160883945 0.94380059837805 0.903439627393044 0.846065366649882 0.770138121786953 0.676379566235135 0.56844692998418 0.453012932125387 0.338937284468122 0.235508295282422 0.15020501740057 0 0 0 0 0 0.125190663414 0.225436948126087 0.352864518829096 0.492360316662318 0.62641006488962 0.741292464496538 0.830187553233752 0.892822829742286 0.93314582184722 0.956682192461664 0.968511219632588 0.972056081486504 0.968511219632588 0.956682192461664 0.93314582184722 0.892822829742286 0.830187553233752 0.741292464496538 0.62641006488962 0.492360316662318 0.352864518829096 0.225436948126087 0.125190663414 0 0 0 0 0.128120363112805 0.167412019825651 0.206898973949258 0.243610281592228 0.274907029217263 0.298704272491057 0.313544953795974 0.318583623232847 0.313544953795974 0.298704272491057 0.274907029217263 0.243610281592228 0.206898973949258 0.167412019825651 0.128120363112805 0 
0.805646896522099 0.801332984536098 0.78821773554638 0.765824589418694 0.733506607754106 0.690667073107562 0.637057346605781 0.573119383221029 0.50030733875292 0.421287869073183 0.339901525219179 0.260794126686741 0.188715758588373 0.127625074567755 0 0 0 0 0 0 0 0 0.138146313254769 0.218884003289759 0.31810179371863 0.429024736817683 0.542840976714897 0.650833867361082 0.746158786226335 0.824775073546704 0.885494202575771 0.92941101300603 0.959071486423003 0.977659437658666 0.988355652294795 0.99390923574253 0.996391503473435 0.99707611439146 0.996391503473435 0.99390923574253 0.988355652294795 0.977659437658666 0.959071486423003 0.92941101300603 0.885494202575771 0.824775073546704 0.746158786226335 0.650833867361082 0.542840976714897 0.429024736817683 0.31810179371863 0.218884003289759 0.138146313254769 0 0 0 0 0 0.153969574170007 0.268381339755955 0.407892505183624 0.554341703344906 0.689058785152317 0.799164955770888 0.879870231467196 0.93314582184722 0.964765642858517 0.981463942905692 0.98899005057738 0.991072572182266 0.98899005057738 0.981463942905692 0.964765642858517 0.93314582184722 0.879870231467196 0.799164955770888 0.689058785152317 0.554341703344906 0.407892505183624 0.268381339755955 0.153969574170007 0 0 0 0 0 0 0.125414203250862 0.151378689599261 0.174156622341455 0.19186019599356 0.203065827506706 0.206898973949258 0.203065827506706 0.19186019599356 0.174156622341455 0.151378689599261 0.125414203250862 0 0 0 
0.719365757953774 0.714618823529223 0.700288286247301 0.676148379535333 0.641965366627627 0.597701027205496 0.543768791739287 0.481298120038558 0.41233678300777 0.339901525219179 0.267792892163054 0.200137435111711 0.14071360824222 0 0 0 0 0 0 0 0 0 0.122500346009132 0.196963691966266 0.290183565392887 0.396354664594577 0.507375641403699 0.614812783019591 0.711672460764708 0.793452610653627 0.858357400416313 0.906875396615834 0.941041033391122 0.963658949267768 0.977659437658666 0.985643953597886 0.989606968642054 0.990788232197615 0.989606968642054 0.985643953597886 0.977659437658666 0.963658949267768 0.941041033391122 0.906875396615834 0.858357400416313 0.793452610653627 0.711672460764708 0.614812783019591 0.507375641403699 0.396354664594577 0.290183565392887 0.196963691966266 0.122500346009132 0 0 0 0 0 0.177311905213896 0.301966205404137 0.449382755873488 0.599341703750742 0.732725159387735 0.837665753786066 0.911095850168918 0.956682192461664 0.981463942905692 0.992939597787242 0.997236074820564 0.998230206735349 0.997236074820564 0.992939597787242 0.981463942905692 0.956682192461664 0.911095850168918 0.837665753786066 0.732725159387735 0.599341703750742 0.449382755873488 0.301966205404137 0.177311905213896 0 0 0 0 0 0 0 0 0 0.110080880969932 0.117556033730823 0.120132386710025 0.117556033730823 0.110080880969932 0 0 0 0 0 0 
0.61739078876591 0.61246887734647 0.597701027205496 0.573119383221029 0.53890102197955 0.49553474554234 0.444012776255668 0.385997783181343 0.323899709456893 0.260794126686741 0.200137435111711 0.145291625545559 0 0 0 0 0 0 0 0 0 0 0.104414232687483 0.171081827656088 0.25651965189691 0.356120302220687 0.462745398320155 0.56844692998418 0.666187598955666 0.751002753824508 0.820403774867462 0.874139766300504 0.91358800332705 0.941041033391122 0.959071486423003 0.970055160883945 0.97585862499548 0.977659437658666 0.97585862499548 0.970055160883945 0.959071486423003 0.941041033391122 0.91358800332705 0.874139766300504 0.820403774867462 0.751002753824508 0.666187598955666 0.56844692998418 0.462745398320155 0.356120302220687 0.25651965189691 0.171081827656088 0.104414232687483 0 0 0 0 0 0.192471198362885 0.323242173213885 0.475012317422744 0.62641006488962 0.758224936516815 0.859364520450072 0.927891927274027 0.968511219632588 0.98899005057738 0.997236074820564 0.99955725773955 0.999889296053199 0.99955725773955 0.997236074820564 0.98899005057738 0.968511219632588 0.927891927274027 0.859364520450072 0.758224936516815 0.62641006488962 0.475012317422744 0.323242173213885 0.192471198362885 0 0 0 0 0 0 0 0 0 0 0 0 0 0 0 0 0 0 0 0 
0.505092622635536 0.50030733875292 0.486029642625596 0.462523386179432 0.430319859247568 0.390332050983359 0.343967355123744 0.293192033935213 0.240495773138733 0.188715758588373 0.14071360824222 0 0 0 0 0 0 0 0 0 0 0 0 0.142880037199683 0.218884003289759 0.30997382981019 0.410217823497029 0.512407727916729 0.609655961399706 0.696629003925155 0.770138121786953 0.829109716325087 0.874139766300504 0.906875396615834 0.92941101300603 0.94380059837805 0.951714996072475 0.954229857097688 0.951714996072475 0.94380059837805 0.92941101300603 0.906875396615834 0.874139766300504 0.829109716325087 0.770138121786953 0.696629003925155 0.609655961399706 0.512407727916729 0.410217823497029 0.30997382981019 0.218884003289759 0.142880037199683 0 0 0 0 0 0.100692484575402 0.197719443104673 0.330515821523994 0.4836620781975 0.635420390446752 0.766581016240933 0.866337904026611 0.93314582184722 0.972056081486504 0.991072572182266 0.998230206735349 0.999889296053199 1 0.999889296053199 0.998230206735349 0.991072572182266 0.972056081486504 0.93314582184722 0.866337904026611 0.766581016240933 0.635420390446752 0.4836620781975 0.330515821523994 0.197719443104673 0.100692484575402 0 0 0 0 0 0 0 0 0 0 0 0 0 0 0 0 0 0 0 
0.390332050983359 0.385997783181343 0.3731341006485 0.352175892647493 0.323899709456893 0.28947837235437 0.250513637100862 0.20901047206807 0.16726095023291 0.127625074567755 0 0 0 0 0 0 0 0 0 0 0 0 0 0.114187040522402 0.179424017477813 0.260133618342505 0.351782706489923 0.448175122707347 0.542840976714897 0.630272969598577 0.706673312887989 0.770138121786953 0.820403774867462 0.858357400416313 0.885494202575771 0.903439627393044 0.91358800332705 0.916863476178001 0.91358800332705 0.903439627393044 0.885494202575771 0.858357400416313 0.820403774867462 0.770138121786953 0.706673312887989 0.630272969598577 0.542840976714897 0.448175122707347 0.351782706489923 0.260133618342505 0.179424017477813 0.114187040522402 0 0 0 0 0 0 0.192471198362885 0.323242173213885 0.475012317422744 0.62641006488962 0.758224936516815 0.859364520450072 0.927891927274027 0.968511219632588 0.98899005057738 0.997236074820564 0.99955725773955 0.999889296053199 0.99955725773955 0.997236074820564 0.98899005057738 0.968511219632588 0.927891927274027 0.859364520450072 0.758224936516815 0.62641006488962 0.475012317422744 0.323242173213885 0.192471198362885 0 0 0 0 0 0 0 0 0 0 0 0 0 0 0 0 0 0 0 0 
