0.979731293265429 0.982024778087707 0.979731293265429 0.991072572182266 0.998230206735349 0.999889296053199 1 0.999889296053199 0.998230206735349 0.991072572182266 0.972056081486504 0.93314582184722 0.866337904026611 0.766581016240933 0.635420390446752 0.4836620781975 0.330515821523994 0.197719443104673 0.100692484575402 0 0 0 0 0 0 0 0 0 0 0 0 0 0 0 0 0 0 0 0 0 0 0 0 0 0 0 0 0 0 0 0 0 0 0 0 0 0 0 0 0 0 0 0 0 0 0 0 0 0 0 0 0 0 0 0 0 0 0 0 0 0 0 0 0 0 0 0 0 0 0 0 0 0 0 0 0 0 0 0 0 0 
0.992939597787242 0.994277227520972 0.992939597787242 0.98899005057738 0.997236074820564 0.99955725773955 0.999889296053199 0.99955725773955 0.997236074820564 0.98899005057738 0.968511219632588 0.927891927274027 0.859364520450072 0.758224936516815 0.62641006488962 0.475012317422744 0.323242173213885 0.192471198362885 0 0 0 0 0 0 0 0 0 0 0 0 0 0 0 0 0 0 0 0 0 0 0 0 0 0 0 0 0 0 0 0 0 0 0 0 0 0 0 0 0 0 0 0 0 0 0 0 0 0 0 0 0 0 0 0 0 0 0 0 0 0 0 0 0 0 0 0 0 0 0 0 0 0 0 0 0 0 0 0 0 0 0 
0.998230206735349 0.998866971195051 0.998230206735349 0.995475581489367 0.992939597787242 0.997236074820564 0.998230206735349 0.997236074820564 0.992939597787242 0.981463942905692 0.956682192461664 0.911095850168918 0.837665753786066 0.732725159387735 0.599341703750742 0.449382755873488 0.301966205404137 0.177311905213896 0 0 0 0 0 0 0 0 0 0 0 0 0 0 0 0 0 0 0 0 0 0 0 0 0 0 0 0 0 0 0 0 0 0 0 0 0 0 0 0 0 0 0 0 0 0 0 0 0 0 0 0 0 0 0 0 0 0 0 0 0 0 0 0 0 0 0 0 0 0 0 0 0 0 0 0 0 0 0 0 0 0 0 
0.999716622367193 0.999929148062158 0.999716622367193 0.998230206735349 0.992939597787242 0.98899005057738 0.991072572182266 0.98899005057738 0.981463942905692 0.964765642858517 0.93314582184722 0.879870231467196 0.799164955770888 0.689058785152317 0.554341703344906 0.407892505183624 0.268381339755955 0.153969574170007 0 0 0 0 0 0 0 0 0 0 0 0 0 0 0 0 0 0 0 0 0 0 0 0 0 0 0 0 0 0 0 0 0 0 0 0 0 0 0 0 0 0 0 0 0 0 0 0 0 0 0 0 0 0 0 0 0 0 0 0 0 0 0 0 0 0 0 0 0 0 0 0 0 0 0 0 0 0 0 0 0 0 0 
0.999929148062158 1 0.999929148062158 0.998866971195051 0.994277227520972 0.982024778087707 0.972056081486504 0.968511219632588 0.956682192461664 0.93314582184722 0.892822829742286 0.830187553233752 0.741292464496538 0.62641006488962 0.492360316662318 0.352864518829096 0.225436948126087 0.125190663414 0 0 0 0 0 0 0 0 0 0 0 0 0 0 0 0 0 0 0 0 0 0 0 0 0 0 0 0 0 0 0 0 0 0 0 0 0 0 0 0 0 0 0 0 0 0 0 0 0 0 0 0 0 0 0 0 0 0 0 0 0 0 0 0 0 0 0 0 0 0 0 0 0 0 0 0 0 0 0 0 0 0 0 
0.999716622367193 0.999929148062158 0.999716622367193 0.998230206735349 0.992939597787242 0.979731293265429 0.953231386473442 0.927891927274027 0.911095850168918 0.879870231467196 0.830187553233752 0.758224936516815 0.662355943303985 0.545393148849829 0.416056378124638 0.288246747940293 0.177311905213896 0 0 0 0 0 0 0 0 0 0 0 0 0 0 0 0 0 0 0 0 0 0 0 0 0 0 0 0 0 0 0 0 0 0 0 0 0 0 0 0 0 0 0 0 0 0 0 0 0 0 0 0 0 0 0 0 0 0 0 0 0 0 0 0 0 0 0 0 0 0 0 0 0 0 0 0 0 0 0 0 0 0 0 0 
0.998230206735349 0.998866971195051 0.998230206735349 0.995475581489367 0.988097006136808 0.975397921274272 0.960009439242539 0.935197717999018 0.897834419877782 0.845024190708666 0.774857596741818 0.687288183098041 0.584909984288916 0.473288441843528 0.360485317728838 0.255621144923586 0.166748048259259 0 0 0 0 0 0 0 0 0 0 0 0 0 0 0 0 0 0 0 0 0 0 0 0 0 0 0 0 0 0 0 0 0 0 0 0 0 0 0 0 0 0 0 0 0 0 0 0 0 0 0 0 0 0 0 0 0 0 0 0 0 0 0 0 0 0 0 0 0 0 0 0 0 0 0 0 0 0 0 0 0 0 0 0 
0.993287032356217 0.996022369116245 0.996776899590975 0.996022369116245 0.993287032356217 0.98716979479818 0.975397921274272 0.954972146605145 0.92246333913879 0.874525059483075 0.808648748418409 0.724096521486238 0.622803198030451 0.509890085097244 0.393379544174952 0.282864955257186 0.187320781306818 0.112777919212327 0 0 0 0 0 0 0 0 0 0 0 0 0 0 0 0 0 0 0 0 0 0 0 0 0 0 0 0 0 0 0 0 0 0 0 0 0 0 0 0 0 0 0 0 0 0 0 0 0 0 0 0 0 0 0 0 0 0 0 0 0 0 0 0 0 0 0 0 0 0 0 0 0 0 0 0 0 0 0 0 0 0 0 
0.997452490297822 0.99900410555794 0.999362513249446 0.99900410555794 0.997452490297822 0.993287032356217 0.984184154270883 0.967036941305955 0.938221700746449 0.894084976620179 0.831692565439143 0.749793903980324 0.64980792394711 0.536470249431084 0.417697558207423 0.303358786600548 0.203065827506706 0.123678609826136 0 0 0 0 0 0 0 0 0 0 0 0 0 0 0 0 0 0 0 0 0 0 0 0 0 0 0 0 0 0 0 0 0 0 0 0 0 0 0 0 0 0 0 0 0 0 0 0 0 0 0 0 0 0 0 0 0 0 0 0 0 0 0 0 0 0 0 0 0 0 0 0 0 0 0 0 0 0 0 0 0 0 0 
0.99900410555794 0.999840590199185 0.999960145167248 0.999840590199185 0.99900410555794 0.996022369116245 0.988547805189069 0.973417305012206 0.946899464681021 0.905164062264459 0.845024190708666 0.764916014773431 0.665932309635736 0.552550110523312 0.432590140412183 0.316058606295582 0.212937405501937 0.130593477825267 0 0 0 0 0 0 0 0 0 0 0 0 0 0 0 0 0 0 0 0 0 0 0 0 0 0 0 0 0 0 0 0 0 0 0 0 0 0 0 0 0 0 0 0 0 0 0 0 0 0 0 0 0 0 0 0 0 0 0 0 0 0 0 0 0 0 0 0 0 0 0 0 0 0 0 0 0 0 0 0 0 0 0 
0.999362513249446 0.999960145167248 1 0.999960145167248 0.999362513249446 0.996776899590975 0.989848833936131 0.975397921274272 0.949658443149579 0.908742629852029 0.849379965443433 0.769901442873322 0.671288506280403 0.557927510483319 0.437601639638911 0.320357870715484 0.216298957454005 0.132962105062322 0 0 0 0 0 0 0 0 0 0 0 0 0 0 0 0 0 0 0 0 0 0 0 0 0 0 0 0 0 0 0 0 0 0 0 0 0 0 0 0 0 0 0 0 0 0 0 0 0 0 0 0 0 0 0 0 0 0 0 0 0 0 0 0 0 0 0 0 0 0 0 0 0 0 0 0 0 0 0 0 0 0 0 
0.99900410555794 0.999840590199185 0.999960145167248 0.999840590199185 0.99900410555794 0.996022369116245 0.988547805189069 0.973417305012206 0.946899464681021 0.905164062264459 0.845024190708666 0.764916014773431 0.665932309635736 0.552550110523312 0.432590140412183 0.316058606295582 0.212937405501937 0.130593477825267 0 0 0 0 0 0 0 0 0 0 0 0 0 0 0 0 0 0 0 0 0 0 0 0 0 0 0 0 0 0 0 0 0 0 0 0 0 0 0 0 0 0 0 0 0 0 0 0 0 0 0 0 0 0 0 0 0 0 0 0 0 0 0 0 0 0 0 0 0 0 0 0 0 0 0 0 0 0 0 0 0 0 0 
0.997452490297822 0.99900410555794 0.999362513249446 0.99900410555794 0.997452490297822 0.993287032356217 0.984184154270883 0.967036941305955 0.938221700746449 0.894084976620179 0.831692565439143 0.749793903980324 0.64980792394711 0.536470249431084 0.417697558207423 0.303358786600548 0.203065827506706 0.123678609826136 0 0 0 0 0 0 0 0 0 0 0 0 0 0 0 0 0 0 0 0 0 0 0 0 0 0 0 0 0 0 0 0 0 0 0 0 0 0 0 0 0 0 0 0 0 0 0 0 0 0 0 0 0 0 0 0 0 0 0 0 0 0 0 0 0 0 0 0 0 0 0 0 0 0 0 0 0 0 0 0 0 0 0 
0.993287032356217 0.996022369116245 0.996776899590975 0.996022369116245 0.993287032356217 0.98716979479818 0.975397921274272 0.954972146605145 0.92246333913879 0.874525059483075 0.808648748418409 0.724096521486238 0.622803198030451 0.509890085097244 0.393379544174952 0.282864955257186 0.187320781306818 0.112777919212327 0 0 0 0 0 0 0 0 0 0 0 0 0 0 0 0 0 0 0 0 0 0 0 0 0 0 0 0 0 0 0 0 0 0 0 0 0 0 0 0 0 0 0 0 0 0 0 0 0 0 0 0 0 0 0 0 0 0 0 0 0 0 0 0 0 0 0 0 0 0 0 0 0 0 0 0 0 0 0 0 0 0 0 
0.984184154270883 0.988547805189069 0.989848833936131 0.988547805189069 0.984184154270883 0.975397921274272 0.960009439242539 0.935197717999018 0.897834419877782 0.845024190708666 0.774857596741818 0.687288183098041 0.584909984288916 0.473288441843528 0.360485317728838 0.255621144923586 0.166748048259259 0 0 0 0 0 0 0 0 0 0 0 0 0 0 0 0 0 0 0 0 0 0 0 0 0 0 0 0 0 0 0 0 0 0 0 0 0 0 0 0 0 0 0 0 0 0 0 0 0 0 0 0 0 0 0 0 0 0 0 0 0 0 0 0 0 0 0 0 0 0 0 0 0 0 0 0 0 0 0 0 0 0 0 0 
0.967036941305955 0.973417305012206 0.975397921274272 0.973417305012206 0.967036941305955 0.954972146605145 0.935197717999018 0.905164062264459 0.862170020696252 0.803924907075338 0.7292808106982 0.639021087279461 0.536470249431084 0.427601947804939 0.320357870715484 0.223128737274178 0.142760243146809 0 0 0 0 0 0 0 0 0 0 0 0 0 0 0 0 0 0 0 0 0 0 0 0 0 0 0 0 0 0 0 0 0 0 0 0 0 0 0 0 0 0 0 0 0 0 0 0 0 0 0 0 0 0 0 0 0 0 0 0 0 0 0 0 0 0 0 0 0 0 0 0 0 0 0 0 0 0 0 0 0 0 0 0 
0.938221700746449 0.946899464681021 0.949658443149579 0.946899464681021 0.938221700746449 0.92246333913879 0.897834419877782 0.862170020696252 0.813335512349839 0.749793903980324 0.671288506280403 0.579503441380461 0.478466215037724 0.374410927033409 0.274907029217262 0.187320781306818 0.117045882094697 0 0 0 0 0 0 0 0 0 0 0 0 0 0 0 0 0 0 0 0 0 0 0 0 0 0 0 0 0 0 0 0 0 0 0 0 0 0 0 0 0 0 0 0 0 0 0 0 0 0 0 0 0 0 0 0 0 0 0 0 0 0 0 0 0 0 0 0 0 0 0 0 0 0 0 0 0 0 0 0 0 0 0 0 
0.894084976620179 0.905164062264459 0.908742629852029 0.905164062264459 0.894084976620179 0.874525059483075 0.845024190708666 0.803924907075338 0.749793903980324 0.681967387303204 0.601146567860472 0.509890085097244 0.41278236981315 0.316058606295582 0.226596981963692 0.150453860515103 0 0 0 0 0 0 0 0 0 0 0 0 0 0 0 0 0 0 0 0 0 0 0 0 0 0 0 0 0 0 0 0 0 0 0 0 0 0 0 0 0 0 0 0 0 0 0 0 0 0 0 0 0 0 0 0 0 0 0 0 0 0 0 0 0 0 0 0 0 0 0 0 0 0 0 0 0 0 0 0 0 0 0 0 0 
0.831692565439143 0.845024190708666 0.849379965443433 0.845024190708666 0.831692565439143 0.808648748418409 0.774857596741818 0.7292808106982 0.671288506280403 0.601146567860472 0.520484800861251 0.432590140412183 0.34233792561265 0.255621144923586 0.178295347961765 0.114896663488234 0 0 0 0 0 0 0 0 0 0 0 0 0 0 0 0 0 0 0 0 0 0 0 0 0 0 0 0 0 0 0 0 0 0 0 0 0 0 0 0 0 0 0 0 0 0 0 0 0 0 0 0 0 0 0 0 0 0 0 0 0 0 0 0 0 0 0 0 0 0 0 0 0 0 0 0 0 0 0 0 0 0 0 0 0 
0.749793903980324 0.764916014773431 0.769901442873322 0.764916014773431 0.749793903980324 0.724096521486238 0.687288183098041 0.639021087279461 0.579503441380461 0.509890085097244 0.432590140412183 0.351350466229028 0.270980017932272 0.196661952148726 0.132962105062322 0 0 0 0 0 0 0 0 0 0 0 0 0 0 0 0 0 0 0 0 0 0 0 0 0 0 0 0 0 0 0 0 0 0 0 0 0 0 0 0 0 0 0 0 0 0 0 0 0 0 0 0 0 0 0 0 0 0 0 0 0 0 0 0 0 0 0 0 0 0 0 0 0 0 0 0 0 0 0 0 0 0 0 0 0 0 
0.64980792394711 0.665932309635736 0.671288506280403 0.665932309635736 0.64980792394711 0.622803198030451 0.584909984288916 0.536470249431084 0.478466215037724 0.41278236981315 0.34233792561265 0.270980017932272 0.203065827506706 0.142760243146809 0 0 0 0 0 0 0 0 0 0 0 0 0 0 0 0 0 0 0 0 0 0 0 0 0 0 0 0 0 0 0 0 0 0 0 0 0 0 0 0 0 0 0 0 0 0 0 0 0 0 0 0 0 0 0 0 0 0 0 0 0 0 0 0 0 0 0 0 0 0 0 0 0 0 0 0 0 0 0 0 0 0 0 0 0 0 0 
0.536470249431084 0.552550110523312 0.557927510483319 0.552550110523312 0.536470249431084 0.509890085097244 0.473288441843528 0.427601947804939 0.374410927033409 0.316058606295582 0.255621144923586 0.196661952148726 0.142760243146809 0 0 0 0 0 0 0 0 0 0 0 0 0 0 0 0 0 0 0 0 0 0 0 0 0 0 0 0 0 0 0 0 0 0 0 0 0 0 0 0 0 0 0 0 0 0 0 0 0 0 0 0 0 0 0 0 0 0 0 0 0 0 0 0 0 0 0 0 0 0 0 0 0 0 0 0 0 0 0 0 0 0 0 0 0 0 0 0 
0.417697558207423 0.432590140412183 0.437601639638911 0.432590140412183 0.417697558207423 0.393379544174952 0.360485317728838 0.320357870715484 0.274907029217262 0.226596981963692 0.178295347961765 0.132962105062322 0 0 0 0 0 0 0 0 0 0 0 0 0 0 0 0 0 0 0 0 0 0 0 0 0 0 0 0 0 0 0 0 0 0 0 0 0 0 0 0 0 0 0 0 0 0 0 0 0 0 0 0 0 0 0 0 0 0 0 0 0 0 0 0 0 0 0 0 0 0 0 0 0 0 0 0 0 0 0 0 0 0 0 0 0 0 0 0 0 
0.303358786600548 0.316058606295582 0.320357870715484 0.316058606295582 0.303358786600548 0.282864955257186 0.255621144923586 0.223128737274178 0.187320781306818 0.150453860515103 0.114896663488234 0 0 0 0 0 0 0 0 0 0 0 0 0 0 0 0 0 0 0 0 0 0 0 0 0 0 0 0 0 0 0 0 0 0 0 0 0 0 0 0 0 0 0 0 0 0 0 0 0 0 0 0 0 0 0 0 0 0 0 0 0 0 0 0 0 0 0 0 0 0 0 0 0 0 0 0 0 0 0 0 0 0 0 0 0 0 0 0 0 0 
0.203065827506706 0.212937405501937 0.216298957454005 0.212937405501937 0.203065827506706 0.187320781306818 0.166748048259259 0.142760243146809 0.117045882094697 0 0 0 0 0 0 0 0 0 0 0 0 0 0 0 0 0 0 0 0 0 0 0 0 0 0 0 0 0 0 0 0 0 0 0 0 0 0 0 0 0 0 0 0 0 0 0 0 0 0 0 0 0 0 0 0 0 0 0 0 0 0 0 0 0 0 0 0 0 0 0 0 0 0 0 0 0 0 0 0 0 0 0 0 0 0 0 0 0 0 0 0 
0.123678609826136 0.130593477825267 0.132962105062322 0.130593477825267 0.123678609826136 0.112777919212327 0 0 0 0 0 0 0 0 0 0 0 0 0 0 0 0 0 0 0 0 0 0 0 0 0 0 0 0 0 0 0 0 0 0 0 0 0 0 0 0 0 0 0 0 0 0 0 0 0 0 0 0 0 0 0 0 0 0 0 0 0 0 0 0 0 0 0 0 0 0 0 0 0 0 0 0 0 0 0 0 0 0 0 0 0 0 0 0 0 0 0 0 0 0 0 
0 0 0 0 0 0 0 0 0 0 0 0 0 0 0 0 0 0 0 0 0 0 0 0 0 0 0 0 0 0 0 0 0 0 0 0 0 0 0 0 0 0 0 0 0 0 0 0 0 0 0 0 0 0 0 0 0 0 0 0 0 0 0 0 0 0 0 0 0 0 0 0 0 0 0 0 0 0 0 0 0 0 0 0 0 0 0 0 0 0 0 0 0 0 0 0 0 0 0 0 0 
0 0 0 0 0 0 0 0 0 0 0 0 0 0 0 0 0 0 0 0 0 0 0 0 0 0 0 0 0 0 0 0 0 0 0 0 0 0 0 0 0 0 0 0 0 0 0 0 0 0 0 0 0 0 0 0 0 0 0 0 0 0 0 0 0 0 0 0 0 0 0 0 0 0 0 0 0 0 0 0 0 0 0 0 0 0 0 0 0 0 0 0 0 0 0 0 0 0 0 0 0 
0 0 0 0 0 0 0 0 0 0 0 0 0 0 0 0 0 0 0 0 0 0 0 0 0 0 0 0 0 0 0 0 0 0 0 0 0 0 0 0 0 0 0 0 0 0 0 0 0 0 0 0 0 0 0 0 0 0 0 0 0 0 0 0 0 0 0 0 0 0 0 0 0 0 0 0 0 0 0 0 0 0 0 0 0 0 0 0 0 0 0 0 0 0 0 0 0 0 0 0 0 
0 0 0 0 0 0 0 0 0 0 0 0 0 0 0 0 0 0 0 0 0 0 0 0 0 0 0 0 0 0 0 0 0 0 0 0 0 0 0 0 0 0 0 0 0 0 0 0 0 0 0 0 0 0 0 0 0 0 0 0 0 0 0 0 0 0 0 0 0 0 0 0 0 0 0 0 0 0 0 0 0 0 0 0 0 0 0 0 0 0 0 0 0 0 0 0 0 0 0 0 0 
0 0 0 0 0 0 0 0 0 0 0 0 0 0 0 0 0 0 0 0 0 0 0 0 0 0 0 0 0 0 0 0 0 0 0 0 0 0 0 0 0 0 0 0 0 0 0 0 0 0 0 0 0 0 0 0 0 0 0 0 0 0 0 0 0 0 0 0 0 0 0 0 0 0 0 0 0 0 0 0 0 0 0 0 0 0 0 0 0 0 0 0 0 0 0 0 0 0 0 0 0 
0 0 0 0 0 0 0 0 0 0 0 0 0 0 0 0 0 0 0 0 0 0 0 0 0 0 0 0 0 0 0 0 0 0 0 0 0 0 0 0 0 0 0 0 0 0 0 0 0 0 0 0 0 0 0 0 0 0 0 0 0 0 0 0 0 0 0 0 0 0 0 0 0 0 0 0 0 0 0 0 0 0 0 0 0 0 0 0 0 0 0 0 0 0 0 0 0 0 0 0 0 
0 0 0 0 0 0 0 0 0 0 0 0 0 0 0 0 0 0 0 0 0 0 0 0 0 0 0 0 0 0 0 0 0 0 0 0 0 0 0 0 0 0 0 0 0 0 0 0 0 0 0 0 0 0 0 0 0 0 0 0 0 0 0 0 0 0 0 0 0 0 0 0 0 0 0 0 0 0 0 0 0 0 0 0 0 0 0 0 0 0 0 0 0 0 0 0 0 0 0 0 0 
0 0 0 0 0 0 0 0 0 0 0 0 0 0 0 0 0 0 0 0 0 0 0 0 0 0 0 0 0 0 0 0 0 0 0 0 0 0 0 0 0 0 0 0 0.118677929830109 0.139024843303116 0.155080486216545 0.165343416535862 0.168871091339326 0.165343416535862 0.155080486216545 0.139024843303116 0.118677929830109 0 0 0 0 0 0 0 0 0 0 0 0 0 0 0 0 0 0 0 0 0 0 0 0 0 0 0 0 0 0 0 0 0 0 0 0 0 0 0 0 0 0 0 0 0 0 0 0 
0 0 0 0 0 0 0 0 0 0 0 0 0 0 0 0 0 0 0 0 0 0 0 0 0 0 0 0 0 0 0 0 0 0 0 0 0 0 0 0 0 0 0.132962105062322 0.168871091339326 0.203065827506706 0.23275198576861 0.255621144923586 0.270003698857246 0.274907029217262 0.270003698857246 0.255621144923586 0.23275198576861 0.203065827506706 0.168871091339326 0.132962105062322 0 0 0 0 0 0 0 0 0 0 0 0 0 0 0 0 0 0 0 0 0 0 0 0 0 0 0 0 0 0 0 0 0 0 0 0 0 0 0 0 0 0 0 0 0 0 
0 0 0 0 0 0 0 0 0 0 0 0 0 0 0 0 0 0 0 0 0 0 0 0 0 0 0 0 0 0 0 0 0 0 0 0 0 0 0 0 0.118677929830109 0.165343416535862 0.215455236911485 0.265154799099778 0.310730738161097 0.349085762251729 0.377933219110864 0.395781722747518 0.401816508327864 0.395781722747518 0.377933219110864 0.349085762251729 0.310730738161097 0.265154799099778 0.215455236911485 0.165343416535862 0.118677929830109 0 0 0 0 0 0 0 0 0 0 0 0 0 0 0 0 0 0 0 0 0 0 0 0 0 0 0 0 0 0 0 0 0 0 0 0 0 0 0 0 0 0 0 0 
0 0 0 0 0 0 0 0 0 0 0 0 0 0 0 0 0 0 0 0 0 0 0 0 0 0 0 0 0 0 0 0 0 0 0 0 0 0 0 0.130006324424054 0.187320781306818 0.250936757141985 0.316058606295582 0.377933219110864 0.432590140412183 0.477170051191942 0.509890085097244 0.529797018709162 0.536470249431084 0.529797018709162 0.509890085097244 0.477170051191942 0.432590140412183 0.377933219110864 0.316058606295582 0.250936757141985 0.187320781306818 0.130006324424054 0 0 0 0 0 0 0 0 0 0 0 0 0 0 0 0 0 0 0 0 0 0 0 0 0 0 0 0 0 0 0 0 0 0 0 0 0 0 0 0 0 0 0 
0 0 0 0 0 0 0 0 0 0 0 0 0 0 0 0 0 0 0 0 0 0 0 0 0 0 0 0 0 0 0 0 0 0 0 0 0 0 0.130006324424054 0.195083071445882 0.270003698857246 0.349085762251729 0.42635860272545 0.496726676365684 0.556582433376556 0.603854032122282 0.637671088448717 0.657879706706407 0.664591674031008 0.657879706706407 0.637671088448717 0.603854032122282 0.556582433376556 0.496726676365684 0.42635860272545 0.349085762251729 0.270003698857246 0.195083071445882 0.130006324424054 0 0 0 0 0 0 0 0 0 0 0 0 0 0 0 0 0 0 0 0 0 0 0 0 0 0 0 0 0 0 0 0 0 0 0 0 0 0 0 0 0 0 
0 0 0 0 0 0 0 0 0 0 0 0 0 0 0 0 0 0 0 0 0 0 0 0 0 0 0 0 0 0 0 0 0 0 0 0 0 0.118677929830109 0.187320781306818 0.270003698857246 0.360485317728838 0.451499039895303 0.536470249431084 0.610622922614268 0.671288506280403 0.717587513321982 0.749793903980324 0.768657791966943 0.774857596741818 0.768657791966943 0.749793903980324 0.717587513321982 0.671288506280403 0.610622922614268 0.536470249431084 0.451499039895303 0.360485317728838 0.270003698857246 0.187320781306818 0.118677929830109 0 0 0 0 0 0 0 0 0 0 0 0 0 0 0 0 0 0 0 0 0 0 0 0 0 0 0 0 0 0 0 0 0 0 0 0 0 0 0 0 0 
0 0 0 0 0 0 0 0 0 0 0 0 0 0 0 0 0 0 0 0 0 0 0 0 0 0 0 0 0 0 0 0 0 0 0 0 0 0.165343416535862 0.250936757141985 0.349085762251729 0.451499039895303 0.549864440847394 0.637671088448717 0.71104844980095 0.768657791966943 0.810996825403251 0.839516760521633 0.855827841442142 0.861120461442727 0.855827841442142 0.839516760521633 0.810996825403251 0.768657791966943 0.71104844980095 0.637671088448717 0.549864440847394 0.451499039895303 0.349085762251729 0.250936757141985 0.165343416535862 0 0 0 0 0 0 0 0 0 0 0 0 0 0 0 0 0 0 0 0.105932590152189 0.119959298492964 0.129032167400704 0.132168997898845 0.129032167400704 0.119959298492964 0.105932590152189 0 0 0 0 0 0 0 0 0 0 0 0 0 0 0 
0 0 0 0 0 0 0 0 0 0 0 0 0 0 0 0 0 0 0 0 0 0 0 0 0 0 0 0 0 0 0 0 0 0 0 0 0.132962105062322 0.215455236911485 0.316058606295582 0.42635860272545 0.536470249431084 0.637671088448717 0.724096521486238 0.793165715556541 0.845024190708666 0.881521669663235 0.905164062264459 0.918279308438654 0.92246333913879 0.918279308438654 0.905164062264459 0.881521669663235 0.845024190708666 0.793165715556541 0.724096521486238 0.637671088448717 0.536470249431084 0.42635860272545 0.316058606295582 0.215455236911485 0.132962105062322 0 0 0 0 0 0 0 0 0 0 0 0 0 0 0 0.100692484575402 0.132168997898845 0.163021388703181 0.190399311582767 0.211824785804258 0.225436948126087 0.230100793631598 0.225436948126087 0.211824785804258 0.190399311582767 0.163021388703181 0.132168997898845 0.100692484575402 0 0 0 0 0 0 0 0 0 0 0 0 
0 0 0 0 0 0 0 0 0 0 0 0 0 0 0 0 0 0 0 0 0 0 0 0 0 0 0 0 0 0 0 0 0 0 0 0 0.168871091339326 0.265154799099778 0.377933219110864 0.496726676365684 0.610622922614268 0.71104844980095 0.793165715556541 0.855827841442142 0.9006097048128 0.930540921193931 0.948975037403326 0.958776289579179 0.961826199230024 0.958776289579179 0.948975037403326 0.930540921193931 0.9006097048128 0.855827841442142 0.793165715556541 0.71104844980095 0.610622922614268 0.496726676365684 0.377933219110864 0.265154799099778 0.168871091339326 0 0 0 0 0 0 0 0 0 0 0 0 0 0 0.129032167400704 0.174384737139833 0.220836336046566 0.264512403739173 0.301966205404137 0.330515821523994 0.348332566942387 0.354381957135243 0.348332566942387 0.330515821523994 0.301966205404137 0.264512403739173 0.220836336046566 0.174384737139833 0.129032167400704 0 0 0 0 0 0 0 0 0 0 0 
0 0 0 0 0 0 0 0 0 0 0 0 0 0 0 0 0 0 0 0 0 0 0 0 0 0 0 0 0 0 0 0 0 0 0 0.118677929830109 0.203065827506706 0.310730738161097 0.432590140412183 0.556582433376556 0.671288506280403 0.768657791966943 0.845024190708666 0.9006097048128 0.938221700746449 0.961826199230024 0.975397921274272 0.982163677756887 0.984184154270883 0.982163677756887 0.975397921274272 0.961826199230024 0.938221700746449 0.9006097048128 0.845024190708666 0.768657791966943 0.671288506280403 0.556582433376556 0.432590140412183 0.310730738161097 0.203065827506706 0.118677929830109 0 0 0 0 0 0 0 0 0 0 0 0 0.148718319959564 0.207413768509558 0.269678742919249 0.330515821523994 0.385421610472514 0.4309247939071 0.464700712742793 0.48539794290909 0.492360316662318 0.48539794290909 0.464700712742793 0.4309247939071 0.385421610472514 0.330515821523994 0.269678742919249 0.207413768509558 0.148718319959564 0 0 0 0 0 0 0 0 0 0 
0 0 0 0 0 0 0 0 0 0 0 0 0 0 0 0 0 0 0 0 0 0 0 0 0 0 0 0 0 0 0 0 0 0 0 0.139024843303116 0.23275198576861 0.349085762251729 0.477170051191942 0.603854032122282 0.717587513321982 0.810996825403251 0.881521669663235 0.930540921193931 0.961826199230024 0.980025280563354 0.9895308109775 0.993791908611513 0.994968472963602 0.993791908611513 0.9895308109775 0.980025280563354 0.961826199230024 0.930540921193931 0.881521669663235 0.810996825403251 0.717587513321982 0.603854032122282 0.477170051191942 0.349085762251729 0.23275198576861 0.139024843303116 0 0 0 0 0 0 0 0 0 0 0 0.155749842549783 0.225436948126087 0.301966205404137 0.379110887283382 0.451075486675191 0.513415663919192 0.563312339004762 0.599341703750742 0.620999310052938 0.628212978004615 0.620999310052938 0.599341703750742 0.563312339004762 0.513415663919192 0.451075486675191 0.379110887283382 0.301966205404137 0.225436948126087 0.155749842549783 0 0 0 0 0 0 0 0 0 
0 0 0 0 0 0 0 0 0 0 0 0 0 0 0 0 0 0 0 0 0 0 0 0 0 0 0 0 0 0 0 0 0 0 0 0.155080486216545 0.255621144923586 0.377933219110864 0.509890085097244 0.637671088448717 0.749793903980324 0.839516760521633 0.905164062264459 0.948975037403326 0.975397921274272 0.9895308109775 0.996022369116245 0.998444350849736 0.99900410555794 0.998444350849736 0.996022369116245 0.9895308109775 0.975397921274272 0.948975037403326 0.905164062264459 0.839516760521633 0.749793903980324 0.637671088448717 0.509890085097244 0.377933219110864 0.255621144923586 0.155080486216545 0 0 0 0 0 0 0 0 0 0 0.148718319959564 0.225436948126087 0.313210661355389 0.404646899200858 0.492360316662318 0.570502297635273 0.635420390446752 0.685516059264436 0.720628906228449 0.741292464496538 0.748099103226458 0.741292464496538 0.720628906228449 0.685516059264436 0.635420390446752 0.570502297635273 0.492360316662318 0.404646899200858 0.313210661355389 0.225436948126087 0.148718319959564 0 0 0 0 0 0 0 0 
0 0 0 0 0 0 0 0 0 0 0 0 0 0 0 0 0 0 0 0 0 0 0 0 0 0 0 0 0 0 0 0 0 0 0 0.165343416535862 0.270003698857246 0.395781722747518 0.529797018709162 0.657879706706407 0.768657791966943 0.855827841442142 0.918279308438654 0.958776289579179 0.982163677756887 0.993791908611513 0.998444350849736 0.999750933353643 0.99993772752186 0.999750933353643 0.998444350849736 0.993791908611513 0.982163677756887 0.958776289579179 0.918279308438654 0.855827841442142 0.768657791966943 0.657879706706407 0.529797018709162 0.395781722747518 0.270003698857246 0.165343416535862 0 0 0 0 0 0 0 0 0 0.129032167400704 0.207413768509558 0.301966205404137 0.404646899200858 0.506370776476777 0.599341703750742 0.678413050833265 0.741292464496538 0.78792343075865 0.819525188934035 0.837665753786066 0.843562292621571 0.837665753786066 0.819525188934035 0.78792343075865 0.741292464496538 0.678413050833265 0.599341703750742 0.506370776476777 0.404646899200858 0.301966205404137 0.207413768509558 0.129032167400704 0 0 0 0 0 0 0 
0 0 0 0 0 0 0 0 0 0 0 0 0 0 0 0 0 0 0 0 0 0 0 0 0 0 0 0 0 0 0 0 0 0 0 0.168871091339326 0.274907029217262 0.401816508327864 0.536470249431084 0.664591674031008 0.774857596741818 0.861120461442727 0.92246333913879 0.961826199230024 0.984184154270883 0.994968472963602 0.99900410555794 0.99993772752186 1 0.99993772752186 0.99900410555794 0.994968472963602 0.984184154270883 0.961826199230024 0.92246333913879 0.861120461442727 0.774857596741818 0.664591674031008 0.536470249431084 0.401816508327864 0.274907029217262 0.168871091339326 0 0 0 0 0 0 0 0 0.100692484575402 0.174384737139833 0.269678742919249 0.379110887283382 0.492360316662318 0.599341703750742 0.692595282575667 0.768242837728334 0.825644960902086 0.866337904026611 0.892822829742286 0.907556242773421 0.912262624816315 0.907556242773421 0.892822829742286 0.866337904026611 0.825644960902086 0.768242837728334 0.692595282575667 0.599341703750742 0.492360316662318 0.379110887283382 0.269678742919249 0.174384737139833 0.100692484575402 0 0 0 0 0 0 
0 0 0 0 0 0 0 0 0 0 0 0 0 0 0 0 0 0 0 0 0 0 0 0 0 0 0 0 0 0 0 0 0 0 0 0.165343416535862 0.270003698857246 0.395781722747518 0.529797018709162 0.657879706706407 0.768657791966943 0.855827841442142 0.918279308438654 0.958776289579179 0.982163677756887 0.993791908611513 0.998444350849736 0.999750933353643 0.99993772752186 0.999750933353643 0.998444350849736 0.993791908611513 0.982163677756887 0.958776289579179 0.918279308438654 0.855827841442142 0.768657791966943 0.657879706706407 0.529797018709162 0.395781722747518 0.270003698857246 0.165343416535862 0 0 0 0 0 0 0 0 0.132168997898845 0.220836336046566 0.330515821523994 0.451075486675191 0.570502297635273 0.678413050833265 0.768242837728334 0.837665753786066 0.88771340782359 0.921356957472602 0.942152063951673 0.953231386473442 0.956682192461664 0.953231386473442 0.942152063951673 0.921356957472602 0.88771340782359 0.837665753786066 0.768242837728334 0.678413050833265 0.570502297635273 0.451075486675191 0.330515821523994 0.220836336046566 0.132168997898845 0 0 0 0 0 0 
0 0 0 0 0 0 0 0 0 0 0 0 0 0 0 0 0 0 0 0 0 0 0 0 0 0 0 0 0 0 0 0 0 0 0 0.155080486216545 0.255621144923586 0.377933219110864 0.509890085097244 0.637671088448717 0.749793903980324 0.839516760521633 0.905164062264459 0.948975037403326 0.975397921274272 0.9895308109775 0.996022369116245 0.998444350849736 0.99900410555794 0.998444350849736 0.996022369116245 0.9895308109775 0.975397921274272 0.948975037403326 0.905164062264459 0.839516760521633 0.749793903980324 0.637671088448717 0.509890085097244 0.377933219110864 0.255621144923586 0.155080486216545 0 0 0 0 0 0 0 0 0.163021388703181 0.264512403739173 0.385421610472514 0.513415663919192 0.635420390446752 0.741292464496538 0.825644960902086 0.88771340782359 0.930014636571424 0.956682192461664 0.972056081486504 0.979731293265429 0.982024778087707 0.979731293265429 0.972056081486504 0.956682192461664 0.930014636571424 0.88771340782359 0.825644960902086 0.741292464496538 0.635420390446752 0.513415663919192 0.385421610472514 0.264512403739173 0.163021388703181 0 0 0 0 0 0 
0 0 0 0 0 0 0 0 0 0 0 0 0 0 0 0 0 0 0 0 0 0 0 0 0 0 0 0 0 0 0 0 0 0 0 0.139024843303116 0.23275198576861 0.349085762251729 0.477170051191942 0.603854032122282 0.717587513321982 0.810996825403251 0.881521669663235 0.930540921193931 0.961826199230024 0.980025280563354 0.9895308109775 0.993791908611513 0.994968472963602 0.993791908611513 0.9895308109775 0.980025280563354 0.961826199230024 0.930540921193931 0.881521669663235 0.810996825403251 0.717587513321982 0.603854032122282 0.477170051191942 0.349085762251729 0.23275198576861 0.139024843303116 0 0 0 0 0 0 0 0.105932590152189 0.190399311582767 0.301966205404137 0.4309247939071 0.563312339004762 0.685516059264436 0.78792343075865 0.866337904026611 0.921356957472602 0.956682192461664 0.977304662219488 0.988097006136808 0.992939597787242 0.994277227520972 0.992939597787242 0.988097006136808 0.977304662219488 0.956682192461664 0.921356957472602 0.866337904026611 0.78792343075865 0.685516059264436 0.563312339004762 0.4309247939071 0.301966205404137 0.190399311582767 0.105932590152189 0 0 0 0 0 
0 0 0 0 0 0 0 0 0 0 0 0 0 0 0 0 0 0 0 0 0 0 0 0 0 0 0 0 0 0 0 0 0 0 0 0.118677929830109 0.203065827506706 0.310730738161097 0.432590140412183 0.556582433376556 0.671288506280403 0.768657791966943 0.845024190708666 0.9006097048128 0.938221700746449 0.961826199230024 0.975397921274272 0.982163677756887 0.984184154270883 0.982163677756887 0.975397921274272 0.961826199230024 0.938221700746449 0.9006097048128 0.845024190708666 0.768657791966943 0.671288506280403 0.556582433376556 0.432590140412183 0.310730738161097 0.203065827506706 0.118677929830109 0 0 0 0 0 0 0 0.119959298492964 0.211824785804258 0.330515821523994 0.464700712742793 0.599341703750742 0.720628906228449 0.819525188934035 0.892822829742286 0.942152063951673 0.972056081486504 0.988097006136808 0.995475581489367 0.998230206735349 0.998866971195051 0.998230206735349 0.995475581489367 0.988097006136808 0.972056081486504 0.942152063951673 0.892822829742286 0.819525188934035 0.720628906228449 0.599341703750742 0.464700712742793 0.330515821523994 0.211824785804258 0.119959298492964 0 0 0 0 0 
0 0 0 0 0 0 0 0 0 0 0 0 0 0 0 0 0 0 0 0 0 0 0 0 0 0 0 0 0 0 0 0 0 0 0 0 0.168871091339326 0.265154799099778 0.377933219110864 0.496726676365684 0.610622922614268 0.71104844980095 0.793165715556541 0.855827841442142 0.9006097048128 0.930540921193931 0.948975037403326 0.958776289579179 0.961826199230024 0.958776289579179 0.948975037403326 0.930540921193931 0.9006097048128 0.855827841442142 0.793165715556541 0.71104844980095 0.610622922614268 0.496726676365684 0.377933219110864 0.265154799099778 0.168871091339326 0 0 0 0 0 0 0 0 0.129032167400704 0.225436948126087 0.348332566942387 0.48539794290909 0.620999310052938 0.741292464496538 0.837665753786066 0.907556242773421 0.953231386473442 0.979731293265429 0.992939597787242 0.998230206735349 0.999716622367193 0.999929148062158 0.999716622367193 0.998230206735349 0.992939597787242 0.979731293265429 0.953231386473442 0.907556242773421 0.837665753786066 0.741292464496538 0.620999310052938 0.48539794290909 0.348332566942387 0.225436948126087 0.129032167400704 0 0 0 0 0 
0 0 0 0 0 0 0 0 0 0 0 0 0 0 0 0 0 0 0 0 0 0 0 0 0 0 0 0 0 0 0 0 0 0 0 0 0.132962105062322 0.215455236911485 0.316058606295582 0.42635860272545 0.536470249431084 0.637671088448717 0.724096521486238 0.793165715556541 0.845024190708666 0.881521669663235 0.905164062264459 0.918279308438654 0.92246333913879 0.918279308438654 0.905164062264459 0.881521669663235 0.845024190708666 0.793165715556541 0.724096521486238 0.637671088448717 0.536470249431084 0.42635860272545 0.316058606295582 0.215455236911485 0.132962105062322 0 0 0 0 0 0 0 0 0.132168997898845 0.230100793631598 0.354381957135243 0.492360316662318 0.628212978004615 0.748099103226458 0.843562292621571 0.912262624816315 0.956682192461664 0.982024778087707 0.994277227520972 0.998866971195051 0.999929148062158 1 0.999929148062158 0.998866971195051 0.994277227520972 0.982024778087707 0.956682192461664 0.912262624816315 0.843562292621571 0.748099103226458 0.628212978004615 0.492360316662318 0.354381957135243 0.230100793631598 0.132168997898845 0 0 0 0 0 
0 0 0 0 0 0 0 0 0 0 0 0 0 0 0 0 0 0 0 0 0 0 0 0 0 0 0 0 0 0 0 0 0 0 0 0 0 0.165343416535862 0.250936757141985 0.349085762251729 0.451499039895303 0.549864440847394 0.637671088448717 0.71104844980095 0.768657791966943 0.810996825403251 0.839516760521633 0.855827841442142 0.861120461442727 0.855827841442142 0.839516760521633 0.810996825403251 0.768657791966943 0.71104844980095 0.637671088448717 0.549864440847394 0.451499039895303 0.349085762251729 0.250936757141985 0.165343416535862 0 0 0 0 0 0 0 0 0 0.129032167400704 0.225436948126087 0.348332566942387 0.48539794290909 0.620999310052938 0.741292464496538 0.837665753786066 0.907556242773421 0.953231386473442 0.979731293265429 0.992939597787242 0.998230206735349 0.999716622367193 0.999929148062158 0.999716622367193 0.998230206735349 0.992939597787242 0.979731293265429 0.953231386473442 0.907556242773421 0.837665753786066 0.741292464496538 0.620999310052938 0.48539794290909 0.348332566942387 0.225436948126087 0.129032167400704 0 0 0 0 0 
0 0 0 0 0 0 0 0 0 0 0 0 0 0 0 0 0 0 0 0 0 0 0 0 0 0 0 0 0 0 0 0 0 0 0 0 0 0.118677929830109 0.187320781306818 0.270003698857246 0.360485317728838 0.451499039895303 0.536470249431084 0.610622922614268 0.671288506280403 0.717587513321982 0.749793903980324 0.768657791966943 0.774857596741818 0.768657791966943 0.749793903980324 0.717587513321982 0.671288506280403 0.610622922614268 0.536470249431084 0.451499039895303 0.360485317728838 0.270003698857246 0.187320781306818 0.118677929830109 0 0 0 0 0 0 0 0 0 0.119959298492964 0.211824785804258 0.330515821523994 0.464700712742793 0.599341703750742 0.720628906228449 0.819525188934035 0.892822829742286 0.942152063951673 0.972056081486504 0.988097006136808 0.995475581489367 0.998230206735349 0.998866971195051 0.998230206735349 0.995475581489367 0.988097006136808 0.972056081486504 0.942152063951673 0.892822829742286 0.819525188934035 0.720628906228449 0.599341703750742 0.464700712742793 0.330515821523994 0.211824785804258 0.119959298492964 0 0 0 0 0 
0 0 0 0 0 0 0 0 0 0 0 0 0 0 0 0 0 0 0 0 0 0 0 0 0 0 0 0 0 0 0 0 0 0 0 0 0 0 0.130006324424054 0.195083071445882 0.270003698857246 0.349085762251729 0.42635860272545 0.496726676365684 0.556582433376556 0.603854032122282 0.637671088448717 0.657879706706407 0.664591674031008 0.657879706706407 0.637671088448717 0.603854032122282 0.556582433376556 0.496726676365684 0.42635860272545 0.349085762251729 0.270003698857246 0.195083071445882 0.130006324424054 0 0 0 0 0 0 0 0 0 0 0.105932590152189 0.190399311582767 0.301966205404137 0.4309247939071 0.563312339004762 0.685516059264436 0.78792343075865 0.866337904026611 0.921356957472602 0.956682192461664 0.977304662219488 0.988097006136808 0.992939597787242 0.994277227520972 0.992939597787242 0.988097006136808 0.977304662219488 0.956682192461664 0.921356957472602 0.866337904026611 0.78792343075865 0.685516059264436 0.563312339004762 0.4309247939071 0.301966205404137 0.190399311582767 0.105932590152189 0 0 0 0 0 
0 0 0 0 0 0 0 0 0 0 0 0 0 0 0 0 0 0 0 0 0 0 0 0 0 0 0 0 0 0 0 0 0 0 0 0 0 0 0 0.130006324424054 0.187320781306818 0.250936757141985 0.316058606295582 0.377933219110864 0.432590140412183 0.477170051191942 0.509890085097244 0.529797018709162 0.536470249431084 0.529797018709162 0.509890085097244 0.477170051191942 0.432590140412183 0.377933219110864 0.316058606295582 0.250936757141985 0.187320781306818 0.130006324424054 0 0 0 0 0 0 0 0 0 0 0 0 0.163021388703181 0.264512403739173 0.385421610472514 0.513415663919192 0.635420390446752 0.741292464496538 0.825644960902086 0.88771340782359 0.930014636571424 0.956682192461664 0.972056081486504 0.979731293265429 0.982024778087707 0.979731293265429 0.972056081486504 0.956682192461664 0.930014636571424 0.88771340782359 0.825644960902086 0.741292464496538 0.635420390446752 0.513415663919192 0.385421610472514 0.264512403739173 0.163021388703181 0 0 0 0 0 0 
0 0 0 0 0 0 0 0 0 0 0 0 0 0 0 0 0 0 0 0 0 0 0 0 0 0 0 0 0 0 0 0 0 0 0 0 0 0 0 0 0.118677929830109 0.165343416535862 0.215455236911485 0.265154799099778 0.310730738161097 0.349085762251729 0.377933219110864 0.395781722747518 0.401816508327864 0.395781722747518 0.377933219110864 0.349085762251729 0.310730738161097 0.265154799099778 0.215455236911485 0.165343416535862 0.118677929830109 0 0 0 0 0 0 0 0 0 0 0 0 0 0.132168997898845 0.220836336046566 0.330515821523994 0.451075486675191 0.570502297635273 0.678413050833265 0.768242837728334 0.837665753786066 0.88771340782359 0.921356957472602 0.942152063951673 0.953231386473442 0.956682192461664 0.953231386473442 0.942152063951673 0.921356957472602 0.88771340782359 0.837665753786066 0.768242837728334 0.678413050833265 0.570502297635273 0.451075486675191 0.330515821523994 0.220836336046566 0.132168997898845 0 0 0 0 0 0 
0 0 0 0 0 0 0 0 0 0 0 0 0 0 0 0 0 0 0 0 0 0 0 0 0 0 0 0 0 0 0 0 0 0 0 0 0 0 0 0 0 0 0.132962105062322 0.168871091339326 0.203065827506706 0.23275198576861 0.255621144923586 0.270003698857246 0.274907029217262 0.270003698857246 0.255621144923586 0.23275198576861 0.203065827506706 0.168871091339326 0.132962105062322 0 0 0 0 0 0 0 0 0 0 0 0 0 0 0 0.100692484575402 0.174384737139833 0.269678742919249 0.379110887283382 0.492360316662318 0.599341703750742 0.692595282575667 0.768242837728334 0.825644960902086 0.866337904026611 0.892822829742286 0.907556242773421 0.912262624816315 0.907556242773421 0.892822829742286 0.866337904026611 0.825644960902086 0.768242837728334 0.692595282575667 0.599341703750742 0.492360316662318 0.379110887283382 0.269678742919249 0.174384737139833 0.100692484575402 0 0 0 0 0 0 
0 0 0 0 0 0 0 0 0 0 0 0 0 0 0 0 0 0 0 0 0 0 0 0 0 0 0 0 0 0 0 0 0 0 0 0 0 0 0 0 0 0 0 0 0.118677929830109 0.139024843303116 0.155080486216545 0.165343416535862 0.168871091339326 0.165343416535862 0.155080486216545 0.139024843303116 0.118677929830109 0 0 0 0 0 0 0 0 0 0 0 0 0 0 0 0 0 0 0.129032167400704 0.207413768509558 0.301966205404137 0.404646899200858 0.506370776476777 0.599341703750742 0.678413050833265 0.741292464496538 0.78792343075865 0.819525188934035 0.837665753786066 0.843562292621571 0.837665753786066 0.819525188934035 0.78792343075865 0.741292464496538 0.678413050833265 0.599341703750742 0.506370776476777 0.404646899200858 0.301966205404137 0.207413768509558 0.129032167400704 0 0 0 0 0 0 0 
0 0 0 0 0 0 0 0 0 0 0 0 0 0 0 0 0 0 0 0 0 0 0 0 0 0 0 0 0 0 0 0 0 0 0 0 0 0 0 0 0 0 0 0 0 0 0 0 0 0 0 0 0 0 0 0 0 0 0 0 0 0 0 0 0 0 0 0 0 0 0 0 0.148718319959564 0.225436948126087 0.313210661355389 0.404646899200858 0.492360316662318 0.570502297635273 0.635420390446752 0.685516059264436 0.720628906228449 0.741292464496538 0.748099103226458 0.741292464496538 0.720628906228449 0.685516059264436 0.635420390446752 0.570502297635273 0.492360316662318 0.404646899200858 0.313210661355389 0.225436948126087 0.148718319959564 0 0 0 0 0 0 0 0 
0 0 0 0 0 0 0 0 0 0 0 0 0 0 0 0 0 0 0 0 0 0 0 0 0 0 0 0 0 0 0 0 0 0 0 0 0 0 0 0 0 0 0 0 0 0 0 0 0 0 0 0 0 0 0 0 0 0 0 0 0 0 0 0 0 0 0 0 0 0 0 0 0 0.155749842549783 0.225436948126087 0.301966205404137 0.379110887283382 0.451075486675191 0.513415663919192 0.563312339004762 0.599341703750742 0.620999310052938 0.628212978004615 0.620999310052938 0.599341703750742 0.563312339004762 0.513415663919192 0.451075486675191 0.379110887283382 0.301966205404137 0.225436948126087 0.155749842549783 0 0 0 0 0 0 0 0 0 
0 0 0 0 0 0 0 0 0 0 0 0 0 0 0 0 0 0 0 0 0 0 0 0 0 0 0 0 0 0 0 0 0 0 0 0 0 0 0 0 0 0 0 0 0 0 0 0 0 0 0 0 0 0 0 0 0 0 0 0 0 0 0 0 0 0 0 0 0 0 0 0 0 0 0.148718319959564 0.207413768509558 0.269678742919249 0.330515821523994 0.385421610472514 0.4309247939071 0.464700712742793 0.48539794290909 0.492360316662318 0.48539794290909 0.464700712742793 0.4309247939071 0.385421610472514 0.330515821523994 0.269678742919249 0.207413768509558 0.148718319959564 0 0 0 0 0 0 0 0 0 0 
0 0 0 0 0 0 0 0 0 0 0 0 0 0 0 0 0 0 0 0 0 0 0 0 0 0 0 0 0 0 0 0 0 0 0 0 0 0 0 0 0 0 0 0 0 0 0 0 0 0 0 0 0 0 0 0 0 0 0 0 0 0 0 0 0 0 0 0 0 0 0 0 0 0 0 0.129032167400704 0.174384737139833 0.220836336046566 0.264512403739173 0.301966205404137 0.330515821523994 0.348332566942387 0.354381957135243 0.348332566942387 0.330515821523994 0.301966205404137 0.264512403739173 0.220836336046566 0.174384737139833 0.129032167400704 0 0 0 0 0 0 0 0 0 0 0 
0 0 0 0 0 0 0 0 0 0 0 0 0 0 0 0 0 0 0 0 0 0 0 0 0 0 0 0 0 0 0 0 0 0 0 0 0 0 0 0 0 0 0 0 0 0 0 0 0 0 0 0 0 0 0 0 0 0 0 0 0 0 0 0 0 0 0 0 0 0 0 0 0 0 0 0 0.100692484575402 0.132168997898845 0.163021388703181 0.190399311582767 0.211824785804258 0.225436948126087 0.230100793631598 0.225436948126087 0.211824785804258 0.190399311582767 0.163021388703181 0.132168997898845 0.100692484575402 0 0 0 0 0 0 0 0 0 0 0 0 
0 0 0 0 0 0 0 0 0 0 0 0 0 0 0 0 0 0 0 0 0 0 0 0 0 0 0 0 0 0 0 0 0 0 0 0 0 0 0 0 0 0 0 0 0 0 0 0 0 0 0 0 0 0 0 0 0 0 0 0 0 0 0 0 0 0 0 0 0 0 0 0 0 0 0 0 0 0 0 0.105932590152189 0.119959298492964 0.129032167400704 0.132168997898845 0.129032167400704 0.119959298492964 0.105932590152189 0 0 0 0 0 0 0 0 0 0 0 0 0 0 0 
0 0 0 0 0 0 0 0 0 0 0 0 0 0 0 0 0 0 0 0 0 0 0 0 0 0 0 0 0 0 0 0 0 0 0 0 0 0 0 0 0 0 0 0 0 0 0 0 0 0 0 0 0 0 0 0 0 0 0 0 0 0 0 0 0 0 0 0 0 0 0 0 0 0 0 0 0 0 0 0 0 0 0 0 0 0 0 0 0 0 0 0 0 0 0 0 0 0 0 0 0 
0 0 0 0 0 0 0 0 0 0 0 0 0 0 0 0 0 0 0 0 0 0 0 0 0 0 0 0 0 0 0 0 0 0 0 0 0 0 0 0 0 0 0 0 0 0 0 0 0 0 0 0 0 0 0 0 0 0 0 0 0 0 0 0 0 0 0 0 0 0 0 0 0 0 0 0 0 0 0 0 0 0 0 0 0 0 0 0 0 0 0 0 0 0 0 0 0 0 0 0 0 
0 0 0 0 0 0 0 0 0 0 0 0 0 0 0 0 0 0 0 0 0 0 0 0 0 0 0 0 0 0 0 0 0 0 0 0 0 0 0 0 0 0 0 0 0 0 0 0 0 0 0 0 0 0 0 0 0 0 0 0 0 0 0 0 0 0 0 0 0 0 0 0 0 0 0 0 0 0 0 0 0 0 0 0 0 0 0 0 0 0 0 0 0 0 0 0 0 0 0 0 0 
0 0 0 0 0 0 0 0 0 0 0 0 0 0 0 0 0 0 0 0 0 0 0 0 0 0 0 0 0 0 0 0 0 0 0 0 0 0 0 0 0 0 0 0 0 0 0 0 0 0 0 0 0 0 0 0 0 0 0 0 0 0 0 0 0 0 0 0 0 0 0 0 0 0 0 0 0 0 0 0 0 0 0 0 0 0 0 0 0 0 0 0 0 0 0 0 0 0 0 0 0 
0 0 0 0 0 0 0 0 0 0 0 0 0 0 0 0 0 0 0 0 0 0 0 0 0 0 0 0 0 0 0 0 0 0 0 0 0 0 0 0 0 0 0 0 0 0 0 0 0 0 0 0 0 0 0 0 0 0 0 0 0 0 0 0 0 0 0 0 0 0 0 0 0 0 0 0 0 0 0 0 0 0 0 0 0 0 0 0 0 0 0 0 0 0 0 0 0 0 0 0 0 
0 0 0 0 0 0 0 0 0 0 0 0 0 0 0 0 0 0 0 0 0 0 0 0 0 0 0 0 0 0 0 0 0 0 0 0 0 0 0 0 0 0 0 0 0 0 0 0 0 0 0 0 0 0 0 0 0 0 0 0 0 0 0 0 0 0 0 0 0 0 0 0 0 0 0 0 0 0 0 0 0 0 0 0 0 0 0 0 0 0 0 0 0 0 0 0 0 0 0 0 0 
