0 0 0 0 0 0 0 0 0 0 0 0 0 0 0 0 0 0 0 0 0 0 0 0 0 0 0 0 0 0 0 0 0 0 0 0 0 0 0 0 0 0 0 0 0 0 0 0 0 0 0 0 0 0 0 0 0 0 0 0 0 0 0 0 0 0 0 0 0 0 0 0 0 0 0 0 0 0 0 0 0 0 0 0 0 0 0 0 0 0 0 0 0 0 0 0 0 0 0 0 0 
0 0 0 0 0 0 0 0 0 0 0 0 0 0 0 0 0 0 0 0 0 0 0 0 0 0 0 0 0 0 0 0 0 0 0 0 0 0 0 0 0 0 0 0 0 0 0 0 0 0 0 0 0 0 0 0 0 0 0 0 0 0 0 0 0 0 0 0 0 0 0 0 0 0 0 0 0 0 0 0 0 0 0 0 0 0 0 0 0 0 0 0 0 0 0 0 0 0 0 0 0 
0 0 0 0 0 0 0 0 0 0 0 0 0 0 0 0 0 0 0 0 0 0 0 0 0 0 0 0 0 0 0 0 0 0 0 0 0 0 0 0 0 0 0 0 0 0 0 0 0 0 0 0 0 0 0 0 0 0 0 0 0 0 0 0 0 0 0 0 0 0 0 0 0 0 0 0 0 0 0 0 0 0 0 0 0 0 0 0 0 0 0 0 0 0 0 0 0 0 0 0 0 
0 0 0 0 0 0 0 0 0 0 0 0 0 0 0 0 0 0 0 0 0 0 0 0 0 0 0 0 0 0 0 0 0 0 0 0 0 0 0 0 0 0 0 0 0 0 0 0 0 0 0 0 0 0 0 0 0 0 0 0 0 0 0 0 0 0 0 0 0 0 0 0 0 0 0 0 0 0 0 0 0 0 0 0 0 0 0 0 0 0 0 0 0 0 0 0 0 0 0 0 0 
0 0 0 0 0 0 0 0 0 0 0 0 0 0 0 0 0 0 0 0 0 0 0 0 0 0 0 0 0 0 0 0 0 0 0 0 0 0 0 0 0 0 0 0 0 0 0 0 0 0 0 0 0 0 0 0 0 0 0 0 0 0 0 0 0 0 0 0 0 0 0 0 0 0 0 0 0 0 0 0 0 0 0 0 0 0 0 0 0 0 0 0 0 0 0 0 0 0 0 0 0 
0 0 0 0 0 0 0 0 0 0 0 0 0 0 0 0 0 0 0 0 0 0 0 0 0 0 0 0 0 0 0 0 0 0 0 0 0 0 0 0 0 0 0 0 0 0 0 0 0 0 0 0 0 0 0 0 0 0 0 0 0 0 0 0 0 0 0 0 0 0 0 0 0 0 0 0 0 0 0 0 0 0 0 0 0 0 0 0 0 0 0 0 0 0 0 0 0 0 0 0 0 
0 0 0 0 0 0 0 0 0 0 0 0 0 0 0 0 0 0 0 0 0 0 0 0 0 0 0 0 0 0 0 0 0 0 0 0 0 0 0 0 0 0 0 0 0 0 0 0 0 0 0 0 0 0 0 0 0 0 0 0 0 0 0 0 0 0 0 0 0 0 0 0 0 0 0 0 0 0 0 0 0 0 0 0 0 0 0 0 0 0 0 0 0 0 0 0 0 0 0 0 0 
0 0 0 0 0 0 0 0 0 0 0 0 0 0 0 0 0 0 0 0 0 0 0 0 0 0 0 0 0 0 0 0 0 0 0 0 0 0 0 0 0 0 0 0 0 0 0 0 0 0 0 0 0 0 0 0 0 0 0 0 0 0 0 0 0 0 0 0 0 0 0 0 0 0 0 0 0 0 0 0 0 0 0 0 0 0 0 0 0 0 0 0 0 0 0 0 0 0 0 0 0 
0 0 0 0 0 0 0 0 0 0 0 0 0 0 0 0 0 0 0 0 0 0 0 0 0 0 0 0 0 0 0 0 0 0 0 0 0 0 0 0 0 0 0 0 0 0 0 0 0 0 0 0 0 0 0 0 0 0 0 0 0 0 0 0 0 0 0 0 0 0 0 0 0 0 0 0 0 0 0 0 0 0 0 0 0 0 0 0 0 0 0 0 0 0 0 0 0 0 0 0 0 
0 0 0 0 0 0 0 0 0 0 0 0 0 0 0 0 0 0 0 0 0 0 0 0 0 0 0 0 0 0 0 0 0 0 0 0 0 0 0 0 0 0 0 0 0 0 0 0 0 0 0 0 0 0 0 0 0 0 0 0 0 0 0 0 0 0 0 0 0 0 0 0 0 0 0 0 0 0 0 0 0 0 0 0 0 0 0 0 0 0 0 0 0 0 0 0 0 0 0 0 0 
0 0 0 0 0 0 0 0 0 0 0 0 0 0 0 0 0 0 0 0 0 0 0 0 0 0 0 0 0 0 0 0 0 0 0 0 0 0 0 0 0 0 0 0 0 0 0 0 0 0 0 0 0 0 0 0 0 0 0 0 0 0 0 0 0 0 0 0 0 0 0 0 0 0 0 0 0 0 0 0 0 0 0 0 0 0 0 0 0 0 0 0 0 0 0 0 0 0 0 0 0 
0 0 0 0 0 0 0 0 0 0 0 0 0 0 0 0 0 0 0 0 0 0 0 0 0 0 0 0 0 0 0 0 0 0 0 0 0 0 0 0 0 0 0 0 0 0 0 0 0 0 0 0 0 0 0 0 0 0 0 0 0 0 0 0 0 0 0 0 0 0 0 0 0 0 0 0 0 0 0 0 0 0 0 0 0 0 0 0 0 0 0 0 0 0 0 0 0 0 0 0 0 
0 0 0 0 0 0 0 0 0 0 0 0 0 0 0 0 0 0 0 0 0 0 0 0 0 0 0 0 0 0 0 0 0 0 0 0 0 0 0 0 0 0 0 0 0 0 0 0 0 0 0 0 0 0 0 0 0 0 0 0 0 0 0 0 0 0 0 0 0 0 0 0 0 0 0 0 0 0 0 0 0 0 0 0 0 0 0 0 0 0 0 0 0 0 0 0 0 0 0 0 0 
0 0 0 0 0 0 0 0 0 0 0 0 0 0 0 0 0 0 0 0 0 0 0 0 0 0 0 0 0 0 0 0 0 0 0 0 0 0 0 0 0 0 0 0 0 0 0 0 0 0 0 0 0 0 0 0 0 0 0 0 0 0 0 0 0 0 0 0 0 0 0 0 0 0 0 0 0 0 0 0 0 0 0 0 0 0 0 0 0 0 0 0 0 0 0 0 0 0 0 0 0 
0 0 0 0 0 0 0 0 0 0 0 0 0 0 0 0 0 0 0 0 0 0 0 0 0 0 0 0 0 0 0 0 0 0 0 0 0 0 0 0 0 0 0 0 0 0 0 0 0 0 0 0 0 0 0 0 0 0 0 0 0 0 0 0 0 0 0 0 0 0 0 0 0 0 0 0 0 0 0 0 0 0 0 0 0 0 0 0 0 0 0 0 0 0 0 0 0 0 0 0 0 
0 0 0 0 0 0 0 0 0 0 0 0 0 0 0 0 0 0 0 0 0 0 0 0 0 0 0 0 0 0 0 0 0 0 0 0 0 0 0 0 0 0 0 0 0 0 0 0 0 0 0 0 0 0 0 0 0 0 0 0 0 0 0 0 0 0 0 0 0 0 0 0 0 0 0 0 0 0 0 0 0 0 0 0 0 0 0 0 0 0 0 0 0 0 0 0 0 0 0 0 0 
0 0 0 0 0 0 0 0 0 0 0 0 0 0 0 0 0 0 0 0 0 0 0 0 0 0 0 0 0 0 0 0 0 0 0 0 0 0 0 0 0 0 0 0 0 0 0 0 0 0 0 0 0 0 0 0 0 0 0 0 0 0 0 0 0 0 0 0 0 0 0 0 0 0 0 0 0 0 0 0 0 0 0 0 0 0 0 0 0 0 0 0 0 0 0 0 0 0 0 0 0 
0 0 0 0 0 0 0 0 0 0 0 0 0 0 0 0 0 0 0 0 0 0 0 0 0 0 0 0 0 0 0 0 0 0 0 0 0 0 0 0 0 0 0 0 0 0 0 0 0 0 0 0 0 0 0 0 0 0 0 0 0 0 0 0 0 0 0 0 0 0 0 0 0 0 0 0 0 0 0 0 0 0 0 0 0 0 0 0 0 0 0 0 0 0 0 0 0 0 0 0 0 
0 0 0 0 0 0 0 0 0 0 0 0 0 0 0 0 0 0 0 0 0 0 0 0 0 0 0 0 0 0 0 0 0 0 0 0 0 0 0 0 0 0 0 0 0 0 0 0 0 0 0 0 0 0 0 0 0 0 0 0 0 0 0 0 0 0 0 0 0 0 0 0 0 0 0 0 0 0 0 0 0 0 0 0 0 0 0 0 0 0 0.112777919212327 0.123678609826136 0.130593477825267 0.132962105062322 0.130593477825267 0.123678609826136 0.112777919212327 0 0 0 0 
0 0 0 0 0 0 0 0 0 0 0 0 0 0 0 0 0 0 0 0 0 0 0 0 0 0 0 0 0 0 0 0 0 0 0 0 0 0 0 0 0 0 0 0 0 0 0 0 0 0 0 0 0 0 0 0 0 0 0 0 0 0 0 0 0 0 0 0 0 0 0 0 0 0 0 0 0 0 0 0 0 0 0 0 0 0 0 0.117045882094697 0.142760243146809 0.166748048259259 0.187320781306818 0.203065827506706 0.212937405501937 0.216298957454005 0.212937405501937 0.203065827506706 0.187320781306818 0.166748048259259 0.142760243146809 0.117045882094697 0 
0 0 0 0 0 0 0 0 0 0 0 0 0 0 0 0 0 0 0 0 0 0 0 0 0 0 0 0 0 0 0 0 0 0 0 0 0 0 0 0 0 0 0 0 0 0 0 0 0 0 0 0 0 0 0 0 0 0 0 0 0 0 0 0 0 0 0 0 0 0 0 0 0 0 0 0 0 0 0 0 0 0 0 0 0 0.114896663488234 0.150453860515103 0.187320781306818 0.223128737274178 0.255621144923586 0.282864955257186 0.303358786600548 0.316058606295582 0.320357870715484 0.316058606295582 0.303358786600548 0.282864955257186 0.255621144923586 0.223128737274178 0.187320781306818 0.150453860515103 
0 0 0 0 0 0 0 0 0 0 0 0 0 0 0 0 0 0 0 0 0 0 0 0 0 0 0 0 0 0 0 0 0 0 0 0 0 0 0 0 0 0 0 0 0 0 0 0 0 0 0 0 0 0 0 0 0 0 0 0 0 0 0 0 0 0 0 0 0 0 0 0 0 0 0 0 0 0 0 0 0 0 0 0 0.132962105062322 0.178295347961765 0.226596981963692 0.274907029217262 0.320357870715484 0.360485317728838 0.393379544174952 0.417697558207423 0.432590140412183 0.437601639638911 0.432590140412183 0.417697558207423 0.393379544174952 0.360485317728838 0.320357870715484 0.274907029217262 0.226596981963692 
0 0 0 0 0 0 0 0 0 0 0 0 0 0 0 0 0 0 0 0 0 0 0 0 0 0 0 0 0 0 0 0 0 0 0 0 0 0 0 0 0 0 0 0 0 0 0 0 0 0 0 0 0 0 0 0 0 0 0 0 0 0 0 0 0 0 0 0 0 0 0 0 0 0 0 0 0 0 0 0 0 0 0 0.142760243146809 0.196661952148726 0.255621144923586 0.316058606295582 0.374410927033409 0.427601947804939 0.473288441843528 0.509890085097244 0.536470249431084 0.552550110523312 0.557927510483319 0.552550110523312 0.536470249431084 0.509890085097244 0.473288441843528 0.427601947804939 0.374410927033409 0.316058606295582 
0 0 0 0 0 0 0 0 0 0 0 0 0 0 0 0 0 0 0 0 0 0 0 0 0 0 0 0 0 0 0 0 0 0 0 0 0 0 0 0 0 0 0 0 0 0 0 0 0 0 0 0 0 0 0 0 0 0 0 0 0 0 0 0 0 0 0 0 0 0 0 0 0 0 0 0 0 0 0 0 0 0 0.142760243146809 0.203065827506706 0.270980017932272 0.34233792561265 0.41278236981315 0.478466215037724 0.536470249431084 0.584909984288916 0.622803198030451 0.64980792394711 0.665932309635736 0.671288506280403 0.665932309635736 0.64980792394711 0.622803198030451 0.584909984288916 0.536470249431084 0.478466215037724 0.41278236981315 
0 0 0 0 0 0 0 0 0 0 0 0 0 0 0 0 0 0 0 0 0 0 0 0 0 0 0 0 0 0 0 0 0 0 0 0 0 0 0 0 0 0 0 0 0 0 0 0 0 0 0 0 0 0 0 0 0 0 0 0 0 0 0 0 0 0 0 0 0 0 0 0 0 0 0 0 0 0 0 0 0 0.132962105062322 0.196661952148726 0.270980017932272 0.351350466229028 0.432590140412183 0.509890085097244 0.579503441380461 0.639021087279461 0.687288183098041 0.724096521486238 0.749793903980324 0.764916014773431 0.769901442873322 0.764916014773431 0.749793903980324 0.724096521486238 0.687288183098041 0.639021087279461 0.579503441380461 0.509890085097244 
0 0 0 0 0 0 0 0 0 0 0 0 0 0 0 0 0 0 0 0 0 0 0 0 0 0 0 0 0 0 0 0 0 0 0 0 0 0 0 0 0 0 0 0 0 0 0 0 0 0 0 0 0 0 0 0 0 0 0 0 0 0 0 0 0 0 0 0 0 0 0 0 0 0 0 0 0 0 0 0 0.114896663488234 0.178295347961765 0.255621144923586 0.34233792561265 0.432590140412183 0.520484800861251 0.601146567860472 0.671288506280403 0.7292808106982 0.774857596741818 0.808648748418409 0.831692565439143 0.845024190708666 0.849379965443433 0.845024190708666 0.831692565439143 0.808648748418409 0.774857596741818 0.7292808106982 0.671288506280403 0.601146567860472 
0 0 0 0 0 0 0 0 0 0 0 0 0 0 0 0 0 0 0 0 0 0 0 0 0 0 0 0 0 0 0 0 0 0 0 0 0 0 0 0 0 0 0 0 0 0 0 0 0 0 0 0 0 0 0 0 0 0 0 0 0 0 0 0 0 0 0 0 0 0 0 0 0 0 0 0 0 0 0 0 0.150453860515103 0.226596981963692 0.316058606295582 0.41278236981315 0.509890085097244 0.601146567860472 0.681967387303204 0.749793903980324 0.803924907075338 0.845024190708666 0.874525059483075 0.894084976620179 0.905164062264459 0.908742629852029 0.905164062264459 0.894084976620179 0.874525059483075 0.845024190708666 0.803924907075338 0.749793903980324 0.681967387303204 
0 0 0 0 0 0 0 0 0 0 0 0 0 0 0 0 0 0 0 0 0 0 0 0 0 0 0 0 0 0 0 0 0 0 0 0 0 0 0 0 0 0 0 0 0 0 0 0 0 0 0 0 0 0 0 0 0 0 0 0 0 0 0 0 0 0 0 0 0 0 0 0 0 0 0 0 0 0 0 0.117045882094697 0.187320781306818 0.274907029217262 0.374410927033409 0.478466215037724 0.579503441380461 0.671288506280403 0.749793903980324 0.813335512349839 0.862170020696252 0.897834419877782 0.92246333913879 0.938221700746449 0.946899464681021 0.949658443149579 0.946899464681021 0.938221700746449 0.92246333913879 0.897834419877782 0.862170020696252 0.813335512349839 0.749793903980324 
0 0 0 0 0 0 0 0 0 0 0 0 0 0 0 0 0 0 0 0 0 0 0 0 0 0 0 0 0 0 0 0 0 0 0 0 0 0 0 0 0 0 0 0 0 0 0 0 0 0 0 0 0 0 0 0 0 0 0 0 0 0 0 0 0 0 0 0 0 0 0 0 0 0 0 0 0 0 0 0.142760243146809 0.223128737274178 0.320357870715484 0.427601947804939 0.536470249431084 0.639021087279461 0.7292808106982 0.803924907075338 0.862170020696252 0.905164062264459 0.935197717999018 0.954972146605145 0.967036941305955 0.973417305012206 0.975397921274272 0.973417305012206 0.967036941305955 0.954972146605145 0.935197717999018 0.905164062264459 0.862170020696252 0.803924907075338 
0 0 0 0 0 0 0 0 0 0 0 0 0 0 0 0 0 0 0 0 0 0 0 0 0 0 0 0 0 0 0 0 0 0 0 0 0 0 0 0 0 0 0 0 0 0 0 0 0 0 0 0 0 0 0 0 0 0 0 0 0 0 0 0 0 0 0 0 0 0 0 0 0 0 0 0 0 0 0 0.166748048259259 0.255621144923586 0.360485317728838 0.473288441843528 0.584909984288916 0.687288183098041 0.774857596741818 0.845024190708666 0.897834419877782 0.935197717999018 0.960009439242539 0.975397921274272 0.984184154270883 0.988547805189069 0.989848833936131 0.988547805189069 0.984184154270883 0.975397921274272 0.960009439242539 0.935197717999018 0.897834419877782 0.845024190708666 
0 0 0 0 0 0 0 0 0 0 0 0 0 0 0 0 0 0 0 0 0 0 0 0 0 0 0 0 0 0 0 0 0 0 0 0 0 0 0 0 0 0 0 0 0 0 0 0 0 0 0 0 0 0 0 0 0 0 0 0 0 0 0 0 0 0 0 0 0 0 0 0 0 0 0 0 0 0 0.112777919212327 0.187320781306818 0.282864955257186 0.393379544174952 0.509890085097244 0.622803198030451 0.724096521486238 0.808648748418409 0.874525059483075 0.92246333913879 0.954972146605145 0.975397921274272 0.98716979479818 0.993287032356217 0.996022369116245 0.996776899590975 0.996022369116245 0.993287032356217 0.98716979479818 0.975397921274272 0.954972146605145 0.92246333913879 0.874525059483075 
0 0 0 0 0 0 0 0 0 0 0 0 0 0 0 0 0 0 0 0 0 0 0 0 0 0 0 0 0 0 0 0 0 0 0 0 0 0 0 0 0 0 0 0 0 0 0 0 0 0 0 0 0 0 0 0 0 0 0 0 0 0 0 0 0 0 0 0 0 0 0 0 0 0 0 0 0 0 0.123678609826136 0.203065827506706 0.303358786600548 0.417697558207423 0.536470249431084 0.64980792394711 0.749793903980324 0.831692565439143 0.894084976620179 0.938221700746449 0.967036941305955 0.984184154270883 0.993287032356217 0.997452490297822 0.99900410555794 0.999362513249446 0.99900410555794 0.997452490297822 0.993287032356217 0.984184154270883 0.967036941305955 0.938221700746449 0.894084976620179 
0 0 0 0 0 0 0 0 0 0 0 0 0 0 0 0 0 0 0 0 0 0 0 0 0 0 0 0 0 0 0 0 0 0 0 0 0 0 0 0 0 0 0 0 0 0 0 0 0 0 0 0 0 0 0 0 0 0 0 0 0 0 0 0 0 0 0 0 0 0 0 0 0 0 0 0 0 0 0.130593477825267 0.212937405501937 0.316058606295582 0.432590140412183 0.552550110523312 0.665932309635736 0.764916014773431 0.845024190708666 0.905164062264459 0.946899464681021 0.973417305012206 0.988547805189069 0.996022369116245 0.99900410555794 0.999840590199185 0.999960145167248 0.999840590199185 0.99900410555794 0.996022369116245 0.988547805189069 0.973417305012206 0.946899464681021 0.905164062264459 
0 0 0 0 0 0 0 0 0 0 0 0 0 0 0 0 0 0 0 0 0 0 0 0 0 0 0 0 0 0 0 0 0 0 0 0 0 0 0 0 0 0 0 0 0 0 0 0 0 0 0 0 0 0 0 0 0 0 0 0 0 0 0 0 0 0 0 0 0 0 0 0 0 0 0 0 0 0 0.132962105062322 0.216298957454005 0.320357870715484 0.437601639638911 0.557927510483319 0.671288506280403 0.769901442873322 0.849379965443433 0.908742629852029 0.949658443149579 0.975397921274272 0.989848833936131 0.996776899590975 0.999362513249446 0.999960145167248 1 0.999960145167248 0.999362513249446 0.996776899590975 0.989848833936131 0.975397921274272 0.949658443149579 0.908742629852029 
0 0 0 0 0 0 0 0 0 0 0 0 0 0 0 0 0 0 0 0 0 0 0 0 0 0 0 0 0 0 0 0 0 0 0 0 0 0 0 0 0 0 0 0 0 0 0 0 0 0 0 0 0 0 0 0 0 0 0 0 0 0 0 0 0 0 0 0 0 0 0 0 0 0 0 0 0 0 0.130593477825267 0.212937405501937 0.316058606295582 0.432590140412183 0.552550110523312 0.665932309635736 0.764916014773431 0.845024190708666 0.905164062264459 0.946899464681021 0.973417305012206 0.988547805189069 0.996022369116245 0.99900410555794 0.999840590199185 0.999960145167248 0.999840590199185 0.99900410555794 0.996022369116245 0.988547805189069 0.973417305012206 0.946899464681021 0.905164062264459 
0 0 0 0 0 0 0 0 0 0 0 0 0 0 0 0 0 0 0 0 0 0 0 0 0 0 0 0 0 0 0 0 0 0 0 0 0 0 0 0 0 0 0 0 0 0 0 0 0 0 0 0 0 0 0 0 0 0 0 0 0 0 0 0 0 0 0 0 0 0 0 0 0 0 0 0 0 0 0.123678609826136 0.203065827506706 0.303358786600548 0.417697558207423 0.536470249431084 0.64980792394711 0.749793903980324 0.831692565439143 0.894084976620179 0.938221700746449 0.967036941305955 0.984184154270883 0.993287032356217 0.997452490297822 0.99900410555794 0.999362513249446 0.99900410555794 0.997452490297822 0.993287032356217 0.984184154270883 0.967036941305955 0.938221700746449 0.894084976620179 
0 0 0 0 0 0 0 0 0 0 0 0 0 0 0 0 0 0 0 0 0 0 0 0 0 0 0 0 0 0 0 0 0 0 0 0 0 0 0 0 0 0 0 0 0 0 0 0 0 0 0 0 0 0 0 0 0 0 0 0 0 0 0 0 0 0 0 0 0 0 0 0 0 0 0 0 0 0 0.112777919212327 0.187320781306818 0.282864955257186 0.393379544174952 0.509890085097244 0.622803198030451 0.724096521486238 0.808648748418409 0.874525059483075 0.92246333913879 0.954972146605145 0.975397921274272 0.98716979479818 0.993287032356217 0.996022369116245 0.996776899590975 0.996022369116245 0.993287032356217 0.98716979479818 0.975397921274272 0.954972146605145 0.92246333913879 0.874525059483075 
0 0 0 0 0 0 0 0 0 0 0 0 0 0 0 0 0 0 0 0 0 0 0 0 0 0 0 0 0 0 0 0 0 0 0 0 0 0 0 0 0 0 0 0 0 0 0 0 0 0 0 0 0 0 0 0 0 0 0 0 0 0 0 0 0 0 0 0 0 0 0 0 0 0 0 0 0 0 0 0.166748048259259 0.255621144923586 0.360485317728838 0.473288441843528 0.584909984288916 0.687288183098041 0.774857596741818 0.845024190708666 0.897834419877782 0.935197717999018 0.960009439242539 0.975397921274272 0.984184154270883 0.988547805189069 0.989848833936131 0.988547805189069 0.984184154270883 0.975397921274272 0.960009439242539 0.935197717999018 0.897834419877782 0.845024190708666 
0 0 0 0 0 0 0 0 0 0 0 0 0 0 0 0 0 0 0 0 0 0 0 0 0 0 0 0 0 0 0 0 0 0 0 0 0 0 0 0 0 0 0 0 0 0 0 0 0 0 0 0 0 0 0 0 0 0 0 0 0 0 0 0 0 0 0 0 0 0 0 0 0 0 0 0 0 0 0 0.142760243146809 0.223128737274178 0.320357870715484 0.427601947804939 0.536470249431084 0.639021087279461 0.7292808106982 0.803924907075338 0.862170020696252 0.905164062264459 0.935197717999018 0.954972146605145 0.967036941305955 0.973417305012206 0.975397921274272 0.973417305012206 0.967036941305955 0.954972146605145 0.935197717999018 0.905164062264459 0.862170020696252 0.803924907075338 
0 0 0 0 0 0 0 0 0 0 0 0 0 0 0 0 0 0 0 0 0 0 0 0 0 0 0 0 0 0 0 0 0 0 0 0 0 0 0 0 0 0 0 0 0 0 0 0 0 0 0 0 0 0 0 0 0 0 0 0 0 0 0 0 0 0 0 0 0 0 0 0 0 0 0 0 0 0 0 0.117045882094697 0.187320781306818 0.274907029217262 0.374410927033409 0.478466215037724 0.579503441380461 0.671288506280403 0.749793903980324 0.813335512349839 0.862170020696252 0.897834419877782 0.92246333913879 0.938221700746449 0.946899464681021 0.949658443149579 0.946899464681021 0.938221700746449 0.92246333913879 0.897834419877782 0.862170020696252 0.813335512349839 0.749793903980324 
0 0 0 0 0 0 0 0 0 0 0 0 0 0 0 0 0 0 0 0 0 0 0 0 0 0 0 0 0 0 0 0 0 0 0 0 0 0 0 0 0 0 0 0 0 0 0 0 0 0 0 0 0 0 0 0 0 0 0 0 0 0 0 0 0 0 0 0 0 0 0 0 0 0 0 0.100692484575402 0 0 0 0 0.150453860515103 0.226596981963692 0.316058606295582 0.41278236981315 0.509890085097244 0.601146567860472 0.681967387303204 0.749793903980324 0.803924907075338 0.845024190708666 0.874525059483075 0.894084976620179 0.905164062264459 0.908742629852029 0.905164062264459 0.894084976620179 0.874525059483075 0.845024190708666 0.803924907075338 0.749793903980324 0.681967387303204 
0 0 0 0 0 0 0 0 0 0 0 0 0 0 0 0 0 0 0 0 0 0 0 0 0 0 0 0 0 0 0 0 0 0 0 0 0 0 0 0 0 0 0 0 0 0 0 0 0 0 0 0 0 0 0 0 0 0 0 0 0 0 0 0 0 0 0 0 0 0 0 0.125190663414 0.153969574170007 0.177311905213896 0.192471198362885 0.197719443104673 0.192471198362885 0.177311905213896 0.153969574170007 0.125190663414 0.114896663488234 0.178295347961765 0.255621144923586 0.34233792561265 0.432590140412183 0.520484800861251 0.601146567860472 0.671288506280403 0.7292808106982 0.774857596741818 0.808648748418409 0.831692565439143 0.845024190708666 0.849379965443433 0.845024190708666 0.831692565439143 0.808648748418409 0.774857596741818 0.7292808106982 0.671288506280403 0.601146567860472 
0 0 0 0 0 0 0 0 0 0 0 0 0 0 0 0 0 0 0 0 0 0 0 0 0 0 0 0 0 0 0 0 0 0 0 0 0 0 0 0 0 0 0 0 0 0 0 0 0 0 0 0 0 0 0 0 0 0 0 0 0 0 0 0 0 0 0 0 0 0.129032167400704 0.177311905213896 0.225436948126087 0.268381339755955 0.301966205404137 0.323242173213885 0.330515821523994 0.323242173213885 0.301966205404137 0.268381339755955 0.225436948126087 0.177311905213896 0.132962105062322 0.196661952148726 0.270980017932272 0.351350466229028 0.432590140412183 0.509890085097244 0.579503441380461 0.639021087279461 0.687288183098041 0.724096521486238 0.749793903980324 0.764916014773431 0.769901442873322 0.764916014773431 0.749793903980324 0.724096521486238 0.687288183098041 0.639021087279461 0.579503441380461 0.509890085097244 
0 0 0 0 0 0 0 0 0 0 0 0 0 0 0 0 0 0 0 0 0 0 0 0 0 0 0 0 0 0 0 0 0 0 0 0 0 0 0 0 0 0 0 0 0 0 0 0 0 0 0 0 0 0 0 0 0 0 0 0 0 0 0 0 0 0 0 0 0.153969574170007 0.21969606384552 0.288246747940293 0.352864518829096 0.407892505183624 0.449382755873488 0.475012317422744 0.4836620781975 0.475012317422744 0.449382755873488 0.407892505183624 0.352864518829096 0.288246747940293 0.21969606384552 0.153969574170007 0.203065827506706 0.270980017932272 0.34233792561265 0.41278236981315 0.478466215037724 0.536470249431084 0.584909984288916 0.622803198030451 0.64980792394711 0.665932309635736 0.671288506280403 0.665932309635736 0.64980792394711 0.622803198030451 0.584909984288916 0.536470249431084 0.478466215037724 0.41278236981315 
0 0 0 0 0 0 0 0 0 0 0 0 0 0 0 0 0 0 0 0 0 0 0 0 0 0 0 0 0 0 0 0 0 0 0 0 0 0 0 0 0 0 0 0 0 0 0 0 0 0 0 0 0 0 0 0 0 0 0 0 0 0 0 0 0 0 0 0.163021388703181 0.243252094649978 0.330515821523994 0.416056378124638 0.492360316662318 0.554341703344906 0.599341703750742 0.62641006488962 0.635420390446752 0.62641006488962 0.599341703750742 0.554341703344906 0.492360316662318 0.416056378124638 0.330515821523994 0.243252094649978 0.163021388703181 0.196661952148726 0.255621144923586 0.316058606295582 0.374410927033409 0.427601947804939 0.473288441843528 0.509890085097244 0.536470249431084 0.552550110523312 0.557927510483319 0.552550110523312 0.536470249431084 0.509890085097244 0.473288441843528 0.427601947804939 0.374410927033409 0.316058606295582 
0 0 0 0 0 0 0 0 0 0 0 0 0 0 0 0 0 0 0 0 0 0 0 0 0 0 0 0 0 0 0 0 0 0 0 0 0 0 0 0 0 0 0 0 0 0 0 0 0 0 0 0 0 0 0 0 0 0 0 0 0 0 0 0 0 0.122612727168629 0.15631514733855 0.243252094649978 0.345328355440562 0.449382755873488 0.545393148849829 0.62641006488962 0.689058785152317 0.732725159387735 0.758224936516815 0.766581016240933 0.758224936516815 0.732725159387735 0.689058785152317 0.62641006488962 0.545393148849829 0.449382755873488 0.345328355440562 0.243252094649978 0.153969574170007 0.178295347961765 0.226596981963692 0.274907029217262 0.320357870715484 0.360485317728838 0.393379544174952 0.417697558207423 0.432590140412183 0.437601639638911 0.432590140412183 0.417697558207423 0.393379544174952 0.360485317728838 0.320357870715484 0.274907029217262 0.226596981963692 
0 0 0 0 0 0 0 0 0 0 0 0 0 0 0 0 0 0 0 0 0 0 0 0 0 0 0 0 0 0 0 0 0 0 0 0 0 0 0 0 0 0 0 0 0 0 0 0 0 0 0 0.109542130756352 0.126461397256951 0.139711023149307 0.148143100518045 0.151035674181538 0.148143100518045 0.139711023149307 0.126461397256951 0.109542130756352 0 0 0 0.106920594631704 0.147992000292804 0.193019032456538 0.239110844796065 0.330515821523994 0.449382755873488 0.563312339004762 0.662355943303985 0.741292464496538 0.799164955770888 0.837665753786066 0.859364520450072 0.866337904026611 0.859364520450072 0.837665753786066 0.799164955770888 0.741292464496538 0.662355943303985 0.563312339004762 0.449382755873488 0.330515821523994 0.21969606384552 0.129032167400704 0.150453860515103 0.187320781306818 0.223128737274178 0.255621144923586 0.282864955257186 0.303358786600548 0.316058606295582 0.320357870715484 0.316058606295582 0.303358786600548 0.282864955257186 0.255621144923586 0.223128737274178 0.187320781306818 0.150453860515103 
0 0 0 0 0 0 0 0 0 0 0 0 0 0 0 0 0 0 0 0 0 0 0 0 0 0 0 0 0 0 0 0 0 0 0 0 0 0 0 0 0 0 0 0 0 0 0 0 0 0.126461397256951 0.156945020232209 0.185625653115165 0.21034743289174 0.229319095652364 0.24122880273085 0.245286322140164 0.24122880273085 0.229319095652364 0.21034743289174 0.185625653115165 0.156945020232209 0.126461397256951 0.115684923412261 0.16497520084146 0.220595950308704 0.279078188626429 0.336709967050833 0.416056378124638 0.545393148849829 0.662355943303985 0.758224936516815 0.830187553233752 0.879870231467196 0.911095850168918 0.927891927274027 0.93314582184722 0.927891927274027 0.911095850168918 0.879870231467196 0.830187553233752 0.758224936516815 0.662355943303985 0.545393148849829 0.416056378124638 0.288246747940293 0.177311905213896 0 0.117045882094697 0.142760243146809 0.166748048259259 0.187320781306818 0.203065827506706 0.212937405501937 0.216298957454005 0.212937405501937 0.203065827506706 0.187320781306818 0.166748048259259 0.142760243146809 0.117045882094697 0 
0 0 0 0 0 0 0 0 0 0 0 0 0 0 0 0 0 0 0 0 0 0 0 0 0 0 0 0 0 0 0 0 0 0 0 0 0 0 0 0 0 0 0 0 0 0 0 0.125414203250862 0.159962223991193 0.203065827506706 0.245286322140164 0.283757683999393 0.316058606295583 0.340352007550202 0.355395457514136 0.360485317728838 0.355395457514136 0.340352007550202 0.316058606295583 0.283757683999393 0.245286322140164 0.203065827506706 0.170937996594823 0.235329104562611 0.304902286465511 0.375151121715154 0.441839534964326 0.501565414362398 0.62641006488962 0.741292464496538 0.830187553233752 0.892822829742286 0.93314582184722 0.956682192461664 0.968511219632588 0.972056081486504 0.968511219632588 0.956682192461664 0.93314582184722 0.892822829742286 0.830187553233752 0.741292464496538 0.62641006488962 0.492360316662318 0.352864518829096 0.225436948126087 0.125190663414 0 0 0 0.112777919212327 0.123678609826136 0.130593477825267 0.132962105062322 0.130593477825267 0.123678609826136 0.112777919212327 0 0 0 0 
0 0 0 0 0 0 0 0 0 0 0 0 0 0 0 0 0 0 0 0 0 0 0 0 0 0 0 0 0 0 0 0 0 0 0 0 0 0 0 0 0 0 0 0 0 0.128120363112805 0.167412019825651 0.206898973949258 0.243610281592228 0.297351252081012 0.350342984824392 0.397119179587248 0.435371463173613 0.463559762511294 0.480773291793291 0.486556251715438 0.480773291793291 0.463559762511294 0.435371463173613 0.397119179587248 0.350342984824392 0.297351252081012 0.24122880273085 0.313809012198177 0.395148915389532 0.474104756668249 0.546333955216652 0.608841665714828 0.689058785152317 0.799164955770888 0.879870231467196 0.93314582184722 0.964765642858517 0.981463942905692 0.98899005057738 0.991072572182266 0.98899005057738 0.981463942905692 0.964765642858517 0.93314582184722 0.879870231467196 0.799164955770888 0.689058785152317 0.554341703344906 0.407892505183624 0.268381339755955 0.153969574170007 0 0 0 0 0 0 0 0 0 0 0 0 0 0 
0 0 0 0 0 0 0 0 0 0 0 0 0 0 0 0 0 0 0 0 0 0 0 0 0 0 0 0 0 0 0 0 0 0 0 0 0 0 0 0 0 0 0 0.105305318414363 0.151378689599261 0.203065827506706 0.256731355278157 0.308551931692217 0.355097213752874 0.402489600208388 0.463559762511294 0.515769430957295 0.557329640381079 0.587314027897617 0.605358231792299 0.61137498938089 0.605358231792299 0.587314027897617 0.557329640381079 0.515769430957295 0.463559762511294 0.402489600208388 0.335414361828048 0.395148915389532 0.485032337719083 0.568987735338826 0.642998044918572 0.704827540960449 0.753796605759244 0.837665753786066 0.911095850168918 0.956682192461664 0.981463942905692 0.992939597787242 0.997236074820564 0.998230206735349 0.997236074820564 0.992939597787242 0.981463942905692 0.956682192461664 0.911095850168918 0.837665753786066 0.732725159387735 0.599341703750742 0.449382755873488 0.301966205404137 0.177311905213896 0 0 0 0 0 0 0 0 0 0 0 0 0 0 
0 0 0 0 0 0 0 0 0 0 0 0 0 0 0 0 0 0 0 0 0 0 0 0 0 0 0 0 0 0 0 0 0 0 0 0 0 0 0 0 0 0 0.110080880969932 0.164111148969758 0.226802104064376 0.293850304695931 0.360485317728838 0.422346315289189 0.476027324028859 0.519235617952595 0.575301221433991 0.629414704975999 0.671288506280403 0.700821295969133 0.718312255391395 0.724096521486238 0.718312255391395 0.700821295969133 0.671288506280403 0.629414704975999 0.575301221433991 0.509890085097244 0.435371463173613 0.474104756668249 0.568987735338826 0.654341628001101 0.726827706033418 0.785191529141158 0.82979072874981 0.861949311456039 0.927891927274027 0.968511219632588 0.98899005057738 0.997236074820564 0.99955725773955 0.999889296053199 0.99955725773955 0.997236074820564 0.98899005057738 0.968511219632588 0.927891927274027 0.859364520450072 0.758224936516815 0.62641006488962 0.475012317422744 0.323242173213885 0.192471198362885 0 0 0 0 0 0 0 0 0 0 0 0 0 0 
0 0 0 0 0 0 0 0 0 0 0 0 0 0 0 0 0 0 0 0 0 0 0 0 0 0 0 0 0 0 0 0 0 0 0 0 0 0 0 0 0 0.105305318414363 0.164111148969758 0.235107874534642 0.313544953795974 0.393661802129732 0.469948052066643 0.538042858999982 0.59509552005819 0.639656266744516 0.677227061772247 0.729855537984702 0.769348934107357 0.796505292377609 0.812297262906902 0.817469618463246 0.812297262906902 0.796505292377609 0.769348934107357 0.729855537984702 0.677227061772247 0.61137498938089 0.533502257702619 0.546333955216652 0.642998044918572 0.726827706033418 0.795382229689234 0.848466718658151 0.887441818703273 0.91445524372832 0.93314582184722 0.972056081486504 0.991072572182266 0.998230206735349 0.999889296053199 1 0.999889296053199 0.998230206735349 0.991072572182266 0.972056081486504 0.93314582184722 0.866337904026611 0.766581016240933 0.635420390446752 0.4836620781975 0.330515821523994 0.197719443104673 0.100692484575402 0 0 0 0 0 0 0 0 0 0 0 0 0 
0 0 0 0 0 0 0 0 0 0 0 0 0 0 0 0 0 0 0 0 0 0 0 0 0 0 0 0 0 0 0 0 0 0 0 0 0 0 0 0 0 0.151378689599261 0.226802104064376 0.313544953795974 0.405028135551773 0.494413681560494 0.576007282315115 0.646003689406503 0.70254460558656 0.745301623766704 0.774857596741818 0.812297262906902 0.847449640147229 0.870911096456656 0.884253763838992 0.888571687348732 0.884253763838992 0.870911096456656 0.847449640147229 0.812297262906902 0.76380426509875 0.700821295969133 0.623404430735078 0.608841665714828 0.704827540960449 0.785191529141158 0.848466718658151 0.895472829736457 0.928453253817881 0.950230652626895 0.963541515953135 0.970588122809394 0.98899005057738 0.997236074820564 0.99955725773955 0.999889296053199 0.99955725773955 0.997236074820564 0.98899005057738 0.968511219632588 0.927891927274027 0.859364520450072 0.758224936516815 0.62641006488962 0.475012317422744 0.323242173213885 0.192471198362885 0 0 0 0 0 0 0 0 0 0 0 0 0 0 
0 0 0 0 0 0 0 0 0 0 0 0 0 0 0 0 0 0 0 0 0 0 0 0 0 0 0 0 0 0 0 0 0 0 0 0 0 0 0 0 0.128120363112805 0.203065827506706 0.293850304695931 0.393661802129732 0.494413681560494 0.588728454041014 0.671288506280403 0.739282385543279 0.792101469648579 0.830630684626376 0.856454346864764 0.875422276054583 0.905164062264459 0.924292069829058 0.934857722203471 0.938221700746449 0.934857722203471 0.924292069829058 0.905164062264459 0.875422276054583 0.832693325133238 0.774857596741818 0.700821295969133 0.660000800008478 0.753796605759244 0.82979072874981 0.887441818703273 0.928453253817881 0.95578600783865 0.972776573374041 0.982490559621666 0.987318464124346 0.988758356812193 0.992939597787242 0.997236074820564 0.998230206735349 0.997236074820564 0.992939597787242 0.981463942905692 0.956682192461664 0.911095850168918 0.837665753786066 0.732725159387735 0.599341703750742 0.449382755873488 0.301966205404137 0.177311905213896 0 0 0 0 0 0 0 0 0 0 0 0 0 0 
0 0 0 0 0 0 0 0 0 0 0 0 0 0 0 0 0 0 0 0 0 0 0 0 0 0 0 0 0 0 0 0 0 0 0 0 0 0 0 0 0.167412019825651 0.256731355278157 0.360485317728838 0.469948052066643 0.576007282315115 0.671288506280403 0.751286978828872 0.814432787441337 0.861429468135161 0.894307071347273 0.915521348605088 0.927262271745589 0.944707071983589 0.959463537531385 0.967284878157878 0.969715258425567 0.967284878157878 0.959463537531385 0.944707071983589 0.920615577146496 0.884253763838992 0.832693325133238 0.76380426509875 0.699277924895135 0.790305353375862 0.861949311456039 0.91445524372832 0.950230652626895 0.972776573374041 0.98579359648361 0.992564511281568 0.995593600836996 0.996429319971766 0.995593600836996 0.992564511281568 0.991072572182266 0.98899005057738 0.981463942905692 0.964765642858517 0.93314582184722 0.879870231467196 0.799164955770888 0.689058785152317 0.554341703344906 0.407892505183624 0.268381339755955 0.15631514733855 0 0 0 0 0 0 0 0 0 0 0 0 0 0 
0 0 0 0 0 0 0 0 0 0 0 0 0 0 0 0 0 0 0 0 0 0 0 0 0 0 0 0 0 0 0 0 0 0 0 0 0 0 0 0.125414203250862 0.206898973949258 0.308551931692217 0.422346315289189 0.538042858999982 0.646003689406503 0.739282385543279 0.814432787441337 0.871178188473277 0.911439702157671 0.938221700746449 0.954667180405105 0.963396204640244 0.969715258425567 0.980510630879895 0.985880533923628 0.9874826556066 0.985880533923628 0.980510630879895 0.969715258425567 0.950862905374344 0.920615577146496 0.875422276054583 0.812297262906902 0.729855537984702 0.815297561312005 0.883336327614971 0.931780343280334 0.963541515953135 0.982490559621666 0.992564511281568 0.997177663292007 0.998896575233025 0.999293667817605 0.998896575233025 0.997177663292007 0.992564511281568 0.982490559621666 0.963541515953135 0.93314582184722 0.892822829742286 0.830187553233752 0.741292464496538 0.62641006488962 0.501565414362398 0.380103984919807 0.2666801364936 0.170937996594823 0 0 0 0 0 0 0 0 0 0 0 0 0 0 
0 0 0 0 0 0 0 0 0 0 0 0 0 0 0 0 0 0 0 0 0 0 0 0 0 0 0 0 0 0 0 0 0 0 0 0 0 0 0 0.151378689599261 0.243610281592228 0.355097213752874 0.476027324028859 0.59509552005819 0.70254460558656 0.792101469648579 0.861429468135161 0.911439702157671 0.945078372101069 0.966110380310017 0.978176261192094 0.984184154270883 0.985977390300901 0.991718921866541 0.995091637797966 0.996022369116245 0.995091637797966 0.991718921866541 0.984184154270883 0.969715258425567 0.944707071983589 0.905164062264459 0.847449640147229 0.769348934107357 0.82979072874981 0.895472829736457 0.941334338526321 0.970588122809394 0.987318464124346 0.995593600836996 0.998896575233025 0.999823370162762 0.999955839615567 0.999823370162762 0.998896575233025 0.995593600836996 0.987318464124346 0.970588122809394 0.941334338526321 0.895472829736457 0.82979072874981 0.743087867008543 0.637315772149669 0.518249923508899 0.395148915389532 0.279078188626429 0.180169320275932 0.104812147829233 0 0 0 0 0 0 0 0 0 0 0 0 0 
0 0 0 0 0 0 0 0 0 0 0 0 0 0 0 0 0 0 0 0 0 0 0 0 0 0 0 0 0 0 0 0 0 0 0 0 0 0 0 0.174156622341455 0.274907029217263 0.393661802129732 0.519235617952595 0.639656266744516 0.745301623766704 0.830630684626376 0.894307071347273 0.938221700746449 0.966110380310017 0.982285801050889 0.990720689913518 0.994498837364076 0.995541724446256 0.996855866596497 0.998770644333834 0.999213038173025 0.998770644333834 0.996855866596497 0.991718921866541 0.980510630879895 0.959463537531385 0.924292069829058 0.870911096456656 0.796505292377609 0.834531383832544 0.899396384789191 0.944373889418294 0.972776573374041 0.988758356812193 0.996429319971766 0.999293667817605 0.999955839615567 1 0.999955839615567 0.999293667817605 0.996429319971766 0.988758356812193 0.972776573374041 0.944373889418294 0.899396384789191 0.834531383832544 0.748456135621549 0.642998044918572 0.523841320028272 0.400224375161453 0.283287615124852 0.183323525569634 0.106920594631704 0 0 0 0 0 0 0 0 0 0 0 0 0 
0 0 0 0 0 0 0 0 0 0 0 0 0 0 0 0 0 0 0 0 0 0 0 0 0 0 0 0 0 0 0 0 0 0 0 0 0 0 0.110080880969932 0.19186019599356 0.298704272491057 0.422346315289189 0.550654124888253 0.671288506280403 0.774857596741818 0.856454346864764 0.915521348605088 0.954667180405105 0.978176261192094 0.990720689913518 0.996475760916957 0.998621863065444 0.999117773430165 0.998770644333834 0.999803201456378 0.999950796732771 0.999803201456378 0.998770644333834 0.995091637797966 0.985880533923628 0.967284878157878 0.934857722203471 0.884253763838992 0.812297262906902 0.82979072874981 0.895472829736457 0.941334338526321 0.970588122809394 0.987318464124346 0.995593600836996 0.998896575233025 0.999823370162762 0.999955839615567 0.999823370162762 0.998896575233025 0.995593600836996 0.987318464124346 0.970588122809394 0.941334338526321 0.895472829736457 0.82979072874981 0.743087867008543 0.637315772149669 0.518249923508899 0.395148915389532 0.279078188626429 0.180169320275932 0.104812147829233 0 0 0 0 0 0 0 0 0 0 0 0 0 
0 0 0 0 0 0 0 0 0 0 0 0 0 0 0 0 0 0 0 0 0 0 0 0 0 0 0 0 0 0 0 0 0 0 0 0 0 0 0.117556033730823 0.203065827506706 0.313544953795974 0.439967905193794 0.569655869346852 0.690099590672575 0.792101469648579 0.871178188473277 0.927262271745589 0.963396204640244 0.984184154270883 0.994498837364076 0.998621863065444 0.999779370352118 0.999944838023932 0.999779370352118 0.999950796732771 1 0.999950796732771 0.999213038173025 0.996022369116245 0.9874826556066 0.969715258425567 0.938221700746449 0.888571687348732 0.817469618463246 0.815297561312005 0.883336327614971 0.931780343280334 0.963541515953135 0.982490559621666 0.992564511281568 0.997177663292007 0.998896575233025 0.999293667817605 0.998896575233025 0.997177663292007 0.992564511281568 0.982490559621666 0.963541515953135 0.931780343280334 0.883336327614971 0.815297561312005 0.726827706033418 0.620239698800861 0.501565414362398 0.380103984919807 0.2666801364936 0.170937996594823 0 0 0 0 0 0 0 0 0 0 0 0 0 0 
0 0 0 0 0 0 0 0 0 0 0 0 0 0 0 0 0 0 0 0 0 0 0 0 0 0 0 0 0 0 0 0 0 0 0 0 0 0 0.120132386710025 0.206898973949258 0.318583623232847 0.445905261553246 0.576007282315115 0.696332705725389 0.797758239105781 0.875948869756177 0.93100382538046 0.966110380310017 0.985977390300901 0.995541724446256 0.999117773430165 0.999944838023932 1 0.999944838023932 0.999803201456378 0.999950796732771 0.999803201456378 0.998770644333834 0.995091637797966 0.985880533923628 0.967284878157878 0.934857722203471 0.884253763838992 0.812297262906902 0.790305353375862 0.861949311456039 0.91445524372832 0.950230652626895 0.972776573374041 0.98579359648361 0.992564511281568 0.995593600836996 0.996429319971766 0.995593600836996 0.992564511281568 0.98579359648361 0.972776573374041 0.950230652626895 0.91445524372832 0.861949311456039 0.790305353375862 0.699277924895135 0.591744034005843 0.474104756668249 0.355662416861082 0.246792218905345 0.15631514733855 0 0 0 0 0 0 0 0 0 0 0 0 0 0 
0 0 0 0 0 0 0 0 0 0 0 0 0 0 0 0 0 0 0 0 0 0 0 0 0 0 0 0 0 0 0 0 0 0 0 0 0 0 0.117556033730823 0.203065827506706 0.313544953795974 0.439967905193794 0.569655869346852 0.690099590672575 0.792101469648579 0.871178188473277 0.927262271745589 0.963396204640244 0.984184154270883 0.994498837364076 0.998621863065444 0.999779370352118 0.999944838023932 0.999779370352118 0.998770644333834 0.999213038173025 0.998770644333834 0.996855866596497 0.991718921866541 0.980510630879895 0.959463537531385 0.924292069829058 0.870911096456656 0.796505292377609 0.753796605759244 0.82979072874981 0.887441818703273 0.928453253817881 0.95578600783865 0.972776573374041 0.982490559621666 0.987318464124346 0.988758356812193 0.987318464124346 0.982490559621666 0.972776573374041 0.95578600783865 0.928453253817881 0.887441818703273 0.82979072874981 0.753796605759244 0.660000800008478 0.551984532544251 0.436544676604533 0.32286183457838 0.220595950308704 0.137409722277032 0 0 0 0 0 0 0 0 0 0 0 0 0 0 
0 0 0 0 0 0 0 0 0 0 0 0 0 0 0 0 0 0 0 0 0 0 0 0 0 0 0 0 0 0 0 0 0 0 0 0 0 0 0.110080880969932 0.19186019599356 0.298704272491057 0.422346315289189 0.550654124888253 0.671288506280403 0.774857596741818 0.856454346864764 0.915521348605088 0.954667180405105 0.978176261192094 0.990720689913518 0.996475760916957 0.998621863065444 0.999117773430165 0.998621863065444 0.996475760916957 0.996022369116245 0.995091637797966 0.991718921866541 0.984184154270883 0.969715258425567 0.944707071983589 0.905164062264459 0.847449640147229 0.769348934107357 0.704827540960449 0.785191529141158 0.848466718658151 0.895472829736457 0.928453253817881 0.950230652626895 0.963541515953135 0.970588122809394 0.972776573374041 0.970588122809394 0.963541515953135 0.950230652626895 0.928453253817881 0.895472829736457 0.848466718658151 0.785191529141158 0.704827540960449 0.608841665714828 0.501565414362398 0.390103363731369 0.283287615124852 0.189748279998623 0.115684923412261 0 0 0 0 0 0 0 0 0 0 0 0 0 0 
0 0 0 0 0 0 0 0 0 0 0 0 0 0 0 0 0 0 0 0 0 0 0 0 0 0 0 0 0 0 0 0 0 0 0 0 0 0 0 0.174156622341455 0.274907029217263 0.393661802129732 0.519235617952595 0.639656266744516 0.745301623766704 0.830630684626376 0.894307071347273 0.938221700746449 0.966110380310017 0.982285801050889 0.990720689913518 0.994498837364076 0.995541724446256 0.994498837364076 0.990720689913518 0.9874826556066 0.985880533923628 0.980510630879895 0.969715258425567 0.950862905374344 0.920615577146496 0.875422276054583 0.812297262906902 0.729855537984702 0.642998044918572 0.726827706033418 0.795382229689234 0.848466718658151 0.887441818703273 0.91445524372832 0.931780343280334 0.941334338526321 0.944373889418294 0.941334338526321 0.931780343280334 0.91445524372832 0.887441818703273 0.848466718658151 0.795382229689234 0.726827706033418 0.642998044918572 0.546333955216652 0.441839534964326 0.336709967050833 0.239110844796065 0.15631514733855 0 0 0 0 0 0 0 0 0 0 0 0 0 0 0 
0 0 0 0 0 0 0 0 0 0 0 0 0 0 0 0 0 0 0 0 0 0 0 0 0 0 0 0 0 0 0 0 0 0 0 0 0 0 0 0.151378689599261 0.243610281592228 0.355097213752874 0.476027324028859 0.59509552005819 0.70254460558656 0.792101469648579 0.861429468135161 0.911439702157671 0.945078372101069 0.966110380310017 0.978176261192094 0.984184154270883 0.985977390300901 0.984184154270883 0.978176261192094 0.969715258425567 0.967284878157878 0.959463537531385 0.944707071983589 0.920615577146496 0.884253763838992 0.832693325133238 0.76380426509875 0.677227061772247 0.575301221433991 0.654341628001101 0.726827706033418 0.785191529141158 0.82979072874981 0.861949311456039 0.883336327614971 0.895472829736457 0.899396384789191 0.895472829736457 0.883336327614971 0.861949311456039 0.82979072874981 0.785191529141158 0.726827706033418 0.654341628001101 0.568987735338826 0.474104756668249 0.375151121715154 0.279078188626429 0.193019032456538 0.122612727168629 0 0 0 0 0 0 0 0 0 0 0 0 0 0 0 
0 0 0 0 0 0 0 0 0 0 0 0 0 0 0 0 0 0 0 0 0 0 0 0 0 0 0 0 0 0 0 0 0 0 0 0 0 0 0 0.125414203250862 0.206898973949258 0.308551931692217 0.422346315289189 0.538042858999982 0.646003689406503 0.739282385543279 0.814432787441337 0.871178188473277 0.911439702157671 0.938221700746449 0.954667180405105 0.963396204640244 0.966110380310017 0.963396204640244 0.954667180405105 0.938221700746449 0.934857722203471 0.924292069829058 0.905164062264459 0.875422276054583 0.832693325133238 0.774857596741818 0.700821295969133 0.61137498938089 0.509890085097244 0.568987735338826 0.642998044918572 0.704827540960449 0.753796605759244 0.790305353375862 0.815297561312005 0.82979072874981 0.834531383832544 0.82979072874981 0.815297561312005 0.790305353375862 0.753796605759244 0.704827540960449 0.642998044918572 0.568987735338826 0.485032337719083 0.395148915389532 0.304902286465511 0.220595950308704 0.147992000292804 0 0 0 0 0 0 0 0 0 0 0 0 0 0 0 0 
