0 0 0 0 0 0 0 0 0 0 0 0 0 0 0 0 0 0 0 0 0 0 0 0 0 0 0 0 0 0 0 0 0 0 0 0 0 0 0 0 0 0 0 0 0 0 0 0 0 0 0 0 0.106920594631704 0.183323525569634 0.283287615124852 0.400224375161453 0.523841320028272 0.642998044918572 0.748456135621549 0.834531383832544 0.899396384789191 0.944373889418294 0.972776573374041 0.988758356812193 0.996429319971766 0.999293667817605 0.999955839615567 1 0.999955839615567 0.999293667817605 0.996429319971766 0.988758356812193 0.972776573374041 0.944373889418294 0.899396384789191 0.834531383832544 0.748456135621549 0.642998044918572 0.523841320028272 0.400224375161453 0.283287615124852 0.183323525569634 0.106920594631704 0 0 0 0 0 0 0 0 0 0 0 0 0 0 0 0 0 0 
0 0 0 0 0 0 0 0 0 0 0 0 0 0 0 0 0 0 0 0 0 0 0 0 0 0 0 0 0 0 0 0 0 0 0 0 0 0 0 0 0 0 0 0 0 0 0 0 0 0 0 0 0.104812147829233 0.180169320275932 0.279078188626429 0.395148915389532 0.518249923508899 0.637315772149669 0.743087867008543 0.82979072874981 0.895472829736457 0.941334338526321 0.970588122809394 0.987318464124346 0.995593600836996 0.998896575233025 0.999823370162762 0.999955839615567 0.999823370162762 0.998896575233025 0.995593600836996 0.987318464124346 0.970588122809394 0.941334338526321 0.895472829736457 0.82979072874981 0.743087867008543 0.637315772149669 0.518249923508899 0.395148915389532 0.279078188626429 0.180169320275932 0.104812147829233 0 0 0 0 0 0 0 0 0 0 0 0 0 0 0 0 0 0 
0 0 0 0 0 0 0 0 0 0 0 0 0 0 0 0 0 0 0 0 0 0 0 0 0 0 0 0 0 0 0 0 0 0 0 0 0 0 0 0 0 0 0 0 0 0 0 0 0 0 0 0 0 0.170937996594823 0.2666801364936 0.380103984919807 0.501565414362398 0.620239698800861 0.726827706033418 0.815297561312005 0.883336327614971 0.931780343280334 0.963541515953135 0.982490559621666 0.992564511281568 0.997177663292007 0.998896575233025 0.999293667817605 0.998896575233025 0.997177663292007 0.992564511281568 0.982490559621666 0.963541515953135 0.931780343280334 0.883336327614971 0.815297561312005 0.726827706033418 0.620239698800861 0.501565414362398 0.380103984919807 0.2666801364936 0.170937996594823 0 0 0 0 0 0 0 0 0 0 0 0 0 0 0 0 0 0 0 
0 0 0 0 0 0 0 0 0 0 0 0 0 0 0 0 0 0 0 0 0 0 0 0 0 0 0 0 0 0 0 0 0 0 0 0 0 0 0 0 0 0 0 0 0 0 0 0 0 0 0 0 0 0.15631514733855 0.246792218905345 0.355662416861082 0.474104756668249 0.591744034005843 0.699277924895135 0.790305353375862 0.861949311456039 0.91445524372832 0.950230652626895 0.972776573374041 0.98579359648361 0.992564511281568 0.995593600836996 0.996429319971766 0.995593600836996 0.992564511281568 0.98579359648361 0.972776573374041 0.950230652626895 0.91445524372832 0.861949311456039 0.790305353375862 0.699277924895135 0.591744034005843 0.474104756668249 0.355662416861082 0.246792218905345 0.15631514733855 0 0 0 0 0 0 0 0 0 0 0 0 0 0 0 0 0 0 0 
0 0 0 0 0 0 0 0 0 0 0 0 0 0 0 0 0 0 0 0 0 0 0 0 0 0 0 0 0 0 0 0 0 0 0 0 0 0 0 0 0 0 0 0 0 0 0 0 0 0 0 0 0 0.137409722277032 0.220595950308704 0.32286183457838 0.436544676604533 0.551984532544251 0.660000800008478 0.753796605759244 0.82979072874981 0.887441818703273 0.928453253817881 0.95578600783865 0.972776573374041 0.982490559621666 0.987318464124346 0.988758356812193 0.987318464124346 0.982490559621666 0.972776573374041 0.95578600783865 0.928453253817881 0.887441818703273 0.82979072874981 0.753796605759244 0.660000800008478 0.551984532544251 0.436544676604533 0.32286183457838 0.220595950308704 0.137409722277032 0 0 0 0 0 0 0 0 0 0 0 0 0 0 0 0 0 0 0 
0 0 0 0 0 0 0 0 0 0 0 0 0 0 0 0 0 0 0 0 0 0 0 0 0 0 0 0 0 0 0 0 0 0 0 0.118677929830109 0.139024843303116 0.155080486216545 0.165343416535862 0.168871091339326 0.165343416535862 0.155080486216545 0.139024843303116 0.118677929830109 0 0 0 0 0 0 0 0 0 0.115684923412261 0.189748279998623 0.283287615124852 0.390103363731369 0.501565414362398 0.608841665714828 0.704827540960449 0.785191529141158 0.848466718658151 0.895472829736457 0.928453253817881 0.950230652626895 0.963541515953135 0.970588122809394 0.972776573374041 0.970588122809394 0.963541515953135 0.950230652626895 0.928453253817881 0.895472829736457 0.848466718658151 0.785191529141158 0.704827540960449 0.608841665714828 0.501565414362398 0.390103363731369 0.283287615124852 0.189748279998623 0.115684923412261 0 0 0 0 0 0 0 0 0 0 0 0 0 0 0 0 0 0 0 
0 0 0 0 0 0 0 0 0 0 0 0 0 0 0 0 0 0 0 0 0 0 0 0 0 0 0 0 0 0 0 0 0 0.132962105062322 0.168871091339326 0.203065827506706 0.23275198576861 0.255621144923586 0.270003698857246 0.274907029217262 0.270003698857246 0.255621144923586 0.23275198576861 0.203065827506706 0.168871091339326 0.132962105062322 0 0 0 0 0 0 0 0 0.15631514733855 0.239110844796065 0.336709967050833 0.441839534964326 0.546333955216652 0.642998044918572 0.726827706033418 0.795382229689234 0.848466718658151 0.887441818703273 0.91445524372832 0.931780343280334 0.941334338526321 0.944373889418294 0.941334338526321 0.931780343280334 0.91445524372832 0.887441818703273 0.848466718658151 0.795382229689234 0.726827706033418 0.642998044918572 0.546333955216652 0.441839534964326 0.336709967050833 0.239110844796065 0.15631514733855 0 0 0 0 0 0 0 0 0 0 0 0 0 0 0 0 0 0 0 0 
0 0 0 0 0 0 0 0 0 0 0 0 0 0 0 0 0 0 0 0 0 0 0 0 0 0 0 0 0 0 0 0.118677929830109 0.165343416535862 0.215455236911485 0.265154799099778 0.310730738161097 0.349085762251729 0.377933219110864 0.395781722747518 0.401816508327864 0.395781722747518 0.377933219110864 0.349085762251729 0.310730738161097 0.265154799099778 0.215455236911485 0.165343416535862 0.118677929830109 0 0 0 0 0 0 0.122612727168629 0.193019032456538 0.279078188626429 0.375151121715154 0.474104756668249 0.568987735338826 0.654341628001101 0.726827706033418 0.785191529141158 0.82979072874981 0.861949311456039 0.883336327614971 0.895472829736457 0.899396384789191 0.895472829736457 0.883336327614971 0.861949311456039 0.82979072874981 0.785191529141158 0.726827706033418 0.654341628001101 0.568987735338826 0.474104756668249 0.375151121715154 0.279078188626429 0.193019032456538 0.122612727168629 0 0 0 0 0 0 0 0 0 0 0 0 0 0 0 0 0 0 0 0 
0 0 0 0 0 0 0 0 0 0 0 0 0 0 0 0 0 0 0 0 0 0 0 0 0 0 0 0 0 0 0.130006324424054 0.187320781306818 0.250936757141985 0.316058606295582 0.377933219110864 0.432590140412183 0.477170051191942 0.509890085097244 0.529797018709162 0.536470249431084 0.529797018709162 0.509890085097244 0.477170051191942 0.432590140412183 0.377933219110864 0.316058606295582 0.250936757141985 0.187320781306818 0.130006324424054 0 0 0 0 0 0 0.147992000292804 0.220595950308704 0.304902286465511 0.395148915389532 0.485032337719083 0.568987735338826 0.642998044918572 0.704827540960449 0.753796605759244 0.790305353375862 0.815297561312005 0.82979072874981 0.834531383832544 0.82979072874981 0.815297561312005 0.790305353375862 0.753796605759244 0.704827540960449 0.642998044918572 0.568987735338826 0.485032337719083 0.395148915389532 0.304902286465511 0.220595950308704 0.147992000292804 0 0 0 0 0 0 0 0 0 0 0 0 0 0 0 0 0 0 0 0 0 
0 0 0 0 0 0 0 0 0 0 0 0 0 0 0 0 0 0 0 0 0 0 0 0 0 0 0 0 0 0.130006324424054 0.195083071445882 0.270003698857246 0.349085762251729 0.42635860272545 0.496726676365684 0.556582433376556 0.603854032122282 0.637671088448717 0.657879706706407 0.664591674031008 0.657879706706407 0.637671088448717 0.603854032122282 0.556582433376556 0.496726676365684 0.42635860272545 0.349085762251729 0.270003698857246 0.195083071445882 0.130006324424054 0 0 0 0 0 0.106920594631704 0.16497520084146 0.235329104562611 0.313809012198177 0.395148915389532 0.474104756668249 0.546333955216652 0.608841665714828 0.660000800008478 0.699277924895135 0.726827706033418 0.743087867008543 0.748456135621549 0.743087867008543 0.726827706033418 0.699277924895135 0.660000800008478 0.608841665714828 0.546333955216652 0.474104756668249 0.395148915389532 0.313809012198177 0.235329104562611 0.16497520084146 0.106920594631704 0 0 0 0 0 0 0 0 0 0 0 0 0 0 0 0 0 0 0 0 0 
0 0 0 0 0 0 0 0 0 0 0 0 0 0 0 0 0 0 0 0 0 0 0 0 0 0 0 0 0.118677929830109 0.187320781306818 0.270003698857246 0.360485317728838 0.451499039895303 0.536470249431084 0.610622922614268 0.671288506280403 0.717587513321982 0.749793903980324 0.768657791966943 0.774857596741818 0.768657791966943 0.749793903980324 0.717587513321982 0.671288506280403 0.610622922614268 0.536470249431084 0.451499039895303 0.360485317728838 0.270003698857246 0.187320781306818 0.118677929830109 0 0 0 0 0 0.115684923412261 0.170937996594823 0.235329104562611 0.304902286465511 0.375151121715154 0.441839534964326 0.501565414362398 0.551984532544251 0.591744034005843 0.620239698800861 0.637315772149669 0.642998044918572 0.637315772149669 0.620239698800861 0.591744034005843 0.551984532544251 0.501565414362398 0.441839534964326 0.375151121715154 0.304902286465511 0.235329104562611 0.170937996594823 0.115684923412261 0 0 0 0 0 0 0 0 0 0 0 0 0 0 0 0 0 0 0 0 0 0 
0 0 0 0 0 0 0 0 0 0 0 0 0 0 0 0 0 0 0 0 0 0 0 0 0 0 0 0 0.165343416535862 0.250936757141985 0.349085762251729 0.451499039895303 0.549864440847394 0.637671088448717 0.71104844980095 0.768657791966943 0.810996825403251 0.839516760521633 0.855827841442142 0.861120461442727 0.855827841442142 0.839516760521633 0.810996825403251 0.768657791966943 0.71104844980095 0.637671088448717 0.549864440847394 0.451499039895303 0.349085762251729 0.250936757141985 0.165343416535862 0 0 0 0 0 0 0.115684923412261 0.16497520084146 0.220595950308704 0.279078188626429 0.336709967050833 0.390103363731369 0.436544676604533 0.474104756668249 0.501565414362398 0.518249923508899 0.523841320028272 0.518249923508899 0.501565414362398 0.474104756668249 0.436544676604533 0.390103363731369 0.336709967050833 0.279078188626429 0.220595950308704 0.16497520084146 0.115684923412261 0 0 0 0 0 0 0 0 0 0 0 0 0 0 0 0 0 0 0 0 0 0 0 
0 0 0 0 0 0 0 0 0 0 0 0 0 0 0 0 0 0 0 0 0 0 0 0 0 0 0 0.132962105062322 0.215455236911485 0.316058606295582 0.42635860272545 0.536470249431084 0.637671088448717 0.724096521486238 0.793165715556541 0.845024190708666 0.881521669663235 0.905164062264459 0.918279308438654 0.92246333913879 0.918279308438654 0.905164062264459 0.881521669663235 0.845024190708666 0.793165715556541 0.724096521486238 0.637671088448717 0.536470249431084 0.42635860272545 0.316058606295582 0.215455236911485 0.132962105062322 0 0 0 0 0 0 0.106920594631704 0.147992000292804 0.193019032456538 0.239110844796065 0.283287615124852 0.32286183457838 0.355662416861082 0.380103984919807 0.395148915389532 0.400224375161453 0.395148915389532 0.380103984919807 0.355662416861082 0.32286183457838 0.283287615124852 0.239110844796065 0.193019032456538 0.147992000292804 0.106920594631704 0 0 0 0 0 0 0 0 0 0 0 0 0 0 0 0 0 0 0 0 0 0 0 0 
0 0 0 0 0 0 0 0 0 0 0 0 0 0 0 0 0 0 0 0 0 0 0 0 0 0 0 0.168871091339326 0.265154799099778 0.377933219110864 0.496726676365684 0.610622922614268 0.71104844980095 0.793165715556541 0.855827841442142 0.9006097048128 0.930540921193931 0.948975037403326 0.958776289579179 0.961826199230024 0.958776289579179 0.948975037403326 0.930540921193931 0.9006097048128 0.855827841442142 0.793165715556541 0.71104844980095 0.610622922614268 0.496726676365684 0.377933219110864 0.265154799099778 0.168871091339326 0 0 0 0 0 0 0 0 0.122612727168629 0.15631514733855 0.189748279998623 0.220595950308704 0.246792218905345 0.2666801364936 0.279078188626429 0.283287615124852 0.279078188626429 0.2666801364936 0.246792218905345 0.220595950308704 0.189748279998623 0.15631514733855 0.122612727168629 0 0 0 0 0 0 0 0 0 0 0 0 0 0 0 0 0 0 0 0 0 0 0 0 0 0 
0 0 0 0 0 0 0 0 0 0 0 0 0 0 0 0 0 0 0 0 0 0 0 0 0 0 0.118677929830109 0.203065827506706 0.310730738161097 0.432590140412183 0.556582433376556 0.671288506280403 0.768657791966943 0.845024190708666 0.9006097048128 0.938221700746449 0.961826199230024 0.975397921274272 0.982163677756887 0.984184154270883 0.982163677756887 0.975397921274272 0.961826199230024 0.938221700746449 0.9006097048128 0.845024190708666 0.768657791966943 0.671288506280403 0.556582433376556 0.432590140412183 0.310730738161097 0.203065827506706 0.118677929830109 0 0 0 0 0 0 0 0 0 0.115684923412261 0.137409722277032 0.15631514733855 0.170937996594823 0.180169320275932 0.183323525569634 0.180169320275932 0.170937996594823 0.15631514733855 0.137409722277032 0.115684923412261 0 0 0 0 0 0 0 0 0 0 0 0 0 0 0 0 0 0 0 0 0 0 0 0 0 0 0 0 
0 0 0 0 0 0 0 0 0 0 0 0 0 0 0 0 0 0 0 0 0 0 0 0 0 0 0.139024843303116 0.23275198576861 0.349085762251729 0.477170051191942 0.603854032122282 0.717587513321982 0.810996825403251 0.881521669663235 0.930540921193931 0.961826199230024 0.980025280563354 0.9895308109775 0.993791908611513 0.994968472963602 0.993791908611513 0.9895308109775 0.980025280563354 0.961826199230024 0.930540921193931 0.881521669663235 0.810996825403251 0.717587513321982 0.603854032122282 0.477170051191942 0.349085762251729 0.23275198576861 0.139024843303116 0 0 0 0 0 0 0 0 0 0 0 0 0 0.104812147829233 0.106920594631704 0.104812147829233 0 0 0 0 0 0 0 0 0 0 0 0 0 0 0 0 0 0 0 0 0 0 0 0 0 0 0 0 0 0 0 0 
0 0 0 0 0 0 0 0 0 0 0 0 0 0 0 0 0 0 0 0 0 0 0 0 0 0 0.155080486216545 0.255621144923586 0.377933219110864 0.509890085097244 0.637671088448717 0.749793903980324 0.839516760521633 0.905164062264459 0.948975037403326 0.975397921274272 0.9895308109775 0.996022369116245 0.998444350849736 0.99900410555794 0.998444350849736 0.996022369116245 0.9895308109775 0.975397921274272 0.948975037403326 0.905164062264459 0.839516760521633 0.749793903980324 0.637671088448717 0.509890085097244 0.377933219110864 0.255621144923586 0.155080486216545 0 0 0 0 0 0 0 0 0 0 0 0 0 0 0 0 0 0 0 0 0 0 0 0 0 0 0 0 0 0 0 0 0 0 0 0 0 0 0 0 0 0 0 0 0 0 0 0 
0 0 0 0 0 0 0 0 0 0 0 0 0 0 0 0 0 0 0 0 0 0 0 0 0 0 0.165343416535862 0.270003698857246 0.395781722747518 0.529797018709162 0.657879706706407 0.768657791966943 0.855827841442142 0.918279308438654 0.958776289579179 0.982163677756887 0.993791908611513 0.998444350849736 0.999750933353643 0.99993772752186 0.999750933353643 0.998444350849736 0.993791908611513 0.982163677756887 0.958776289579179 0.918279308438654 0.855827841442142 0.768657791966943 0.657879706706407 0.529797018709162 0.395781722747518 0.270003698857246 0.165343416535862 0 0 0 0 0 0 0 0 0 0 0 0 0 0 0 0 0 0 0 0 0 0 0 0 0 0 0 0 0 0 0 0 0 0 0 0 0 0 0 0 0 0 0 0 0 0 0 0 
0 0 0 0 0 0 0 0 0 0 0 0 0 0 0 0 0 0 0 0 0 0 0 0 0 0 0.168871091339326 0.274907029217262 0.401816508327864 0.536470249431084 0.664591674031008 0.774857596741818 0.861120461442727 0.92246333913879 0.961826199230024 0.984184154270883 0.994968472963602 0.99900410555794 0.99993772752186 1 0.99993772752186 0.99900410555794 0.994968472963602 0.984184154270883 0.961826199230024 0.92246333913879 0.861120461442727 0.774857596741818 0.664591674031008 0.536470249431084 0.401816508327864 0.274907029217262 0.168871091339326 0 0 0 0 0 0 0 0 0 0 0 0 0 0 0 0 0 0 0 0 0 0 0 0 0 0 0 0 0 0 0 0 0 0 0 0 0 0 0 0 0 0 0 0 0 0 0 0 
0 0 0 0 0 0 0 0 0 0 0 0 0 0 0 0 0 0 0 0 0 0 0 0 0 0 0.165343416535862 0.270003698857246 0.395781722747518 0.529797018709162 0.657879706706407 0.768657791966943 0.855827841442142 0.918279308438654 0.958776289579179 0.982163677756887 0.993791908611513 0.998444350849736 0.999750933353643 0.99993772752186 0.999750933353643 0.998444350849736 0.993791908611513 0.982163677756887 0.958776289579179 0.918279308438654 0.855827841442142 0.768657791966943 0.657879706706407 0.529797018709162 0.395781722747518 0.270003698857246 0.165343416535862 0 0 0 0 0 0 0 0 0 0 0 0 0 0 0 0 0 0 0 0 0 0 0 0 0 0 0 0 0 0 0 0 0 0 0 0 0 0 0 0 0 0 0 0 0 0 0 0 
0 0 0 0 0 0 0 0 0 0 0 0 0 0 0 0 0 0 0 0 0 0 0 0 0 0 0.155080486216545 0.255621144923586 0.377933219110864 0.509890085097244 0.637671088448717 0.749793903980324 0.839516760521633 0.905164062264459 0.948975037403326 0.975397921274272 0.9895308109775 0.996022369116245 0.998444350849736 0.99900410555794 0.998444350849736 0.996022369116245 0.9895308109775 0.975397921274272 0.948975037403326 0.905164062264459 0.839516760521633 0.749793903980324 0.637671088448717 0.509890085097244 0.377933219110864 0.255621144923586 0.155080486216545 0 0 0 0 0 0 0 0 0 0 0 0 0 0 0 0 0 0 0 0 0 0 0 0 0 0 0 0 0 0 0 0 0 0 0 0 0 0 0 0 0 0 0 0 0 0 0 0 
0 0 0 0 0 0 0 0 0 0 0 0 0 0 0 0 0 0 0 0 0 0 0 0 0 0 0.139024843303116 0.23275198576861 0.349085762251729 0.477170051191942 0.603854032122282 0.717587513321982 0.810996825403251 0.881521669663235 0.930540921193931 0.961826199230024 0.980025280563354 0.9895308109775 0.993791908611513 0.994968472963602 0.993791908611513 0.9895308109775 0.980025280563354 0.961826199230024 0.930540921193931 0.881521669663235 0.810996825403251 0.717587513321982 0.603854032122282 0.477170051191942 0.349085762251729 0.23275198576861 0.139024843303116 0 0 0 0 0 0 0 0 0 0 0 0 0 0 0 0 0 0 0 0 0 0 0 0 0 0 0 0 0 0 0 0 0 0 0 0 0 0 0 0 0 0 0 0 0 0 0 0 
0 0 0 0 0 0 0 0 0 0 0 0 0 0 0 0 0 0 0 0 0 0 0 0 0 0 0.118677929830109 0.203065827506706 0.310730738161097 0.432590140412183 0.556582433376556 0.671288506280403 0.768657791966943 0.845024190708666 0.9006097048128 0.938221700746449 0.961826199230024 0.975397921274272 0.982163677756887 0.984184154270883 0.982163677756887 0.975397921274272 0.961826199230024 0.938221700746449 0.9006097048128 0.845024190708666 0.768657791966943 0.671288506280403 0.556582433376556 0.432590140412183 0.310730738161097 0.203065827506706 0.118677929830109 0 0 0 0 0 0 0 0 0 0 0 0 0 0 0 0 0 0 0 0 0 0 0 0 0 0 0 0 0 0 0 0 0 0 0 0 0 0 0 0 0 0 0 0 0 0 0 0 
0 0 0 0 0 0 0 0 0 0 0 0 0 0 0 0 0 0 0 0 0 0 0 0 0 0 0 0.168871091339326 0.265154799099778 0.377933219110864 0.496726676365684 0.610622922614268 0.71104844980095 0.793165715556541 0.855827841442142 0.9006097048128 0.930540921193931 0.948975037403326 0.958776289579179 0.961826199230024 0.958776289579179 0.948975037403326 0.930540921193931 0.9006097048128 0.855827841442142 0.793165715556541 0.71104844980095 0.610622922614268 0.496726676365684 0.377933219110864 0.265154799099778 0.168871091339326 0 0 0 0 0 0 0 0 0 0 0 0 0 0 0 0 0 0 0 0 0 0 0 0 0 0 0 0 0 0 0 0 0 0 0 0 0 0 0 0 0 0 0 0 0 0 0 0 0 
0 0 0 0 0 0 0 0 0 0 0 0 0 0 0 0 0 0 0 0 0 0 0 0 0 0 0 0.132962105062322 0.215455236911485 0.316058606295582 0.42635860272545 0.536470249431084 0.637671088448717 0.724096521486238 0.793165715556541 0.845024190708666 0.881521669663235 0.905164062264459 0.918279308438654 0.92246333913879 0.918279308438654 0.905164062264459 0.881521669663235 0.845024190708666 0.793165715556541 0.724096521486238 0.637671088448717 0.536470249431084 0.42635860272545 0.316058606295582 0.215455236911485 0.132962105062322 0 0 0 0 0 0 0 0 0 0 0 0 0 0 0 0 0 0 0 0 0 0 0 0 0 0 0 0 0 0 0 0 0 0 0 0 0 0 0 0 0 0 0 0 0 0 0 0 0 
0 0 0 0 0 0 0 0 0 0 0 0 0 0 0 0 0 0 0 0 0 0 0 0 0 0 0 0 0.165343416535862 0.250936757141985 0.349085762251729 0.451499039895303 0.549864440847394 0.637671088448717 0.71104844980095 0.768657791966943 0.810996825403251 0.839516760521633 0.855827841442142 0.861120461442727 0.855827841442142 0.839516760521633 0.810996825403251 0.768657791966943 0.71104844980095 0.637671088448717 0.549864440847394 0.451499039895303 0.349085762251729 0.250936757141985 0.165343416535862 0 0 0 0 0 0 0 0 0 0 0 0 0 0 0 0 0 0 0 0 0 0 0 0 0 0 0 0 0 0 0 0 0 0 0 0 0 0 0 0 0 0 0 0 0 0 0 0 0 0 
0 0 0 0 0 0 0 0 0 0 0 0 0 0 0 0 0 0 0 0 0 0 0 0 0 0 0 0 0.118677929830109 0.187320781306818 0.270003698857246 0.360485317728838 0.451499039895303 0.536470249431084 0.610622922614268 0.671288506280403 0.717587513321982 0.749793903980324 0.768657791966943 0.774857596741818 0.768657791966943 0.749793903980324 0.717587513321982 0.671288506280403 0.610622922614268 0.536470249431084 0.451499039895303 0.360485317728838 0.270003698857246 0.187320781306818 0.118677929830109 0 0 0 0 0 0 0 0 0 0 0 0 0 0 0 0 0 0 0 0 0 0 0 0 0 0 0 0 0 0 0 0 0 0 0 0 0 0 0 0 0 0 0 0 0 0 0 0 0 0 
0 0 0 0 0 0 0 0 0 0 0 0 0 0 0 0 0 0 0 0 0 0 0 0 0 0 0 0 0 0.130006324424054 0.195083071445882 0.270003698857246 0.349085762251729 0.42635860272545 0.496726676365684 0.556582433376556 0.603854032122282 0.637671088448717 0.657879706706407 0.664591674031008 0.657879706706407 0.637671088448717 0.603854032122282 0.556582433376556 0.496726676365684 0.42635860272545 0.349085762251729 0.270003698857246 0.195083071445882 0.130006324424054 0 0 0 0 0 0 0 0 0 0 0 0 0 0 0 0 0 0 0 0 0 0 0 0 0 0 0 0 0 0 0 0 0 0 0 0 0 0 0 0 0 0 0 0 0 0 0 0 0 0 0 
0 0 0 0 0 0 0 0 0 0 0 0 0 0 0 0 0 0 0 0 0 0 0 0 0 0 0 0 0 0 0.130006324424054 0.187320781306818 0.250936757141985 0.316058606295582 0.377933219110864 0.432590140412183 0.477170051191942 0.509890085097244 0.529797018709162 0.536470249431084 0.529797018709162 0.509890085097244 0.477170051191942 0.432590140412183 0.377933219110864 0.316058606295582 0.250936757141985 0.187320781306818 0.130006324424054 0 0 0 0 0 0 0 0 0 0 0 0 0 0 0 0 0 0 0 0 0 0 0 0 0 0 0 0 0 0 0 0 0 0 0 0 0 0 0 0 0 0 0 0 0 0 0 0 0 0 0 0 
0 0 0 0 0 0 0 0 0 0 0 0 0 0 0 0 0 0 0 0 0 0 0 0 0 0 0 0 0 0 0 0.118677929830109 0.165343416535862 0.215455236911485 0.265154799099778 0.310730738161097 0.349085762251729 0.377933219110864 0.395781722747518 0.401816508327864 0.395781722747518 0.377933219110864 0.349085762251729 0.310730738161097 0.265154799099778 0.215455236911485 0.165343416535862 0.118677929830109 0 0 0 0 0 0 0 0 0 0 0 0 0 0 0 0 0 0 0 0 0 0 0 0 0 0 0 0 0 0 0 0 0 0 0 0 0 0 0 0 0 0 0 0 0 0 0 0 0 0 0 0 0 
0 0 0 0 0 0 0 0 0 0 0 0 0 0 0 0 0 0 0 0 0 0 0 0 0 0 0 0 0 0 0 0 0 0.132962105062322 0.168871091339326 0.203065827506706 0.23275198576861 0.255621144923586 0.270003698857246 0.274907029217262 0.270003698857246 0.255621144923586 0.23275198576861 0.203065827506706 0.168871091339326 0.132962105062322 0 0 0 0 0 0 0 0 0 0 0 0 0 0 0 0 0 0 0 0 0 0 0 0 0 0 0 0 0 0 0 0 0 0 0 0 0 0 0.124649040760653 0.148965346292023 0.168363850639404 0.180841965233748 0.185143317756047 0.180841965233748 0.168363850639404 0.148965346292023 0.124649040760653 0 0 0 0 0 0 0 0 
0 0 0 0 0 0 0 0 0 0 0 0 0 0 0 0 0 0 0 0 0 0 0 0 0 0 0 0 0 0 0 0 0 0 0 0.118677929830109 0.139024843303116 0.155080486216545 0.165343416535862 0.168871091339326 0.165343416535862 0.155080486216545 0.139024843303116 0.118677929830109 0 0 0 0 0 0 0 0 0 0 0 0 0 0 0 0 0 0 0 0 0 0 0 0 0 0 0 0 0 0 0 0 0 0 0 0 0 0 0.134673666380959 0.176611811280319 0.217265930569614 0.252937605150263 0.280577170986664 0.298007983095329 0.303956747254952 0.298007983095329 0.280577170986664 0.252937605150263 0.217265930569614 0.176611811280319 0.134673666380959 0 0 0 0 0 0 
0 0 0 0 0 0 0 0 0 0 0 0 0 0 0 0 0 0 0 0 0 0 0 0 0 0 0 0 0 0 0 0 0 0 0 0 0 0 0 0 0 0 0 0 0 0 0 0 0 0 0 0 0 0 0 0 0 0 0 0 0 0 0 0 0 0 0 0 0 0 0 0 0 0 0 0 0 0 0 0 0.112178129295711 0.164345353030684 0.222144343743336 0.280577170986664 0.334712166958513 0.380458967005002 0.414885806364534 0.436167435382153 0.443356921089632 0.436167435382153 0.414885806364534 0.380458967005002 0.334712166958513 0.280577170986664 0.222144343743336 0.164345353030684 0.126657759766995 0.109894159073899 0 0 0 
0 0 0 0 0 0 0 0 0 0 0 0 0 0 0 0 0 0 0 0 0 0 0 0 0 0 0 0 0 0 0 0 0 0 0 0 0 0 0 0 0 0 0 0 0 0 0 0 0 0 0 0 0 0 0 0 0 0 0 0 0 0 0 0 0 0 0 0 0 0 0 0 0 0 0 0 0 0 0 0.11828777578455 0.180841965233748 0.252937605150263 0.328428514401607 0.4009518522914 0.465189990105325 0.517452308627229 0.555621955095103 0.578731402655081 0.586455368737499 0.578731402655081 0.555621955095103 0.517452308627229 0.465189990105325 0.4009518522914 0.328428514401607 0.252937605150263 0.229018910140102 0.203065827506707 0.170242197235133 0.133881670888812 0 
0 0 0 0 0 0 0 0 0 0 0 0 0 0 0 0 0 0 0 0 0 0 0 0 0 0 0 0 0 0 0 0 0 0 0 0 0 0 0 0 0 0 0 0 0 0 0 0 0 0 0 0 0 0 0 0 0 0 0 0 0 0 0 0 0 0 0 0 0 0 0 0 0 0 0 0 0 0 0.112178129295711 0.180841965233748 0.263779427941377 0.353948058572304 0.443356921089632 0.52504126956607 0.594185754123315 0.648268525101831 0.686528885737435 0.709174890952299 0.716655157241385 0.709174890952299 0.686528885737435 0.648268525101831 0.594185754123315 0.52504126956607 0.443356921089632 0.382017312399871 0.360485317728838 0.326029135000313 0.281016255888607 0.229018910140102 0.174683362763146 
0 0 0 0 0 0 0 0 0 0 0 0 0 0 0 0 0 0 0 0 0 0 0 0 0 0 0 0 0 0 0 0 0 0 0 0 0 0 0 0 0 0 0 0 0 0 0 0 0 0 0 0 0 0 0 0 0 0 0 0 0 0 0 0 0 0 0 0 0 0 0 0 0 0 0 0 0 0 0.164345353030684 0.252937605150263 0.353948058572304 0.457869857697532 0.555621955095103 0.640563535419269 0.709174890952299 0.760620234959594 0.795743419830513 0.815996644959178 0.822593954734239 0.815996644959178 0.795743419830513 0.760620234959594 0.709174890952299 0.640563535419269 0.555621955095103 0.53030972877502 0.50582991401344 0.465754762636727 0.411651674359674 0.346482195513557 0.274907029217262 
0 0 0 0 0 0 0 0 0 0 0 0 0 0 0 0 0 0 0 0 0 0 0 0 0 0 0 0 0 0 0 0 0 0 0 0 0 0 0 0 0 0 0 0 0 0 0 0 0 0 0 0 0 0 0 0 0 0 0 0 0 0 0 0 0 0 0 0 0 0 0 0 0 0 0 0 0 0.134673666380959 0.222144343743336 0.328428514401607 0.443356921089632 0.555621955095103 0.655959476343918 0.738851185597514 0.802568563294216 0.848140070942102 0.877971783785914 0.894624017193196 0.899951805574755 0.894624017193196 0.877971783785914 0.848140070942102 0.802568563294216 0.738851185597514 0.67950727926201 0.671288506280403 0.64649159935633 0.604895398733175 0.546768268297297 0.47368607554494 0.389329811870575 
0 0 0 0 0 0 0 0 0 0 0 0 0 0 0 0 0 0 0 0 0 0 0 0 0 0 0 0 0 0 0 0 0 0 0 0 0 0 0 0 0 0 0 0 0 0 0 0 0 0 0 0 0 0 0 0 0 0 0 0 0 0 0 0 0 0 0 0 0 0 0 0 0 0 0 0 0 0.176611811280319 0.280577170986664 0.4009518522914 0.52504126956607 0.640563535419269 0.738851185597514 0.815996644959178 0.872206385956601 0.910258417545711 0.933881922571738 0.946499820834731 0.950434282947895 0.946499820834731 0.933881922571738 0.910258417545711 0.872206385956601 0.815996644959178 0.797324795483783 0.789913279533464 0.767220556666722 0.728086302591349 0.671288506280403 0.59656524795472 0.50582991401344 
0 0 0 0 0 0 0 0 0 0 0 0 0 0 0 0 0 0 0 0 0 0 0 0 0 0 0 0 0 0 0 0 0 0 0 0 0 0 0 0 0 0 0 0 0 0 0 0 0 0 0 0 0 0 0 0 0 0 0 0 0 0 0 0 0 0 0 0 0 0 0 0 0 0 0 0 0.124649040760653 0.217265930569614 0.334712166958513 0.465189990105325 0.594185754123315 0.709174890952299 0.802568563294216 0.872206385956601 0.920084167620038 0.950434282947895 0.967988370527714 0.97676744386764 0.979392760369416 0.97676744386764 0.967988370527714 0.950434282947895 0.920084167620038 0.878849454791316 0.884922359668643 0.878849454791316 0.85990569573878 0.826112752157697 0.774857596741818 0.70397494289872 0.613226162087338 
0 0 0 0 0 0 0 0 0 0 0 0 0 0 0 0 0 0 0 0 0 0 0 0 0 0 0 0 0 0 0 0 0 0 0 0 0 0 0 0 0 0 0 0 0 0 0 0 0 0 0 0 0 0 0 0 0 0 0 0 0 0 0 0 0 0 0 0 0 0 0 0 0 0 0 0 0.148965346292023 0.252937605150263 0.380458967005002 0.517452308627229 0.648268525101831 0.760620234959594 0.848140070942102 0.910258417545711 0.950434282947895 0.973990706843794 0.986347922143432 0.991899188434045 0.993433276631679 0.991899188434045 0.986347922143432 0.973990706843794 0.950434282947895 0.938221700746449 0.942746337207875 0.938221700746449 0.923731418166495 0.896686686167781 0.853360229009251 0.789913279533464 0.70397494289872 
0 0 0 0 0 0 0 0 0 0 0 0 0 0 0 0 0 0 0 0 0 0 0 0 0 0 0 0 0 0 0 0 0 0 0 0 0 0 0 0 0 0 0 0 0 0 0 0 0 0 0 0 0 0 0 0 0 0 0 0 0 0 0 0 0 0 0 0 0 0 0 0 0 0 0 0 0.168363850639404 0.280577170986664 0.414885806364534 0.555621955095103 0.686528885737435 0.795743419830513 0.877971783785914 0.933881922571738 0.967988370527714 0.986347922143432 0.994807892915402 0.997968615703567 0.998699438236634 0.997968615703567 0.994807892915402 0.986347922143432 0.967988370527714 0.973106067271712 0.976140050695452 0.973106067271712 0.962969886707551 0.942746337207875 0.907921976358488 0.853360229009251 0.774857596741818 
0 0 0 0 0 0 0 0 0 0 0 0 0 0 0 0 0 0 0 0 0 0 0 0 0 0 0 0 0 0 0 0 0 0 0 0 0 0 0 0 0 0 0 0 0 0 0 0 0 0 0 0 0 0 0 0 0 0 0 0 0 0 0 0 0 0 0 0 0 0 0 0 0 0 0 0 0.180841965233748 0.298007983095329 0.436167435382153 0.578731402655081 0.709174890952299 0.815996644959178 0.894624017193196 0.946499820834731 0.97676744386764 0.991899188434045 0.997968615703567 0.999674700864287 0.999918665293608 0.999674700864287 0.997968615703567 0.991899188434045 0.984184154270883 0.990611069359524 0.992388157489868 0.990611069359524 0.984184154270883 0.969898510069849 0.942746337207875 0.896686686167781 0.826112752157697 
0 0 0 0 0 0 0 0 0 0 0 0 0 0 0 0 0 0 0 0 0 0 0 0 0 0 0 0 0 0 0 0 0 0 0 0 0 0 0 0 0 0 0 0 0 0 0 0 0 0 0 0 0 0 0 0 0 0 0 0 0 0 0 0 0 0 0 0 0 0 0 0 0 0 0 0 0.185143317756047 0.303956747254952 0.443356921089632 0.586455368737499 0.716655157241385 0.822593954734239 0.899951805574755 0.950434282947895 0.979392760369416 0.993433276631679 0.998699438236634 0.999918665293608 1 0.999918665293608 0.998699438236634 0.993433276631679 0.99398088581324 0.99764445753162 0.998491812940271 0.99764445753162 0.99398088581324 0.984184154270883 0.962969886707551 0.923731418166495 0.85990569573878 
0 0 0 0 0 0 0 0 0 0 0 0 0 0 0 0 0 0 0 0 0 0 0 0 0 0 0 0 0 0 0 0 0 0 0 0 0 0 0 0 0 0 0 0 0 0 0 0 0 0 0 0 0 0 0 0 0 0 0 0 0 0 0 0 0 0 0 0 0 0 0 0 0 0 0 0 0.180841965233748 0.298007983095329 0.436167435382153 0.578731402655081 0.709174890952299 0.815996644959178 0.894624017193196 0.946499820834731 0.97676744386764 0.991899188434045 0.997968615703567 0.999674700864287 0.999918665293608 0.999674700864287 0.997968615703567 0.991899188434045 0.99764445753162 0.999622739800869 0.999905671604287 0.999622739800869 0.99764445753162 0.990611069359524 0.973106067271712 0.938221700746449 0.894624017193196 
0 0 0 0 0 0 0 0 0 0 0 0 0 0 0 0 0 0 0 0 0 0 0 0 0 0 0 0 0 0 0 0 0 0 0 0 0 0 0 0 0 0 0 0 0 0 0 0 0 0 0 0 0 0 0 0 0 0 0 0 0 0 0 0 0 0 0 0 0 0 0 0 0 0 0 0 0.168363850639404 0.280577170986664 0.414885806364534 0.555621955095103 0.686528885737435 0.795743419830513 0.877971783785914 0.933881922571738 0.967988370527714 0.986347922143432 0.994807892915402 0.997968615703567 0.998699438236634 0.997968615703567 0.994807892915402 0.992388157489868 0.998491812940271 0.999905671604287 1 0.999905671604287 0.998491812940271 0.992388157489868 0.976140050695452 0.950434282947895 0.946499820834731 
0 0 0 0 0 0 0 0 0 0 0 0 0 0 0 0 0 0 0 0 0 0 0 0 0 0 0 0 0 0 0 0 0 0 0 0 0 0 0 0 0 0 0 0 0 0 0 0 0 0 0 0 0 0 0 0 0 0 0 0 0 0 0 0 0 0 0 0 0 0 0 0 0 0 0 0 0.148965346292023 0.252937605150263 0.380458967005002 0.517452308627229 0.648268525101831 0.760620234959594 0.848140070942102 0.910258417545711 0.950434282947895 0.973990706843794 0.986347922143432 0.991899188434045 0.993433276631679 0.991899188434045 0.986347922143432 0.990611069359524 0.99764445753162 0.999622739800869 0.999905671604287 0.999622739800869 0.99764445753162 0.990611069359524 0.97676744386764 0.979392760369416 0.97676744386764 
0 0 0 0 0 0 0 0 0 0 0 0 0 0 0 0 0 0 0 0 0 0 0 0 0 0 0 0 0 0 0 0 0 0 0 0 0 0 0 0 0 0 0 0 0 0 0 0 0 0 0 0 0 0 0 0 0 0 0 0 0 0 0 0 0 0 0 0 0 0 0 0 0 0 0 0 0.124649040760653 0.217265930569614 0.334712166958513 0.465189990105325 0.594185754123315 0.709174890952299 0.802568563294216 0.872206385956601 0.920084167620038 0.950434282947895 0.967988370527714 0.97676744386764 0.979392760369416 0.97676744386764 0.967988370527714 0.984184154270883 0.99398088581324 0.99764445753162 0.998491812940271 0.99764445753162 0.99398088581324 0.986347922143432 0.991899188434045 0.993433276631679 0.991899188434045 
0 0 0 0 0 0 0 0 0 0 0 0 0 0 0 0 0 0 0 0 0 0 0 0 0 0 0 0 0 0 0 0 0 0 0 0 0 0 0 0 0 0 0 0 0 0 0 0 0 0 0 0 0 0 0 0 0 0 0 0 0 0 0 0 0 0 0 0 0 0 0 0 0 0 0 0 0 0.176611811280319 0.280577170986664 0.4009518522914 0.52504126956607 0.640563535419269 0.738851185597514 0.815996644959178 0.872206385956601 0.910258417545711 0.933881922571738 0.946499820834731 0.950434282947895 0.946499820834731 0.942746337207875 0.969898510069849 0.984184154270883 0.990611069359524 0.992388157489868 0.990611069359524 0.986347922143432 0.994807892915402 0.997968615703567 0.998699438236634 0.997968615703567 
0 0 0 0 0 0 0 0 0 0 0 0 0 0 0 0 0 0 0 0 0 0 0 0 0 0 0 0 0 0 0 0 0 0 0 0 0 0 0 0 0 0 0 0 0 0 0 0 0 0 0 0 0 0 0 0 0 0 0 0 0 0 0 0 0 0 0 0 0 0 0 0.112777919212327 0.123678609826136 0.130593477825267 0.132962105062322 0.130593477825267 0.123678609826136 0.134673666380959 0.222144343743336 0.328428514401607 0.443356921089632 0.555621955095103 0.655959476343918 0.738851185597514 0.802568563294216 0.848140070942102 0.877971783785914 0.894624017193196 0.899951805574755 0.894624017193196 0.907921976358488 0.942746337207875 0.962969886707551 0.973106067271712 0.976140050695452 0.97676744386764 0.991899188434045 0.997968615703567 0.999674700864287 0.999918665293608 0.999674700864287 
0 0 0 0 0 0 0 0 0 0 0 0 0 0 0 0 0 0 0 0 0 0 0 0 0 0 0 0 0 0 0 0 0 0 0 0 0 0 0 0 0 0 0 0 0 0 0 0 0 0 0 0 0 0 0 0 0 0 0 0 0 0 0 0 0 0 0 0 0.117045882094697 0.142760243146809 0.166748048259259 0.187320781306818 0.203065827506706 0.212937405501937 0.216298957454005 0.212937405501937 0.203065827506706 0.187320781306818 0.166748048259259 0.252937605150263 0.353948058572304 0.457869857697532 0.555621955095103 0.640563535419269 0.709174890952299 0.760620234959594 0.795743419830513 0.815996644959178 0.822593954734239 0.815996644959178 0.853360229009251 0.896686686167781 0.923731418166495 0.938221700746449 0.950434282947895 0.979392760369416 0.993433276631679 0.998699438236634 0.999918665293608 1 0.999918665293608 
0 0 0 0 0 0 0 0 0 0 0 0 0 0 0 0 0 0 0 0 0 0 0 0 0 0 0 0 0 0 0 0 0 0 0 0 0 0 0 0 0 0 0 0 0 0 0 0 0 0 0 0 0 0 0 0 0 0 0 0 0 0 0 0 0 0 0.114896663488234 0.150453860515103 0.187320781306818 0.223128737274178 0.255621144923586 0.282864955257186 0.303358786600548 0.316058606295582 0.320357870715484 0.316058606295582 0.303358786600548 0.282864955257186 0.255621144923586 0.223128737274178 0.263779427941377 0.353948058572304 0.443356921089632 0.52504126956607 0.594185754123315 0.648268525101831 0.686528885737435 0.709174890952299 0.716655157241385 0.709174890952299 0.774857596741818 0.826112752157697 0.85990569573878 0.894624017193196 0.946499820834731 0.97676744386764 0.991899188434045 0.997968615703567 0.999674700864287 0.999918665293608 0.999674700864287 
0 0 0 0 0 0 0 0 0 0 0 0 0 0 0 0 0 0 0 0 0 0 0 0 0 0 0 0 0 0 0 0 0 0 0 0 0 0 0 0 0 0 0 0 0 0 0 0 0 0 0 0 0 0 0 0 0 0 0 0 0 0 0 0 0 0.132962105062322 0.178295347961765 0.226596981963692 0.274907029217262 0.320357870715484 0.360485317728838 0.393379544174952 0.417697558207423 0.432590140412183 0.437601639638911 0.432590140412183 0.417697558207423 0.393379544174952 0.360485317728838 0.320357870715484 0.274907029217262 0.252937605150263 0.328428514401607 0.4009518522914 0.465189990105325 0.517452308627229 0.555621955095103 0.578731402655081 0.586455368737499 0.59656524795472 0.671288506280403 0.728086302591349 0.795743419830513 0.877971783785914 0.933881922571738 0.967988370527714 0.986347922143432 0.994807892915402 0.997968615703567 0.998699438236634 0.997968615703567 
0 0 0 0 0 0 0 0 0 0 0 0 0 0 0 0 0 0 0 0 0 0 0 0 0 0 0 0 0 0 0 0 0 0 0 0 0 0 0 0 0 0 0 0 0 0 0 0 0 0 0 0 0 0 0 0 0 0 0 0 0 0 0 0 0.142760243146809 0.196661952148726 0.255621144923586 0.316058606295582 0.374410927033409 0.427601947804939 0.473288441843528 0.509890085097244 0.536470249431084 0.552550110523312 0.557927510483319 0.552550110523312 0.536470249431084 0.509890085097244 0.473288441843528 0.427601947804939 0.374410927033409 0.316058606295582 0.255621144923586 0.280577170986664 0.334712166958513 0.380458967005002 0.414885806364534 0.436167435382153 0.443356921089632 0.47368607554494 0.546768268297297 0.648268525101831 0.760620234959594 0.848140070942102 0.910258417545711 0.950434282947895 0.973990706843794 0.986347922143432 0.991899188434045 0.993433276631679 0.991899188434045 
0 0 0 0 0 0 0 0 0 0 0 0 0 0 0 0 0 0 0 0 0 0 0 0 0 0 0 0 0 0 0 0 0 0 0 0 0 0 0 0 0 0 0 0 0 0 0 0 0 0 0 0 0 0 0 0 0 0 0 0 0 0 0 0.142760243146809 0.203065827506706 0.270980017932272 0.34233792561265 0.41278236981315 0.478466215037724 0.536470249431084 0.584909984288916 0.622803198030451 0.64980792394711 0.665932309635736 0.671288506280403 0.665932309635736 0.64980792394711 0.622803198030451 0.584909984288916 0.536470249431084 0.478466215037724 0.41278236981315 0.34233792561265 0.270980017932272 0.217265930569614 0.252937605150263 0.280577170986664 0.298007983095329 0.303956747254952 0.346482195513557 0.465189990105325 0.594185754123315 0.709174890952299 0.802568563294216 0.872206385956601 0.920084167620038 0.950434282947895 0.967988370527714 0.97676744386764 0.979392760369416 0.97676744386764 
0 0 0 0 0 0 0 0 0 0 0 0 0 0 0 0 0 0 0 0 0 0 0 0 0 0 0 0 0 0 0 0 0 0 0 0 0 0 0 0 0 0 0 0 0 0 0 0 0 0 0 0 0 0 0 0 0 0 0 0 0 0 0.132962105062322 0.196661952148726 0.270980017932272 0.351350466229028 0.432590140412183 0.509890085097244 0.579503441380461 0.639021087279461 0.687288183098041 0.724096521486238 0.749793903980324 0.764916014773431 0.769901442873322 0.764916014773431 0.749793903980324 0.724096521486238 0.687288183098041 0.639021087279461 0.579503441380461 0.509890085097244 0.432590140412183 0.351350466229028 0.270980017932272 0.196661952148726 0.168363850639404 0.180841965233748 0.185143317756047 0.280577170986664 0.4009518522914 0.52504126956607 0.640563535419269 0.738851185597514 0.815996644959178 0.872206385956601 0.910258417545711 0.933881922571738 0.946499820834731 0.950434282947895 0.946499820834731 
0 0 0 0 0 0 0 0 0 0 0 0 0 0 0 0 0 0 0 0 0 0 0 0 0 0 0 0 0 0 0 0 0 0 0 0 0 0 0 0 0 0 0 0 0 0 0 0 0 0 0 0 0 0 0 0 0 0 0 0 0 0.114896663488234 0.178295347961765 0.255621144923586 0.34233792561265 0.432590140412183 0.520484800861251 0.601146567860472 0.671288506280403 0.7292808106982 0.774857596741818 0.808648748418409 0.831692565439143 0.845024190708666 0.849379965443433 0.845024190708666 0.831692565439143 0.808648748418409 0.774857596741818 0.7292808106982 0.671288506280403 0.601146567860472 0.520484800861251 0.432590140412183 0.34233792561265 0.255621144923586 0.178295347961765 0.114896663488234 0.134673666380959 0.222144343743336 0.328428514401607 0.443356921089632 0.555621955095103 0.655959476343918 0.738851185597514 0.802568563294216 0.848140070942102 0.877971783785914 0.894624017193196 0.899951805574755 0.894624017193196 
0 0 0 0 0 0 0 0 0 0 0 0 0 0 0 0 0 0 0 0 0 0 0 0 0 0 0 0 0 0 0 0 0 0 0 0 0 0 0 0 0 0 0 0 0 0 0 0 0 0 0 0 0 0 0 0 0 0 0 0 0 0.150453860515103 0.226596981963692 0.316058606295582 0.41278236981315 0.509890085097244 0.601146567860472 0.681967387303204 0.749793903980324 0.803924907075338 0.845024190708666 0.874525059483075 0.894084976620179 0.905164062264459 0.908742629852029 0.905164062264459 0.894084976620179 0.874525059483075 0.845024190708666 0.803924907075338 0.749793903980324 0.681967387303204 0.601146567860472 0.509890085097244 0.41278236981315 0.316058606295582 0.226596981963692 0.150453860515103 0 0.164345353030684 0.252937605150263 0.353948058572304 0.457869857697532 0.555621955095103 0.640563535419269 0.709174890952299 0.760620234959594 0.795743419830513 0.815996644959178 0.822593954734239 0.815996644959178 
0 0 0 0 0 0 0 0 0 0 0 0 0 0 0 0 0 0 0 0 0 0 0 0 0 0 0 0 0 0 0 0 0 0 0 0 0 0 0 0 0 0 0 0 0 0 0 0 0 0 0 0 0 0 0 0 0 0 0 0 0.117045882094697 0.187320781306818 0.274907029217262 0.374410927033409 0.478466215037724 0.579503441380461 0.671288506280403 0.749793903980324 0.813335512349839 0.862170020696252 0.897834419877782 0.92246333913879 0.938221700746449 0.946899464681021 0.949658443149579 0.946899464681021 0.938221700746449 0.92246333913879 0.897834419877782 0.862170020696252 0.813335512349839 0.749793903980324 0.671288506280403 0.579503441380461 0.478466215037724 0.374410927033409 0.274907029217262 0.187320781306818 0.117045882094697 0.112178129295711 0.180841965233748 0.263779427941377 0.353948058572304 0.443356921089632 0.52504126956607 0.594185754123315 0.648268525101831 0.686528885737435 0.709174890952299 0.716655157241385 0.709174890952299 
