0 0 0 0 0 0 0 0 0 0 0 0 0 0 0 0 0 0 0 0 0 0 0 0 0 0 0 0 0 0 0 0 0 0 0 0 0 0 0 0 0 0 0 0 0 0 0 0 0 0 0 0 0 0 0 0 0 0 0 0 0 0 0 0 0 0 0 0 0 0 0 0 0 0 0 0 0 0 0 0 0 0 0 0 0 0 0 0 0 0 0 0 0 0 0 0 0 0 0 0 0 
0 0 0 0 0 0 0 0 0 0 0 0 0 0 0 0 0 0 0 0 0 0 0 0 0 0 0 0 0 0 0 0 0 0 0 0 0 0 0 0 0 0 0 0 0 0 0 0 0 0 0 0 0 0 0 0 0 0 0 0 0 0 0 0 0 0 0 0 0 0 0 0 0 0 0 0 0 0 0 0 0 0 0 0 0 0 0 0 0 0 0 0 0 0 0 0 0 0 0 0 0 
0 0 0 0 0 0 0 0 0 0 0 0 0 0 0 0 0 0 0 0 0 0 0 0 0 0 0 0 0 0 0 0 0 0 0 0 0 0 0 0 0 0 0 0 0 0 0 0 0 0 0 0 0 0 0 0 0 0 0 0 0 0 0 0 0 0 0 0 0 0 0 0 0 0 0 0 0 0 0 0 0 0 0 0 0 0 0 0 0 0 0 0 0 0 0 0 0 0 0 0 0 
0 0 0 0 0 0 0 0 0 0 0 0 0 0 0 0 0 0 0 0 0 0 0 0 0 0 0 0 0 0 0 0 0 0 0 0 0 0 0 0 0 0 0 0 0 0 0 0 0 0 0 0 0 0 0 0 0 0 0 0 0 0 0 0 0 0 0 0 0 0 0 0 0 0 0 0 0 0 0 0 0 0 0 0 0 0 0 0 0 0 0 0 0 0 0 0 0 0 0 0 0 
0 0 0 0 0 0 0 0 0 0 0 0 0 0 0 0 0 0 0 0 0 0 0 0 0 0 0 0 0 0 0 0 0 0 0 0 0 0 0 0 0 0 0 0 0 0 0 0 0 0 0 0 0 0 0 0 0 0 0 0 0 0 0 0 0 0 0 0 0 0 0 0 0 0 0 0 0 0 0 0 0 0 0 0 0 0 0 0 0 0 0 0 0 0 0 0 0 0 0 0 0 
0 0 0 0 0 0 0 0 0 0 0 0 0 0 0 0 0 0 0 0 0 0 0 0 0 0 0 0 0 0 0 0 0 0 0 0 0 0 0 0 0 0 0 0 0 0 0 0 0 0 0 0 0 0 0 0 0 0 0 0 0 0 0 0 0 0 0 0 0 0 0 0 0 0 0 0 0 0 0 0 0 0 0 0 0 0 0 0 0 0 0 0 0 0 0 0 0 0 0 0 0 
0 0 0 0 0 0 0 0 0 0 0 0 0 0 0 0 0 0 0 0 0 0 0 0 0 0 0 0 0 0 0 0 0 0 0 0 0 0 0 0 0 0 0 0 0 0 0 0 0 0 0 0 0 0 0 0 0 0 0 0 0 0 0 0 0 0 0 0 0 0 0 0 0 0 0 0 0 0 0 0 0 0 0 0 0 0 0 0 0 0 0 0 0 0 0 0 0 0 0 0 0 
0 0 0 0 0 0 0 0 0 0 0 0 0 0 0 0 0 0 0 0 0 0 0 0 0 0 0 0 0 0 0 0 0 0 0 0 0 0 0 0 0 0 0 0 0 0 0 0 0 0 0 0 0 0 0 0 0 0 0 0 0 0 0 0 0 0 0 0 0 0 0 0 0 0 0 0 0 0 0 0 0 0 0 0 0 0 0 0 0 0 0 0 0 0 0 0 0 0 0 0 0 
0 0 0 0 0 0 0 0 0 0 0 0 0 0 0 0 0 0 0 0 0 0 0 0 0 0 0 0 0 0 0 0 0 0 0 0 0 0 0 0 0 0 0 0 0 0 0 0 0 0 0 0 0 0 0 0 0 0 0 0 0 0 0 0 0 0 0 0 0 0 0 0 0 0 0 0 0 0 0 0 0 0 0 0 0 0 0 0 0 0 0 0 0 0 0 0 0 0 0 0 0 
0 0 0 0 0 0 0 0 0 0 0 0 0 0 0 0 0 0 0 0 0 0 0 0 0 0 0 0 0 0 0 0 0 0 0 0 0 0 0 0 0 0 0 0 0 0 0 0 0 0 0 0 0 0 0 0 0 0 0 0 0 0 0 0 0 0 0 0 0 0 0 0 0 0 0 0 0 0 0 0 0 0 0 0 0 0 0 0 0 0 0 0 0 0 0 0 0 0 0 0 0 
0 0 0 0 0 0 0 0 0 0 0 0 0 0 0 0 0 0 0 0 0 0 0 0 0 0 0 0 0 0 0 0 0 0 0 0 0 0 0 0 0 0 0 0 0 0 0 0 0 0 0 0 0 0 0 0 0 0 0 0 0 0 0 0 0 0 0 0 0 0 0 0 0 0 0 0 0 0 0 0 0 0 0 0 0 0 0 0 0 0 0 0 0 0 0 0 0 0 0 0 0 
0 0 0 0 0 0 0 0 0 0 0 0 0 0 0 0 0 0 0 0 0 0 0 0 0 0 0 0 0 0 0 0 0 0 0 0 0 0 0 0 0 0 0 0 0 0 0 0 0 0 0 0 0 0 0 0 0 0 0 0 0 0 0 0 0 0 0 0 0 0 0 0 0 0 0 0 0 0 0 0 0 0 0 0 0 0 0 0 0 0 0 0 0 0 0 0 0 0 0 0 0 
0 0 0 0 0 0 0 0 0 0 0 0 0 0 0 0 0 0 0 0 0 0 0 0 0 0 0 0 0 0 0 0 0 0 0 0 0 0 0 0 0 0 0 0 0 0 0 0 0 0 0 0 0 0 0 0 0 0 0 0 0 0 0 0 0 0 0 0 0 0 0 0 0 0 0 0 0 0 0 0 0 0 0 0 0 0 0 0 0 0 0 0 0 0 0 0 0 0 0 0 0 
0 0 0 0 0 0 0 0 0 0 0 0 0 0 0 0 0 0 0 0 0 0 0 0 0 0 0 0 0 0 0 0 0 0 0 0 0 0 0 0 0 0 0 0 0 0 0 0 0 0 0 0 0 0 0 0 0 0 0 0 0 0 0 0 0 0 0 0 0 0 0 0 0 0 0 0 0 0 0 0 0 0 0 0 0 0 0 0 0 0 0 0 0 0 0 0 0 0 0 0 0 
0 0 0 0 0 0 0 0 0 0 0 0 0 0 0 0 0 0 0 0 0 0 0 0 0 0 0 0 0 0 0 0 0 0 0 0 0 0 0 0 0 0 0 0 0 0 0 0 0 0 0 0 0 0 0 0 0 0 0 0 0 0 0 0 0 0 0 0 0 0 0 0 0 0 0 0 0 0 0 0 0 0 0 0 0 0 0 0 0 0 0 0 0 0 0 0 0 0 0 0 0 
0 0 0 0 0 0 0 0 0 0 0 0 0 0 0 0 0 0 0 0 0 0 0 0 0 0 0 0 0 0 0 0 0 0 0 0 0 0 0 0 0 0 0 0 0 0 0 0 0 0 0 0 0 0 0 0 0 0 0 0 0 0 0 0 0 0 0 0 0 0 0 0 0 0 0 0 0 0 0 0 0 0 0 0 0 0 0 0 0 0 0 0 0 0 0 0 0 0 0 0 0 
0 0 0 0 0 0 0 0 0 0 0 0 0 0 0 0 0 0 0 0 0 0 0 0 0 0 0 0 0 0 0 0 0 0 0 0 0 0 0 0 0 0 0 0 0 0 0 0 0 0 0 0 0 0 0 0 0 0 0 0 0 0 0 0 0 0 0 0 0 0 0 0 0 0 0 0 0 0 0 0 0 0 0 0 0 0 0 0 0 0 0 0 0 0 0 0 0 0 0 0 0 
0 0 0 0 0 0 0 0 0 0 0 0 0 0 0 0 0 0 0 0 0 0 0 0 0 0 0 0 0 0 0 0 0 0 0 0 0 0 0 0 0 0 0 0 0 0 0 0 0 0 0 0 0 0 0 0 0 0 0 0 0 0 0 0 0 0 0 0 0 0 0 0 0 0 0 0 0 0 0 0 0 0 0 0 0 0 0 0 0 0 0 0 0 0 0 0 0 0 0 0 0 
0 0 0 0 0 0 0 0 0 0 0 0 0 0 0 0 0 0 0 0 0 0 0 0 0 0 0 0 0 0 0 0 0 0 0 0 0 0 0 0 0 0 0 0 0 0 0 0 0 0 0 0 0 0 0 0 0 0 0 0 0 0 0 0 0 0 0 0 0 0 0 0 0 0 0 0 0 0 0 0 0 0 0 0 0 0 0 0 0 0 0 0 0 0 0 0 0 0 0 0 0 
0 0 0 0 0 0 0 0 0 0 0 0 0 0 0 0 0 0 0 0 0 0 0 0 0 0 0 0 0 0 0 0 0 0 0 0 0 0 0 0 0 0 0 0 0 0 0 0 0 0 0 0 0 0 0 0 0 0 0 0 0 0 0 0 0 0 0 0 0 0 0 0 0 0 0 0 0 0 0 0 0 0 0 0 0 0 0 0 0 0 0 0 0 0 0 0 0 0 0 0 0 
0 0 0 0 0 0 0 0 0 0 0 0 0 0 0 0 0 0 0 0 0 0 0 0 0 0 0 0 0 0 0 0 0 0 0 0 0 0 0 0 0 0 0 0 0 0 0 0 0 0 0 0 0 0 0 0 0 0 0 0 0 0 0 0 0 0 0 0 0 0 0 0 0 0 0 0 0 0 0 0 0 0 0 0 0 0 0 0 0 0 0 0 0 0 0 0 0 0 0 0 0 
0 0 0 0 0 0 0 0 0 0 0 0 0 0 0 0 0 0 0 0 0 0 0 0 0 0 0 0 0 0 0 0 0 0 0 0 0 0 0 0 0 0 0 0 0 0 0 0 0 0 0 0 0 0 0 0 0 0 0 0 0 0 0 0 0 0 0 0 0 0 0 0 0 0 0 0 0 0 0 0 0 0 0 0 0 0 0 0 0 0 0 0 0 0 0 0 0 0 0 0 0 
0 0 0 0 0 0 0 0 0 0 0 0 0 0 0 0 0 0 0 0 0 0 0 0 0 0 0 0 0 0 0 0 0 0 0 0 0 0 0 0 0 0 0 0 0 0 0 0 0 0 0 0 0 0 0 0 0 0 0 0 0 0 0 0 0 0 0 0 0 0 0 0 0 0 0 0 0 0 0 0 0 0 0 0 0 0 0 0 0 0 0 0 0 0 0 0 0 0 0 0 0 
0 0 0 0 0 0 0 0 0 0 0 0 0 0 0 0 0 0 0 0 0 0 0 0 0 0 0 0 0 0 0 0 0 0 0 0 0 0 0 0 0 0 0 0 0 0 0 0 0 0 0 0 0 0 0 0 0 0 0 0 0 0 0 0 0 0 0 0 0 0 0 0 0 0 0 0 0 0 0 0 0 0 0 0 0 0 0 0 0 0 0 0 0 0 0 0 0 0 0 0 0 
0 0 0 0 0 0 0 0 0 0 0 0 0 0 0 0 0 0 0 0 0 0 0 0 0 0 0 0 0 0 0 0 0 0 0 0 0 0.109542130756352 0.126461397256951 0.139711023149307 0.148143100518045 0.151035674181538 0.148143100518045 0.139711023149307 0.126461397256951 0.109542130756352 0 0 0 0 0 0 0 0 0 0 0 0 0 0 0 0 0 0 0 0 0 0 0 0 0 0 0 0 0 0 0 0 0 0 0 0 0 0 0 0 0 0 0 0 0 0 0 0 0 0 0 0 0 0 0 
0 0 0 0 0 0 0 0 0 0 0 0 0 0 0 0 0 0 0 0 0 0 0 0 0 0 0 0 0 0 0 0 0 0 0 0.126461397256951 0.156945020232209 0.185625653115165 0.21034743289174 0.229319095652364 0.24122880273085 0.245286322140164 0.24122880273085 0.229319095652364 0.21034743289174 0.185625653115165 0.156945020232209 0.126461397256951 0 0 0 0 0 0 0 0 0 0 0 0 0 0 0 0 0 0 0 0 0 0 0 0 0 0 0 0 0 0 0 0 0 0 0 0 0 0 0 0 0 0 0 0 0 0 0 0 0 0 0 0 0 
0 0 0 0 0 0 0 0 0 0 0 0 0 0 0 0 0 0 0.109542130756352 0.126461397256951 0.139711023149307 0.148143100518045 0.151035674181538 0.148143100518045 0.139711023149307 0.126461397256951 0.109542130756352 0 0 0 0 0 0 0.118982063354973 0.159962223991193 0.203065827506706 0.245286322140164 0.283757683999393 0.316058606295583 0.340352007550202 0.355395457514136 0.360485317728838 0.355395457514136 0.340352007550202 0.316058606295583 0.283757683999393 0.245286322140164 0.203065827506706 0.159962223991193 0.118982063354973 0 0 0 0 0 0 0 0 0 0 0 0 0 0 0 0 0 0 0 0 0 0 0 0 0 0 0 0 0 0 0 0 0 0 0 0 0 0 0 0 0 0 0 0 0 0 0 0 0 0 0 
0 0 0 0 0 0 0 0 0 0 0 0 0 0 0 0 0.126461397256951 0.156945020232209 0.185625653115165 0.21034743289174 0.229319095652364 0.24122880273085 0.245286322140164 0.24122880273085 0.229319095652364 0.21034743289174 0.185625653115165 0.156945020232209 0.126461397256951 0 0 0 0.134291897304334 0.185625653115165 0.24122880273085 0.297351252081012 0.350342984824392 0.397119179587248 0.435371463173613 0.463559762511294 0.480773291793291 0.486556251715438 0.480773291793291 0.463559762511294 0.435371463173613 0.397119179587248 0.350342984824392 0.297351252081012 0.24122880273085 0.185625653115165 0.134291897304334 0 0 0 0 0 0 0 0 0 0 0 0 0 0 0 0 0 0 0 0 0 0 0 0 0 0 0 0 0 0 0 0 0 0 0 0 0 0 0 0 0 0 0 0 0 0 0 0 0 0 
0 0 0 0 0 0 0 0 0 0 0 0 0 0 0.118982063354973 0.159962223991193 0.203065827506706 0.245286322140164 0.283757683999393 0.316058606295583 0.340352007550202 0.355395457514136 0.360485317728838 0.355395457514136 0.340352007550202 0.316058606295583 0.283757683999393 0.245286322140164 0.203065827506706 0.159962223991193 0.118982063354973 0.139711023149307 0.199490653067651 0.266227616881784 0.335414361828048 0.402489600208388 0.463559762511294 0.515769430957295 0.557329640381079 0.587314027897617 0.605358231792299 0.61137498938089 0.605358231792299 0.587314027897617 0.557329640381079 0.515769430957295 0.463559762511294 0.402489600208388 0.335414361828048 0.266227616881784 0.199490653067651 0.139711023149307 0 0 0 0 0 0 0 0 0 0 0 0 0 0 0 0 0 0 0 0 0 0 0 0 0 0 0 0 0 0 0 0 0 0 0 0 0 0 0 0 0 0 0 0 0 0 0 0 0 
0 0 0 0 0 0 0 0 0 0 0 0 0 0.134291897304334 0.185625653115165 0.24122880273085 0.297351252081012 0.350342984824392 0.397119179587248 0.435371463173613 0.463559762511294 0.480773291793291 0.486556251715438 0.480773291793291 0.463559762511294 0.435371463173613 0.397119179587248 0.350342984824392 0.297351252081012 0.24122880273085 0.185625653115165 0.199490653067651 0.274907029217263 0.355395457514136 0.435371463173613 0.509890085097244 0.575301221433991 0.629414704975999 0.671288506280403 0.700821295969133 0.718312255391395 0.724096521486238 0.718312255391395 0.700821295969133 0.671288506280403 0.629414704975999 0.575301221433991 0.509890085097244 0.435371463173613 0.355395457514136 0.274907029217263 0.199490653067651 0.134291897304334 0 0 0 0 0 0 0 0 0 0 0 0 0 0 0 0 0 0 0 0 0 0 0 0 0 0 0 0 0 0 0 0 0 0 0 0 0 0 0 0 0 0 0 0 0 0 0 0 
0 0 0 0 0 0 0 0 0 0 0 0 0.139711023149307 0.199490653067651 0.266227616881784 0.335414361828048 0.402489600208388 0.463559762511294 0.515769430957295 0.557329640381079 0.587314027897617 0.605358231792299 0.61137498938089 0.605358231792299 0.587314027897617 0.557329640381079 0.515769430957295 0.463559762511294 0.402489600208388 0.335414361828048 0.266227616881784 0.266227616881784 0.355395457514136 0.446566852851368 0.533502257702619 0.61137498938089 0.677227061772247 0.729855537984702 0.769348934107357 0.796505292377609 0.812297262906902 0.817469618463246 0.812297262906902 0.796505292377609 0.769348934107357 0.729855537984702 0.677227061772247 0.61137498938089 0.533502257702619 0.446566852851368 0.355395457514136 0.266227616881784 0.185625653115165 0.118982063354973 0 0 0 0 0 0 0 0 0 0 0 0 0 0 0 0 0 0 0 0 0 0 0 0 0 0 0 0 0 0 0 0 0 0 0 0 0 0 0 0 0 0 0 0 0 0 0 
0 0 0 0 0 0 0 0 0 0 0 0.134291897304334 0.199490653067651 0.274907029217263 0.355395457514136 0.435371463173613 0.509890085097244 0.575301221433991 0.629414704975999 0.671288506280403 0.700821295969133 0.718312255391395 0.724096521486238 0.718312255391395 0.700821295969133 0.671288506280403 0.629414704975999 0.575301221433991 0.509890085097244 0.435371463173613 0.355395457514136 0.335414361828048 0.435371463173613 0.533502257702619 0.623404430735078 0.700821295969133 0.76380426509875 0.812297262906902 0.847449640147229 0.870911096456656 0.884253763838992 0.888571687348732 0.884253763838992 0.870911096456656 0.847449640147229 0.812297262906902 0.76380426509875 0.700821295969133 0.623404430735078 0.533502257702619 0.435371463173613 0.335414361828048 0.24122880273085 0.159962223991193 0 0 0 0 0 0 0 0 0 0 0 0 0 0 0 0 0 0 0 0 0 0 0 0 0 0 0 0 0 0 0 0 0 0 0 0 0 0 0 0 0 0 0 0 0 0 0 
0 0 0 0 0 0 0 0 0 0 0.118982063354973 0.185625653115165 0.266227616881784 0.355395457514136 0.446566852851368 0.533502257702619 0.61137498938089 0.677227061772247 0.729855537984702 0.769348934107357 0.796505292377609 0.812297262906902 0.817469618463246 0.812297262906902 0.796505292377609 0.769348934107357 0.729855537984702 0.677227061772247 0.61137498938089 0.533502257702619 0.446566852851368 0.402489600208388 0.509890085097244 0.61137498938089 0.700821295969133 0.774857596741818 0.832693325133238 0.875422276054583 0.905164062264459 0.924292069829058 0.934857722203471 0.938221700746449 0.934857722203471 0.924292069829058 0.905164062264459 0.875422276054583 0.832693325133238 0.774857596741818 0.700821295969133 0.61137498938089 0.509890085097244 0.402489600208388 0.297351252081012 0.203065827506706 0.126461397256951 0 0 0 0 0 0 0 0 0 0 0 0 0 0 0 0 0 0 0 0 0 0 0 0 0 0 0 0 0 0 0 0 0 0 0 0 0 0 0 0 0 0 0 0 0 0 
0 0 0 0 0 0 0 0 0 0 0.159962223991193 0.24122880273085 0.335414361828048 0.435371463173613 0.533502257702619 0.623404430735078 0.700821295969133 0.76380426509875 0.812297262906902 0.847449640147229 0.870911096456656 0.884253763838992 0.888571687348732 0.884253763838992 0.870911096456656 0.847449640147229 0.812297262906902 0.76380426509875 0.700821295969133 0.623404430735078 0.533502257702619 0.463559762511294 0.575301221433991 0.677227061772247 0.76380426509875 0.832693325133238 0.884253763838992 0.920615577146496 0.944707071983589 0.959463537531385 0.967284878157878 0.969715258425567 0.967284878157878 0.959463537531385 0.944707071983589 0.920615577146496 0.884253763838992 0.832693325133238 0.76380426509875 0.677227061772247 0.575301221433991 0.463559762511294 0.350342984824392 0.245286322140164 0.156945020232209 0 0 0 0 0 0 0 0 0 0 0 0 0 0 0 0 0 0 0 0 0 0 0 0 0 0 0 0 0 0 0 0 0 0 0 0 0 0 0 0 0 0 0 0 0 0 
0 0 0 0 0 0 0 0 0 0.126461397256951 0.203065827506706 0.297351252081012 0.402489600208388 0.509890085097244 0.61137498938089 0.700821295969133 0.774857596741818 0.832693325133238 0.875422276054583 0.905164062264459 0.924292069829058 0.934857722203471 0.938221700746449 0.934857722203471 0.924292069829058 0.905164062264459 0.875422276054583 0.832693325133238 0.774857596741818 0.700821295969133 0.61137498938089 0.515769430957295 0.629414704975999 0.729855537984702 0.812297262906902 0.875422276054583 0.920615577146496 0.950862905374344 0.969715258425567 0.980510630879895 0.985880533923628 0.9874826556066 0.985880533923628 0.980510630879895 0.969715258425567 0.950862905374344 0.920615577146496 0.875422276054583 0.812297262906902 0.729855537984702 0.629414704975999 0.515769430957295 0.397119179587248 0.283757683999393 0.185625653115165 0.109542130756352 0 0 0 0 0 0 0 0 0 0 0 0 0 0 0 0 0 0 0 0 0 0 0 0 0 0 0 0 0 0 0 0 0 0 0 0 0 0 0 0 0 0 0 0 0 
0 0 0 0 0 0 0 0 0 0.156945020232209 0.245286322140164 0.350342984824392 0.463559762511294 0.575301221433991 0.677227061772247 0.76380426509875 0.832693325133238 0.884253763838992 0.920615577146496 0.944707071983589 0.959463537531385 0.967284878157878 0.969715258425567 0.967284878157878 0.959463537531385 0.944707071983589 0.920615577146496 0.884253763838992 0.832693325133238 0.76380426509875 0.677227061772247 0.575301221433991 0.671288506280403 0.769348934107357 0.847449640147229 0.905164062264459 0.944707071983589 0.969715258425567 0.984184154270883 0.991718921866541 0.995091637797966 0.996022369116245 0.995091637797966 0.991718921866541 0.984184154270883 0.969715258425567 0.944707071983589 0.905164062264459 0.847449640147229 0.769348934107357 0.671288506280403 0.557329640381079 0.435371463173613 0.316058606295583 0.21034743289174 0.126461397256951 0 0 0 0 0 0 0 0 0 0 0 0 0 0 0 0 0 0 0 0 0 0 0 0 0 0 0 0 0 0 0 0 0 0 0 0 0 0 0 0 0 0 0 0 0 
0 0 0 0 0 0 0 0 0.109542130756352 0.185625653115165 0.283757683999393 0.397119179587248 0.515769430957295 0.629414704975999 0.729855537984702 0.812297262906902 0.875422276054583 0.920615577146496 0.950862905374344 0.969715258425567 0.980510630879895 0.985880533923628 0.9874826556066 0.985880533923628 0.980510630879895 0.969715258425567 0.950862905374344 0.920615577146496 0.875422276054583 0.812297262906902 0.729855537984702 0.629414704975999 0.700821295969133 0.796505292377609 0.870911096456656 0.924292069829058 0.959463537531385 0.980510630879895 0.991718921866541 0.996855866596497 0.998770644333834 0.999213038173025 0.998770644333834 0.996855866596497 0.991718921866541 0.980510630879895 0.959463537531385 0.924292069829058 0.870911096456656 0.796505292377609 0.700821295969133 0.587314027897617 0.463559762511294 0.340352007550202 0.229319095652364 0.139711023149307 0 0 0 0 0 0 0 0 0 0 0 0 0 0 0 0 0 0 0 0 0 0 0 0 0 0 0 0 0 0 0 0 0 0 0 0 0 0 0 0 0 0 0 0 0 
0 0 0 0 0 0 0 0 0.126461397256951 0.21034743289174 0.316058606295583 0.435371463173613 0.557329640381079 0.671288506280403 0.769348934107357 0.847449640147229 0.905164062264459 0.944707071983589 0.969715258425567 0.984184154270883 0.991718921866541 0.995091637797966 0.996022369116245 0.995091637797966 0.991718921866541 0.984184154270883 0.969715258425567 0.944707071983589 0.905164062264459 0.847449640147229 0.769348934107357 0.671288506280403 0.718312255391395 0.812297262906902 0.884253763838992 0.934857722203471 0.967284878157878 0.985880533923628 0.995091637797966 0.998770644333834 0.999803201456378 0.999950796732771 0.999803201456378 0.998770644333834 0.995091637797966 0.985880533923628 0.967284878157878 0.934857722203471 0.884253763838992 0.812297262906902 0.718312255391395 0.605358231792299 0.480773291793291 0.355395457514136 0.24122880273085 0.148143100518045 0 0 0 0 0 0 0 0 0 0 0 0 0 0 0 0 0 0 0 0 0 0 0 0 0 0 0 0 0 0 0 0 0 0 0 0 0 0 0 0 0 0 0 0 0 
0 0 0 0 0 0 0 0 0.139711023149307 0.229319095652364 0.340352007550202 0.463559762511294 0.587314027897617 0.700821295969133 0.796505292377609 0.870911096456656 0.924292069829058 0.959463537531385 0.980510630879895 0.991718921866541 0.996855866596497 0.998770644333834 0.999213038173025 0.998770644333834 0.996855866596497 0.991718921866541 0.980510630879895 0.959463537531385 0.924292069829058 0.870911096456656 0.796505292377609 0.700821295969133 0.724096521486238 0.817469618463246 0.888571687348732 0.938221700746449 0.969715258425567 0.9874826556066 0.996022369116245 0.999213038173025 0.999950796732771 1 0.999950796732771 0.999213038173025 0.996022369116245 0.9874826556066 0.969715258425567 0.938221700746449 0.888571687348732 0.817469618463246 0.724096521486238 0.61137498938089 0.486556251715438 0.360485317728838 0.245286322140164 0.151035674181538 0 0 0 0 0 0 0 0 0 0 0 0 0 0 0 0 0 0 0 0 0 0 0 0 0 0 0 0 0 0 0 0 0 0 0 0 0 0 0 0 0 0 0 0 0 
0 0 0 0 0 0 0 0 0.148143100518045 0.24122880273085 0.355395457514136 0.480773291793291 0.605358231792299 0.718312255391395 0.812297262906902 0.884253763838992 0.934857722203471 0.967284878157878 0.985880533923628 0.995091637797966 0.998770644333834 0.999803201456378 0.999950796732771 0.999803201456378 0.998770644333834 0.995091637797966 0.985880533923628 0.967284878157878 0.934857722203471 0.884253763838992 0.812297262906902 0.718312255391395 0.718312255391395 0.812297262906902 0.884253763838992 0.934857722203471 0.967284878157878 0.985880533923628 0.995091637797966 0.998770644333834 0.999803201456378 0.999950796732771 0.999803201456378 0.998770644333834 0.995091637797966 0.985880533923628 0.967284878157878 0.934857722203471 0.884253763838992 0.812297262906902 0.718312255391395 0.605358231792299 0.480773291793291 0.355395457514136 0.24122880273085 0.148143100518045 0 0 0 0 0 0 0 0 0 0 0 0 0 0 0 0 0 0 0 0 0 0 0 0 0 0 0 0 0 0 0 0 0 0 0 0 0 0 0 0 0 0 0 0 0 
0 0 0 0 0 0 0 0 0.151035674181538 0.245286322140164 0.360485317728838 0.486556251715438 0.61137498938089 0.724096521486238 0.817469618463246 0.888571687348732 0.938221700746449 0.969715258425567 0.9874826556066 0.996022369116245 0.999213038173025 0.999950796732771 1 0.999950796732771 0.999213038173025 0.996022369116245 0.9874826556066 0.969715258425567 0.938221700746449 0.888571687348732 0.817469618463246 0.724096521486238 0.700821295969133 0.796505292377609 0.870911096456656 0.924292069829058 0.959463537531385 0.980510630879895 0.991718921866541 0.996855866596497 0.998770644333834 0.999213038173025 0.998770644333834 0.996855866596497 0.991718921866541 0.980510630879895 0.959463537531385 0.924292069829058 0.870911096456656 0.796505292377609 0.700821295969133 0.587314027897617 0.463559762511294 0.340352007550202 0.229319095652364 0.139711023149307 0 0 0 0 0 0 0 0 0 0 0 0 0 0 0 0 0 0 0 0 0 0 0 0 0 0 0 0 0 0 0 0 0 0 0 0 0 0 0 0 0 0 0 0 0 
0 0 0 0 0 0 0 0 0.148143100518045 0.24122880273085 0.355395457514136 0.480773291793291 0.605358231792299 0.718312255391395 0.812297262906902 0.884253763838992 0.934857722203471 0.967284878157878 0.985880533923628 0.995091637797966 0.998770644333834 0.999803201456378 0.999950796732771 0.999803201456378 0.998770644333834 0.995091637797966 0.985880533923628 0.967284878157878 0.934857722203471 0.884253763838992 0.812297262906902 0.718312255391395 0.671288506280403 0.769348934107357 0.847449640147229 0.905164062264459 0.944707071983589 0.969715258425567 0.984184154270883 0.991718921866541 0.995091637797966 0.996022369116245 0.995091637797966 0.991718921866541 0.984184154270883 0.969715258425567 0.944707071983589 0.905164062264459 0.847449640147229 0.769348934107357 0.671288506280403 0.557329640381079 0.435371463173613 0.316058606295583 0.21034743289174 0.126461397256951 0 0 0 0 0 0 0 0 0 0 0 0 0 0 0 0 0 0 0 0 0 0 0 0 0 0 0 0 0 0 0 0 0 0 0 0 0 0 0 0 0 0 0 0 0 
0 0 0 0 0 0 0 0 0.139711023149307 0.229319095652364 0.340352007550202 0.463559762511294 0.587314027897617 0.700821295969133 0.796505292377609 0.870911096456656 0.924292069829058 0.959463537531385 0.980510630879895 0.991718921866541 0.996855866596497 0.998770644333834 0.999213038173025 0.998770644333834 0.996855866596497 0.991718921866541 0.980510630879895 0.959463537531385 0.924292069829058 0.870911096456656 0.796505292377609 0.700821295969133 0.629414704975999 0.729855537984702 0.812297262906902 0.875422276054583 0.920615577146496 0.950862905374344 0.969715258425567 0.980510630879895 0.985880533923628 0.9874826556066 0.985880533923628 0.980510630879895 0.969715258425567 0.950862905374344 0.920615577146496 0.875422276054583 0.812297262906902 0.729855537984702 0.629414704975999 0.515769430957295 0.397119179587248 0.283757683999393 0.185625653115165 0.109542130756352 0 0 0 0 0 0 0 0 0 0 0 0 0 0 0 0 0 0 0 0 0 0 0 0 0 0 0 0 0 0 0 0 0 0 0 0 0 0 0 0 0 0 0 0 0 
0 0 0 0 0 0 0 0 0.126461397256951 0.21034743289174 0.316058606295583 0.435371463173613 0.557329640381079 0.671288506280403 0.769348934107357 0.847449640147229 0.905164062264459 0.944707071983589 0.969715258425567 0.984184154270883 0.991718921866541 0.995091637797966 0.996022369116245 0.995091637797966 0.991718921866541 0.984184154270883 0.969715258425567 0.944707071983589 0.905164062264459 0.847449640147229 0.769348934107357 0.671288506280403 0.575301221433991 0.677227061772247 0.76380426509875 0.832693325133238 0.884253763838992 0.920615577146496 0.944707071983589 0.959463537531385 0.967284878157878 0.969715258425567 0.967284878157878 0.959463537531385 0.944707071983589 0.920615577146496 0.884253763838992 0.832693325133238 0.76380426509875 0.677227061772247 0.575301221433991 0.463559762511294 0.350342984824392 0.245286322140164 0.156945020232209 0 0 0 0 0 0 0 0 0 0 0 0 0 0 0 0 0 0 0 0 0 0 0 0 0 0 0 0 0 0 0 0 0 0 0 0 0 0 0 0 0 0 0 0 0 0 
0 0 0 0 0 0 0 0 0.109542130756352 0.185625653115165 0.283757683999393 0.397119179587248 0.515769430957295 0.629414704975999 0.729855537984702 0.812297262906902 0.875422276054583 0.920615577146496 0.950862905374344 0.969715258425567 0.980510630879895 0.985880533923628 0.9874826556066 0.985880533923628 0.980510630879895 0.969715258425567 0.950862905374344 0.920615577146496 0.875422276054583 0.812297262906902 0.729855537984702 0.629414704975999 0.515769430957295 0.61137498938089 0.700821295969133 0.774857596741818 0.832693325133238 0.875422276054583 0.905164062264459 0.924292069829058 0.934857722203471 0.938221700746449 0.934857722203471 0.924292069829058 0.905164062264459 0.875422276054583 0.832693325133238 0.774857596741818 0.700821295969133 0.61137498938089 0.509890085097244 0.402489600208388 0.297351252081012 0.203065827506706 0.126461397256951 0 0 0 0 0 0 0 0 0 0 0 0 0 0 0 0 0 0 0 0 0 0 0 0 0 0 0 0 0 0 0 0 0 0 0 0 0 0 0 0 0 0 0 0 0 0 
0 0 0 0 0 0 0 0 0 0.156945020232209 0.245286322140164 0.350342984824392 0.463559762511294 0.575301221433991 0.677227061772247 0.76380426509875 0.832693325133238 0.884253763838992 0.920615577146496 0.944707071983589 0.959463537531385 0.967284878157878 0.969715258425567 0.967284878157878 0.959463537531385 0.944707071983589 0.920615577146496 0.884253763838992 0.832693325133238 0.76380426509875 0.677227061772247 0.575301221433991 0.463559762511294 0.533502257702619 0.623404430735078 0.700821295969133 0.76380426509875 0.812297262906902 0.847449640147229 0.870911096456656 0.884253763838992 0.888571687348732 0.884253763838992 0.870911096456656 0.847449640147229 0.812297262906902 0.76380426509875 0.700821295969133 0.623404430735078 0.533502257702619 0.435371463173613 0.335414361828048 0.24122880273085 0.159962223991193 0 0 0 0 0 0 0 0 0 0 0 0 0 0 0 0 0 0 0 0 0 0 0 0 0 0 0 0 0 0 0 0 0 0 0 0 0 0 0 0 0 0 0 0 0 0 0 
0 0 0 0 0 0 0 0 0 0.126461397256951 0.203065827506706 0.297351252081012 0.402489600208388 0.509890085097244 0.61137498938089 0.700821295969133 0.774857596741818 0.832693325133238 0.875422276054583 0.905164062264459 0.924292069829058 0.934857722203471 0.938221700746449 0.934857722203471 0.924292069829058 0.905164062264459 0.875422276054583 0.832693325133238 0.774857596741818 0.700821295969133 0.61137498938089 0.509890085097244 0.402489600208388 0.446566852851368 0.533502257702619 0.61137498938089 0.677227061772247 0.729855537984702 0.769348934107357 0.796505292377609 0.812297262906902 0.817469618463246 0.812297262906902 0.796505292377609 0.769348934107357 0.729855537984702 0.677227061772247 0.61137498938089 0.533502257702619 0.446566852851368 0.355395457514136 0.266227616881784 0.185625653115165 0.118982063354973 0 0 0 0 0 0 0 0 0 0 0 0 0 0 0 0 0 0 0 0 0 0 0 0 0 0 0 0 0 0 0 0 0 0 0 0 0 0 0 0 0 0 0 0 0 0 0 
0 0 0 0 0 0 0 0 0 0 0.159962223991193 0.24122880273085 0.335414361828048 0.435371463173613 0.533502257702619 0.623404430735078 0.700821295969133 0.76380426509875 0.812297262906902 0.847449640147229 0.870911096456656 0.884253763838992 0.888571687348732 0.884253763838992 0.870911096456656 0.847449640147229 0.812297262906902 0.76380426509875 0.700821295969133 0.623404430735078 0.533502257702619 0.435371463173613 0.335414361828048 0.355395457514136 0.435371463173613 0.509890085097244 0.575301221433991 0.629414704975999 0.671288506280403 0.700821295969133 0.718312255391395 0.724096521486238 0.718312255391395 0.700821295969133 0.671288506280403 0.629414704975999 0.575301221433991 0.509890085097244 0.435371463173613 0.355395457514136 0.274907029217263 0.199490653067651 0.134291897304334 0 0 0 0 0 0 0 0 0 0 0 0 0 0 0 0 0 0 0 0 0 0 0 0 0 0 0 0 0 0 0 0 0 0 0 0 0 0 0 0 0 0 0 0 0 0 0 0 
0 0 0 0 0 0 0 0 0 0 0.118982063354973 0.185625653115165 0.266227616881784 0.355395457514136 0.446566852851368 0.533502257702619 0.61137498938089 0.677227061772247 0.729855537984702 0.769348934107357 0.796505292377609 0.812297262906902 0.817469618463246 0.812297262906902 0.796505292377609 0.769348934107357 0.729855537984702 0.677227061772247 0.61137498938089 0.533502257702619 0.446566852851368 0.355395457514136 0.266227616881784 0.266227616881784 0.335414361828048 0.402489600208388 0.463559762511294 0.515769430957295 0.557329640381079 0.587314027897617 0.605358231792299 0.61137498938089 0.605358231792299 0.587314027897617 0.557329640381079 0.515769430957295 0.463559762511294 0.402489600208388 0.335414361828048 0.266227616881784 0.199490653067651 0.139711023149307 0 0 0 0 0 0 0 0 0 0 0 0 0 0 0 0 0 0 0 0 0 0 0 0 0 0 0 0 0 0 0 0 0 0 0 0 0 0 0 0 0 0 0 0 0 0 0 0 0 
0 0 0 0 0 0 0 0 0 0 0 0.134291897304334 0.199490653067651 0.274907029217263 0.355395457514136 0.435371463173613 0.509890085097244 0.575301221433991 0.629414704975999 0.671288506280403 0.700821295969133 0.718312255391395 0.724096521486238 0.718312255391395 0.700821295969133 0.671288506280403 0.629414704975999 0.575301221433991 0.509890085097244 0.435371463173613 0.355395457514136 0.274907029217263 0.199490653067651 0.185625653115165 0.24122880273085 0.297351252081012 0.350342984824392 0.397119179587248 0.435371463173613 0.463559762511294 0.480773291793291 0.486556251715438 0.480773291793291 0.463559762511294 0.435371463173613 0.397119179587248 0.350342984824392 0.297351252081012 0.24122880273085 0.185625653115165 0.134291897304334 0 0 0 0 0 0 0 0 0 0 0 0 0 0 0 0 0 0 0 0 0 0 0 0 0 0 0 0 0 0 0 0 0 0 0 0 0 0 0 0 0 0 0 0 0 0 0 0 0 0 
0 0 0 0 0 0 0 0 0 0 0 0 0.139711023149307 0.199490653067651 0.266227616881784 0.335414361828048 0.402489600208388 0.463559762511294 0.515769430957295 0.557329640381079 0.587314027897617 0.605358231792299 0.61137498938089 0.605358231792299 0.587314027897617 0.557329640381079 0.515769430957295 0.463559762511294 0.402489600208388 0.335414361828048 0.266227616881784 0.199490653067651 0.139711023149307 0.118982063354973 0.159962223991193 0.203065827506706 0.245286322140164 0.283757683999393 0.316058606295583 0.340352007550202 0.355395457514136 0.360485317728838 0.355395457514136 0.340352007550202 0.316058606295583 0.283757683999393 0.245286322140164 0.203065827506706 0.159962223991193 0.118982063354973 0 0 0 0 0 0 0 0 0 0 0 0 0 0 0 0 0 0 0 0 0 0 0 0 0 0 0 0 0 0 0 0 0 0 0 0 0 0 0 0 0 0 0 0 0 0 0 0 0 0 0 
0 0 0 0 0 0 0 0 0 0 0 0 0 0.134291897304334 0.185625653115165 0.24122880273085 0.297351252081012 0.350342984824392 0.397119179587248 0.435371463173613 0.463559762511294 0.480773291793291 0.486556251715438 0.480773291793291 0.463559762511294 0.435371463173613 0.397119179587248 0.350342984824392 0.297351252081012 0.24122880273085 0.185625653115165 0.134291897304334 0 0 0 0.126461397256951 0.156945020232209 0.185625653115165 0.21034743289174 0.229319095652364 0.24122880273085 0.245286322140164 0.24122880273085 0.229319095652364 0.21034743289174 0.185625653115165 0.156945020232209 0.126461397256951 0 0 0 0 0 0 0 0 0 0 0 0 0 0 0 0 0 0 0 0 0 0 0 0 0 0 0 0 0 0 0 0 0 0 0 0 0 0 0 0 0 0 0 0 0 0 0 0 0 0 0 0 0 
0 0 0 0 0 0 0 0 0 0 0 0 0 0 0.118982063354973 0.159962223991193 0.203065827506706 0.245286322140164 0.283757683999393 0.316058606295583 0.340352007550202 0.355395457514136 0.360485317728838 0.355395457514136 0.340352007550202 0.316058606295583 0.283757683999393 0.245286322140164 0.203065827506706 0.159962223991193 0.118982063354973 0 0 0 0 0 0 0.109542130756352 0.126461397256951 0.139711023149307 0.148143100518045 0.151035674181538 0.148143100518045 0.139711023149307 0.126461397256951 0.109542130756352 0 0 0 0 0 0 0 0 0 0 0 0 0 0 0 0 0 0 0 0 0 0 0 0 0 0 0 0 0 0 0 0 0 0 0 0 0 0 0 0 0 0 0 0 0 0 0 0 0 0 0 0 0 0 0 
0 0 0 0 0 0 0 0 0 0 0 0 0 0 0 0 0.126461397256951 0.156945020232209 0.185625653115165 0.21034743289174 0.229319095652364 0.24122880273085 0.245286322140164 0.24122880273085 0.229319095652364 0.21034743289174 0.185625653115165 0.156945020232209 0.126461397256951 0 0 0 0 0 0 0 0 0 0 0 0 0 0 0 0 0 0 0 0 0 0 0 0 0 0 0 0 0 0 0 0 0 0 0 0 0 0 0 0 0 0 0 0 0 0 0 0 0 0 0 0 0 0 0 0 0 0 0 0 0 0 0 0 0 0 0 0 0 0 0 0 
0 0 0 0 0 0 0 0 0 0 0 0 0 0 0 0 0 0 0.109542130756352 0.126461397256951 0.139711023149307 0.148143100518045 0.151035674181538 0.148143100518045 0.139711023149307 0.126461397256951 0.109542130756352 0 0 0 0 0 0 0 0 0 0 0 0 0 0 0 0 0 0 0 0 0 0 0 0 0 0 0 0 0 0 0 0 0 0 0 0 0 0 0 0 0 0 0 0 0 0 0 0 0 0 0 0 0 0 0 0 0 0 0 0 0 0 0 0 0 0 0 0 0 0 0 0 0 0 
0 0 0 0 0 0 0 0 0 0 0 0 0 0 0 0 0 0 0 0 0 0 0 0 0 0 0 0 0 0 0 0 0 0 0 0 0 0 0 0 0 0 0 0 0 0 0 0 0 0 0 0 0 0 0 0 0 0 0 0 0 0 0 0 0 0 0 0 0 0 0 0 0 0 0 0 0 0 0 0 0 0 0 0 0 0 0 0 0 0 0 0 0 0 0 0 0 0 0 0 0 
0 0 0 0 0 0 0 0 0 0 0 0 0 0 0 0 0 0 0 0 0 0 0 0 0 0 0 0 0 0 0 0 0 0 0 0 0 0 0 0 0 0.11242774203159 0.129032167400704 0.143179849077599 0.153969574170007 0.16072307357744 0.163021388703181 0.16072307357744 0.153969574170007 0.143179849077599 0.129032167400704 0.11242774203159 0 0 0 0 0 0 0 0 0 0 0 0 0 0 0 0 0 0 0 0 0 0 0 0 0 0 0 0 0 0 0 0 0 0 0 0 0 0 0 0 0 0 0 0 0 0 0 0 0 
0 0 0 0 0 0 0 0 0 0 0 0 0 0 0 0 0 0 0 0 0 0 0 0 0 0 0 0 0 0 0 0 0 0 0 0 0 0 0 0.125190663414 0.151765266115149 0.177311905213897 0.20038035057843 0.21969606384552 0.234233508897561 0.243252094649978 0.24630753392759 0.243252094649978 0.234233508897561 0.21969606384552 0.20038035057843 0.177311905213897 0.151765266115149 0.125190663414 0 0 0 0 0 0 0 0 0 0 0 0 0 0 0 0 0 0 0 0 0 0 0 0 0 0 0 0 0 0 0 0 0 0 0 0 0 0 0 0 0 0 0 0 0 0 0 
0 0 0 0 0 0 0 0 0 0 0 0 0 0 0 0 0 0 0 0 0 0 0 0 0 0 0 0 0 0 0 0 0 0 0 0 0 0.119592118922377 0.153969574170007 0.189883783073075 0.225436948126087 0.258774645020236 0.288246747940293 0.312500964068005 0.330515821523994 0.341592482328639 0.345328355440562 0.341592482328639 0.330515821523994 0.312500964068005 0.288246747940293 0.258774645020236 0.225436948126087 0.189883783073075 0.153969574170007 0.119592118922377 0 0 0 0 0 0 0 0 0 0 0 0 0 0 0 0 0 0 0 0 0 0 0 0 0 0 0 0 0 0 0 0 0 0 0 0 0 0 0 0 0 0 0 0 0 
0 0 0 0 0 0 0 0 0 0 0 0 0 0 0 0 0 0 0 0 0 0 0 0 0 0 0 0 0 0 0 0 0 0 0 0 0.134960527376061 0.177311905213897 0.222554154819104 0.268381339755955 0.312500964068005 0.352864518829096 0.38780095302173 0.416056378124638 0.43676479375072 0.449382755873487 0.453619012593026 0.449382755873487 0.43676479375072 0.416056378124638 0.38780095302173 0.352864518829096 0.312500964068005 0.268381339755955 0.222554154819104 0.177311905213897 0.134960527376061 0 0 0 0 0 0 0 0 0 0 0 0 0 0 0 0 0 0 0 0 0 0 0 0 0 0 0 0 0 0 0 0 0 0 0 0 0 0 0 0 0 0 0 0 
0 0 0 0 0 0 0 0 0 0 0 0 0 0 0 0 0 0 0 0 0 0 0 0 0 0 0 0 0 0 0 0 0 0 0.100692484575402 0.143179849077599 0.192471198362885 0.24630753392759 0.301966205404137 0.356664435678938 0.407892505183624 0.453619012593026 0.492360316662318 0.523141636526835 0.545393148849829 0.55882448727475 0.563312339004761 0.55882448727475 0.545393148849829 0.523141636526835 0.492360316662318 0.453619012593026 0.407892505183624 0.356664435678938 0.301966205404137 0.24630753392759 0.192471198362885 0.143179849077599 0.100692484575402 0 0 0 0 0 0 0 0 0 0 0 0 0 0 0 0 0 0 0 0 0 0 0 0 0 0 0 0 0 0 0 0 0 0 0 0 0 0 0 0 0 0 
0 0 0 0 0 0 0 0 0 0 0 0 0 0 0 0 0 0 0 0 0 0 0 0 0 0 0 0 0 0 0 0 0 0 0.143179849077599 0.197719443104673 0.258774645020236 0.323242173213885 0.38780095302173 0.449382755873487 0.505491953135577 0.554341703344906 0.594830166213045 0.62641006488962 0.648910010746791 0.662355943303985 0.666825723187815 0.662355943303985 0.648910010746791 0.62641006488962 0.594830166213045 0.554341703344906 0.505491953135577 0.449382755873487 0.38780095302173 0.323242173213885 0.258774645020236 0.197719443104673 0.143179849077599 0 0 0 0 0 0 0 0 0 0 0 0 0 0 0 0 0 0 0 0 0 0 0 0 0 0 0 0 0 0 0 0 0 0 0 0 0 0 0 0 0 0 
0 0 0 0 0 0 0 0 0 0 0 0 0 0 0 0 0 0 0 0 0 0 0 0 0 0 0 0 0 0 0 0 0 0.134960527376061 0.192471198362885 0.258774645020236 0.330515821523994 0.403837305518855 0.475012317422744 0.54092827179312 0.599341703750742 0.648910010746791 0.689058785152317 0.719760615967717 0.741292464496538 0.754018505173685 0.758224936516816 0.754018505173685 0.741292464496538 0.719760615967717 0.689058785152317 0.648910010746791 0.599341703750742 0.54092827179312 0.475012317422744 0.403837305518855 0.330515821523994 0.258774645020236 0.192471198362885 0.134960527376061 0 0 0 0 0 0 0 0 0 0 0 0 0 0 0 0 0 0 0 0 0 0 0 0 0 0 0 0 0 0 0 0 0 0 0 0 0 0 0 0 0 
0 0 0 0 0 0 0 0 0 0 0 0 0 0 0 0 0 0 0 0 0 0 0 0 0 0 0 0 0 0 0 0 0.119592118922377 0.177311905213897 0.24630753392759 0.323242173213885 0.403837305518855 0.4836620781975 0.55882448727475 0.62641006488962 0.684629437705486 0.732725159387735 0.770729527956037 0.799164955770888 0.818755255720602 0.830187553233752 0.833941352021478 0.830187553233752 0.818755255720602 0.799164955770888 0.770729527956037 0.732725159387735 0.684629437705486 0.62641006488962 0.55882448727475 0.4836620781975 0.403837305518855 0.323242173213885 0.24630753392759 0.177311905213897 0.119592118922377 0 0 0 0 0 0 0 0 0 0 0 0 0 0 0 0 0 0 0 0 0 0 0 0 0 0 0 0 0 0 0 0 0 0 0 0 0 0 0 0 
0 0 0 0 0 0 0 0 0 0 0 0 0 0 0 0 0 0 0 0 0 0 0 0 0 0 0 0 0 0 0 0 0.153969574170007 0.222554154819104 0.301966205404137 0.38780095302173 0.475012317422744 0.55882448727475 0.635420390446752 0.702286220379775 0.758224936516816 0.80313406332255 0.837665753786066 0.862868049246688 0.879870231467196 0.889640779162265 0.892822829742287 0.889640779162265 0.879870231467196 0.862868049246688 0.837665753786066 0.80313406332255 0.758224936516816 0.702286220379775 0.635420390446752 0.55882448727475 0.475012317422744 0.38780095302173 0.301966205404137 0.222554154819104 0.153969574170007 0 0 0 0 0 0 0 0 0 0 0 0 0 0 0 0 0 0 0 0 0 0 0 0 0 0 0 0 0 0 0 0 0 0 0 0 0 0 0 0 
0 0 0 0 0 0 0 0 0 0 0 0 0 0 0 0 0 0 0 0 0 0 0 0 0 0 0 0 0 0 0 0.125190663414 0.189883783073075 0.268381339755955 0.356664435678938 0.449382755873487 0.54092827179312 0.62641006488962 0.702286220379775 0.766581016240933 0.818755255720602 0.859364520450072 0.889640779162265 0.911095850168918 0.925199258453684 0.93314582184722 0.935706217017436 0.93314582184722 0.925199258453684 0.911095850168918 0.889640779162265 0.859364520450072 0.818755255720602 0.766581016240933 0.702286220379775 0.62641006488962 0.54092827179312 0.449382755873487 0.356664435678938 0.268381339755955 0.189883783073075 0.130389024071846 0 0 0 0 0 0 0 0 0 0 0 0 0 0 0 0 0 0 0 0 0 0 0 0 0 0 0 0 0 0 0 0 0 0 0 0 0 0 0 
0 0 0 0 0 0 0 0 0 0 0 0 0 0 0 0 0 0 0 0 0 0 0 0 0 0 0 0 0 0 0 0.151765266115149 0.225436948126087 0.312500964068005 0.407892505183624 0.505491953135577 0.599341703750742 0.684629437705486 0.758224936516816 0.818755255720602 0.866337904026611 0.902137756481218 0.927891927274027 0.945494719820303 0.956682192461664 0.962818341443925 0.964765642858517 0.962818341443925 0.956682192461664 0.945494719820303 0.927891927274027 0.902137756481218 0.866337904026611 0.818755255720602 0.758224936516816 0.684629437705486 0.599341703750742 0.505491953135577 0.407892505183624 0.312500964068005 0.238780436436258 0.194741003851222 0.152051462472023 0.112960953822478 0 0 0 0 0 0 0 0 0 0 0 0 0 0 0 0 0 0 0 0 0 0 0 0 0 0 0 0 0 0 0 0 0 0 0 0 0 
0 0 0 0 0 0 0 0 0 0 0 0 0 0 0 0 0 0 0 0 0 0 0 0 0 0 0 0 0 0 0.11242774203159 0.177311905213897 0.258774645020236 0.352864518829096 0.453619012593026 0.554341703344906 0.648910010746791 0.732725159387735 0.80313406332255 0.859364520450072 0.902137756481218 0.93314582184722 0.954539829085066 0.968511219632588 0.976992021541973 0.981463942905692 0.982850309961092 0.981463942905692 0.976992021541973 0.968511219632588 0.954539829085066 0.93314582184722 0.902137756481218 0.859364520450072 0.80313406332255 0.732725159387735 0.648910010746791 0.554341703344906 0.453619012593026 0.376655165602904 0.325446411153877 0.271490265509849 0.217476526220791 0.166258508204383 0.120471589381824 0 0 0 0 0 0 0 0 0 0 0 0 0 0 0 0 0 0 0 0 0 0 0 0 0 0 0 0 0 0 0 0 0 0 0 0 
0 0 0 0 0 0 0 0 0 0 0 0 0 0 0 0 0 0 0 0 0 0 0 0 0 0 0 0 0 0 0.129032167400704 0.20038035057843 0.288246747940293 0.38780095302173 0.492360316662318 0.594830166213045 0.689058785152317 0.770729527956037 0.837665753786066 0.889640779162265 0.927891927274027 0.954539829085066 0.972056081486504 0.982850309961092 0.98899005057738 0.992033102385187 0.992939597787242 0.992033102385187 0.98899005057738 0.982850309961092 0.972056081486504 0.954539829085066 0.927891927274027 0.889640779162265 0.837665753786066 0.770729527956037 0.689058785152317 0.594830166213045 0.526032996038429 0.475762471354768 0.418554922794237 0.356498784522851 0.292382322920363 0.229488880627965 0.171200710035371 0.120471589381824 0 0 0 0 0 0 0 0 0 0 0 0 0 0 0 0 0 0 0 0 0 0 0 0 0 0 0 0 0 0 0 0 0 0 0 
0 0 0 0 0 0 0 0 0 0 0 0 0 0 0 0 0 0 0 0 0 0 0 0 0 0 0 0 0 0 0.143179849077599 0.21969606384552 0.312500964068005 0.416056378124638 0.523141636526835 0.62641006488962 0.719760615967717 0.799164955770888 0.862868049246688 0.911095850168918 0.945494719820303 0.968511219632588 0.982850309961092 0.991072572182266 0.99533342180362 0.997236074820564 0.997760632116414 0.997236074820564 0.99533342180362 0.991072572182266 0.982850309961092 0.968511219632588 0.945494719820303 0.911095850168918 0.862868049246688 0.799164955770888 0.719760615967717 0.666631526507857 0.624449971923118 0.572692599003071 0.512188677362739 0.444611925781309 0.372579628743931 0.299553214987056 0.229488880627965 0.166258508204383 0.112960953822478 0 0 0 0 0 0 0 0 0 0 0 0 0 0 0 0 0 0 0 0 0 0 0 0 0 0 0 0 0 0 0 0 0 0 
0 0 0 0 0 0 0 0 0 0 0 0 0 0 0 0 0 0 0 0 0 0 0 0 0 0 0 0 0 0 0.153969574170007 0.234233508897561 0.330515821523994 0.43676479375072 0.545393148849829 0.648910010746791 0.741292464496538 0.818755255720602 0.879870231467196 0.925199258453684 0.956682192461664 0.976992021541973 0.98899005057738 0.99533342180362 0.998230206735349 0.999308301365524 0.99955725773955 0.999308301365524 0.998230206735349 0.99533342180362 0.98899005057738 0.976992021541973 0.956682192461664 0.925199258453684 0.879870231467196 0.818755255720602 0.783404355871614 0.753101639632532 0.712757084008226 0.661966953905587 0.600911144741567 0.530666458597096 0.453434521757669 0.372579628743931 0.292382322920363 0.217476526220791 0.152051462472023 0 0 0 0 0 0 0 0 0 0 0 0 0 0 0 0 0 0 0 0 0 0 0 0 0 0 0 0 0 0 0 0 0 0 
