0 0 0 0 0 0 0 0 0 0 0 0 0 0 0 0 0 0 0 0 0 0 0 0 0 0 0 0 0 0 0 0 0 0 0 0 0 0 0 0 0 0 0 0 0 0 0 0 0 0 0 0 0 0 0 0 0 0 0 0 0 0 0 0 0 0 0 0 0 0 0 0 0 0 0 0 0 0 0 0 0 0 0 0 0 0 0 0 0 0 0 0 0 0 0 0 0 0 0 0 0 
0 0 0 0 0 0 0 0 0 0 0 0 0 0 0 0 0 0 0 0 0 0 0 0 0 0 0 0 0 0 0 0 0 0 0 0 0 0 0 0 0 0 0 0 0 0 0 0 0 0 0 0 0 0 0 0 0 0 0 0 0 0 0 0 0 0 0 0 0 0 0 0 0 0 0 0 0 0 0 0 0 0 0 0 0 0 0 0 0 0 0 0 0 0 0 0 0 0 0 0 0 
0 0 0 0 0 0 0 0 0 0 0 0 0 0 0 0 0 0 0 0 0 0 0 0 0 0 0 0 0 0 0 0 0 0 0 0 0 0 0 0 0 0 0 0 0 0 0 0 0 0 0 0 0 0 0 0 0 0 0 0 0 0 0 0 0 0 0 0 0 0 0 0 0 0 0 0 0 0 0 0 0 0 0 0 0 0 0 0 0 0 0 0 0 0 0 0 0 0 0 0 0 
0 0 0 0 0 0 0 0 0 0 0 0 0 0 0 0 0 0 0 0 0 0 0 0 0 0 0 0 0 0 0 0 0 0 0 0 0 0 0 0 0 0 0 0 0 0 0 0 0 0 0 0 0 0 0 0 0 0 0 0 0 0 0 0 0 0 0 0 0 0 0 0 0 0 0 0 0 0 0 0 0 0 0 0 0 0 0 0 0 0 0 0 0 0 0 0 0 0 0 0 0 
0 0 0 0 0 0 0 0 0 0 0 0 0 0 0 0 0 0 0 0 0 0 0 0 0 0 0 0 0 0 0 0 0 0 0 0 0 0 0 0 0 0 0 0 0 0 0 0 0 0 0 0 0 0 0 0 0 0 0 0 0 0 0 0 0 0 0 0 0 0 0 0 0 0 0 0 0 0 0 0 0 0 0 0 0 0 0 0 0 0 0 0 0 0 0 0 0 0 0 0 0 
0 0 0 0 0 0 0 0 0 0 0 0 0 0 0 0 0 0 0 0 0 0 0 0 0 0 0 0 0 0 0 0 0 0 0 0 0 0 0 0 0 0 0 0 0 0 0 0 0 0 0 0 0 0 0 0 0 0 0 0 0 0 0 0 0 0 0 0 0 0 0 0 0 0 0 0 0 0 0 0 0 0 0 0 0 0 0 0 0 0 0 0 0 0 0 0 0 0 0 0 0 
0 0 0 0 0 0 0 0 0 0 0 0 0 0 0 0 0 0 0 0 0 0 0 0 0 0 0 0 0 0 0 0 0 0 0 0 0 0 0 0 0 0 0 0 0 0 0 0 0 0 0 0 0 0 0 0 0 0 0 0 0 0 0 0 0 0 0 0 0 0 0 0 0 0 0 0 0 0 0 0 0 0 0 0 0 0 0 0 0 0 0 0 0 0 0 0 0 0 0 0 0 
0 0 0 0 0 0 0 0 0 0 0 0 0 0 0 0 0 0 0 0 0 0 0 0 0 0 0 0 0 0 0 0 0 0 0 0 0 0 0 0 0 0 0 0 0 0 0 0 0 0 0 0 0 0 0 0 0 0 0 0 0 0 0 0 0 0 0 0 0 0 0 0 0 0 0 0 0 0 0 0 0 0 0 0 0 0 0 0 0 0 0 0 0 0 0 0 0 0 0 0 0 
0 0 0 0 0 0 0 0 0 0 0 0 0 0 0 0 0 0 0 0 0 0 0 0 0 0 0 0 0 0 0 0 0 0 0 0 0 0 0 0 0 0 0 0 0 0 0 0 0 0 0 0 0 0 0 0 0 0 0 0 0 0 0 0 0 0.104414232687483 0.122500346009132 0.138146313254769 0.15020501740057 0.157802808411957 0.160396673849307 0.157802808411957 0.15020501740057 0.138146313254769 0.122500346009132 0.104414232687483 0 0 0 0 0 0 0 0 0 0 0 0 0 0 0 0 0 0 0 0 0 0 0 0 0 
0 0 0 0 0 0 0 0 0 0 0 0 0 0 0 0 0 0 0 0 0 0 0 0 0 0 0 0 0 0 0 0 0 0 0 0 0 0 0 0 0 0 0 0 0 0 0 0 0 0 0 0 0 0 0 0 0 0 0 0 0 0 0 0.114187040522402 0.142880037199683 0.171081827656088 0.196963691966266 0.218884003289759 0.235508295282422 0.245869537322945 0.249387546707287 0.245869537322945 0.235508295282422 0.218884003289759 0.196963691966266 0.171081827656088 0.142880037199683 0.114187040522402 0 0 0 0 0 0 0 0 0 0 0 0 0 0 0 0 0 0 0 0 0 0 0 
0 0 0 0 0 0 0 0 0 0 0 0 0 0 0 0 0 0 0 0 0 0 0 0 0 0 0 0 0 0 0 0 0 0 0 0 0 0 0 0 0 0 0 0 0 0 0 0 0 0 0 0 0 0 0 0 0 0 0 0 0 0.104414232687483 0.140498318567113 0.179424017477813 0.218884003289759 0.25651965189691 0.290183565392887 0.31810179371863 0.338937284468122 0.351782706489923 0.356120302220687 0.351782706489923 0.338937284468122 0.31810179371863 0.290183565392887 0.25651965189691 0.218884003289759 0.179424017477813 0.140498318567113 0.104414232687483 0 0 0 0 0 0 0 0 0 0 0 0 0 0 0 0 0 0 0 0 0 
0 0 0 0 0 0 0 0 0 0 0 0 0 0 0 0 0 0 0 0 0 0 0 0 0 0 0 0 0 0 0 0 0 0 0 0 0 0 0 0 0 0 0 0 0 0 0 0 0 0 0 0 0 0 0 0 0 0 0 0 0.116223524466467 0.160396673849307 0.209296475736806 0.260133618342505 0.30997382981019 0.356120302220687 0.396354664594577 0.429024736817683 0.453012932125387 0.467639043476522 0.472550273284979 0.467639043476522 0.453012932125387 0.429024736817683 0.396354664594577 0.356120302220687 0.30997382981019 0.260133618342505 0.209296475736806 0.160396673849307 0.116223524466467 0 0 0 0 0 0 0 0 0 0 0 0 0 0 0 0 0 0 0 0 
0 0 0 0 0 0 0 0 0 0 0 0 0 0 0 0 0 0 0 0 0 0 0 0 0 0 0 0 0 0 0 0 0 0 0 0 0 0 0 0 0 0 0 0 0 0 0 0 0 0 0 0 0 0 0 0 0 0 0 0.120379986521733 0.171081827656088 0.228761815026476 0.290183565392887 0.351782706489923 0.410217823497029 0.462745398320155 0.507375641403699 0.542840976714897 0.56844692998418 0.583879880290187 0.589031570730014 0.583879880290187 0.56844692998418 0.542840976714897 0.507375641403699 0.462745398320155 0.410217823497029 0.351782706489923 0.290183565392887 0.228761815026476 0.171081827656088 0.120379986521733 0 0 0 0 0 0 0 0 0 0 0 0 0 0 0 0 0 0 0 
0 0 0 0 0 0 0 0 0 0 0 0 0 0 0 0 0 0 0 0 0 0 0 0 0 0 0 0 0 0 0 0 0 0 0 0 0 0 0 0 0 0 0 0 0 0 0 0 0 0 0 0 0 0 0 0 0 0 0.116223524466467 0.171081827656088 0.235508295282422 0.305954880410522 0.378213454956085 0.448175122707347 0.512407727916729 0.56844692998418 0.614812783019591 0.650833867361082 0.676379566235135 0.691585506795639 0.696629003925155 0.691585506795639 0.676379566235135 0.650833867361082 0.614812783019591 0.56844692998418 0.512407727916729 0.448175122707347 0.378213454956085 0.305954880410522 0.235508295282422 0.171081827656088 0.116223524466467 0 0 0 0 0 0 0 0 0 0 0 0 0 0 0 0 0 0 
0 0 0 0 0 0 0 0 0 0 0 0 0 0 0 0 0 0 0 0 0 0 0 0 0 0 0 0 0 0 0 0 0 0 0 0 0 0 0 0 0 0 0 0 0 0 0 0 0 0 0 0 0 0 0 0 0 0.104414232687483 0.160396673849307 0.228761815026476 0.305954880410522 0.387233813910942 0.467639043476522 0.542840976714897 0.609655961399706 0.666187598955666 0.711672460764708 0.746158786226335 0.770138121786953 0.784213372567573 0.788847981145606 0.784213372567573 0.770138121786953 0.746158786226335 0.711672460764708 0.666187598955666 0.609655961399706 0.542840976714897 0.467639043476522 0.387233813910942 0.305954880410522 0.228761815026476 0.160396673849307 0.104414232687483 0 0 0 0 0 0 0 0 0 0 0 0 0 0 0 0 0 
0 0 0 0 0 0 0 0 0 0 0 0 0 0 0 0 0 0 0 0 0 0 0 0 0 0 0 0 0 0 0 0 0 0 0 0 0 0 0 0 0 0 0 0 0 0 0 0 0 0 0 0 0 0 0 0 0 0.140498318567113 0.209296475736806 0.290183565392887 0.378213454956085 0.467639043476522 0.553061902352397 0.630272969598577 0.696629003925155 0.751002753824508 0.793452610653627 0.824775073546704 0.846065366649882 0.858357400416313 0.86236959462745 0.858357400416313 0.846065366649882 0.824775073546704 0.793452610653627 0.751002753824508 0.696629003925155 0.630272969598577 0.553061902352397 0.467639043476522 0.378213454956085 0.290183565392887 0.209296475736806 0.140498318567113 0 0 0 0 0 0 0 0 0 0 0 0 0 0 0 0 0 
0 0 0 0 0 0 0 0 0 0 0 0 0 0 0 0 0 0 0 0 0 0 0 0 0 0 0 0 0 0 0 0 0 0 0 0 0 0 0 0 0 0 0 0 0 0 0 0 0 0 0 0 0 0 0 0 0.114187040522402 0.179424017477813 0.260133618342505 0.351782706489923 0.448175122707347 0.542840976714897 0.630272969598577 0.706673312887989 0.770138121786953 0.820403774867462 0.858357400416313 0.885494202575771 0.903439627393044 0.91358800332705 0.916863476178001 0.91358800332705 0.903439627393044 0.885494202575771 0.858357400416313 0.820403774867462 0.770138121786953 0.706673312887989 0.630272969598577 0.542840976714897 0.448175122707347 0.351782706489923 0.260133618342505 0.179424017477813 0.114187040522402 0 0 0 0 0 0 0 0 0 0 0 0 0 0 0 0 
0 0 0 0 0 0 0 0 0 0 0 0 0 0 0 0 0 0 0 0 0 0 0 0 0 0 0 0 0 0 0 0 0 0 0 0 0 0 0 0 0 0 0 0 0 0 0 0 0 0 0 0 0 0 0 0 0.142880037199683 0.218884003289759 0.30997382981019 0.410217823497029 0.512407727916729 0.609655961399706 0.696629003925155 0.770138121786953 0.829109716325087 0.874139766300504 0.906875396615834 0.92941101300603 0.94380059837805 0.951714996072475 0.954229857097688 0.951714996072475 0.94380059837805 0.92941101300603 0.906875396615834 0.874139766300504 0.829109716325087 0.770138121786953 0.696629003925155 0.609655961399706 0.512407727916729 0.410217823497029 0.30997382981019 0.218884003289759 0.142880037199683 0 0 0 0 0 0 0 0 0 0 0 0 0 0 0 0 
0 0 0 0 0 0 0 0 0 0 0 0 0 0 0 0 0 0 0 0 0 0 0 0 0 0 0 0 0 0 0 0 0 0 0 0 0 0 0 0 0 0 0 0 0 0 0 0 0 0 0 0 0 0 0 0.104414232687483 0.171081827656088 0.25651965189691 0.356120302220687 0.462745398320155 0.56844692998418 0.666187598955666 0.751002753824508 0.820403774867462 0.874139766300504 0.91358800332705 0.941041033391122 0.959071486423003 0.970055160883945 0.97585862499548 0.977659437658666 0.97585862499548 0.970055160883945 0.959071486423003 0.941041033391122 0.91358800332705 0.874139766300504 0.820403774867462 0.751002753824508 0.666187598955666 0.56844692998418 0.462745398320155 0.356120302220687 0.25651965189691 0.171081827656088 0.104414232687483 0 0 0 0 0 0 0 0 0 0 0 0 0 0 0 
0 0 0 0 0 0 0 0 0 0 0 0 0 0 0 0 0 0 0 0 0 0 0 0 0 0 0 0 0 0 0 0 0 0 0 0 0 0 0 0 0 0 0 0 0 0 0 0 0 0 0 0 0 0 0 0.122500346009132 0.196963691966266 0.290183565392887 0.396354664594577 0.507375641403699 0.614812783019591 0.711672460764708 0.793452610653627 0.858357400416313 0.906875396615834 0.941041033391122 0.963658949267768 0.977659437658666 0.985643953597886 0.989606968642054 0.990788232197615 0.989606968642054 0.985643953597886 0.977659437658666 0.963658949267768 0.941041033391122 0.906875396615834 0.858357400416313 0.793452610653627 0.711672460764708 0.614812783019591 0.507375641403699 0.396354664594577 0.290183565392887 0.196963691966266 0.122500346009132 0 0 0 0 0 0 0 0 0 0 0 0 0 0 0 
0 0 0 0 0 0 0 0 0 0 0 0 0 0 0 0 0 0 0 0 0 0 0 0 0 0 0 0 0 0 0 0 0 0 0 0 0 0 0 0 0 0 0 0 0 0 0 0 0 0 0 0 0 0 0 0.138146313254769 0.218884003289759 0.31810179371863 0.429024736817683 0.542840976714897 0.650833867361082 0.746158786226335 0.824775073546704 0.885494202575771 0.92941101300603 0.959071486423003 0.977659437658666 0.988355652294795 0.99390923574253 0.996391503473435 0.99707611439146 0.996391503473435 0.99390923574253 0.988355652294795 0.977659437658666 0.959071486423003 0.92941101300603 0.885494202575771 0.824775073546704 0.746158786226335 0.650833867361082 0.542840976714897 0.429024736817683 0.31810179371863 0.218884003289759 0.138146313254769 0 0 0 0 0 0 0 0 0 0 0 0 0 0 0 
0 0 0 0 0 0 0 0 0 0 0 0 0 0 0 0 0 0 0 0 0 0 0 0 0 0 0 0 0 0 0 0 0 0 0 0 0 0 0 0 0 0 0 0 0 0 0 0 0 0 0 0 0 0 0 0.15020501740057 0.235508295282422 0.338937284468122 0.453012932125387 0.56844692998418 0.676379566235135 0.770138121786953 0.846065366649882 0.903439627393044 0.94380059837805 0.970055160883945 0.985643953597886 0.99390923574253 0.99768905971623 0.999096652550435 0.999421763586342 0.999096652550435 0.99768905971623 0.99390923574253 0.985643953597886 0.970055160883945 0.94380059837805 0.903439627393044 0.846065366649882 0.770138121786953 0.676379566235135 0.56844692998418 0.453012932125387 0.338937284468122 0.235508295282422 0.15020501740057 0 0 0 0 0 0 0 0 0 0 0 0 0 0 0 
0 0 0 0 0 0 0 0 0 0 0 0 0 0 0 0 0 0 0 0 0 0 0 0 0 0 0 0 0 0 0 0 0 0 0 0 0 0 0 0 0 0 0 0 0 0 0 0 0 0 0 0 0 0 0 0.157802808411957 0.245869537322945 0.351782706489923 0.467639043476522 0.583879880290187 0.691585506795639 0.784213372567573 0.858357400416313 0.91358800332705 0.951714996072475 0.97585862499548 0.989606968642054 0.996391503473435 0.999096652550435 0.999855409540007 0.999963850424861 0.999855409540007 0.999096652550435 0.996391503473435 0.989606968642054 0.97585862499548 0.951714996072475 0.91358800332705 0.858357400416313 0.784213372567573 0.691585506795639 0.583879880290187 0.467639043476522 0.351782706489923 0.245869537322945 0.157802808411957 0 0 0 0 0 0 0 0 0 0 0 0 0 0 0 
0 0 0 0 0 0 0 0 0 0 0 0 0 0 0 0 0 0 0 0 0 0 0 0 0 0 0 0 0 0 0 0 0 0 0 0 0 0 0 0 0 0 0 0 0 0 0 0 0 0 0 0 0 0 0 0.160396673849307 0.249387546707287 0.356120302220687 0.472550273284979 0.589031570730014 0.696629003925155 0.788847981145606 0.86236959462745 0.916863476178001 0.954229857097688 0.977659437658666 0.990788232197615 0.99707611439146 0.999421763586342 0.999963850424861 1 0.999963850424861 0.999421763586342 0.99707611439146 0.990788232197615 0.977659437658666 0.954229857097688 0.916863476178001 0.86236959462745 0.788847981145606 0.696629003925155 0.589031570730014 0.472550273284979 0.356120302220687 0.249387546707287 0.160396673849307 0 0 0 0 0 0 0 0 0 0 0 0 0 0 0 
0 0 0 0 0 0 0 0 0 0 0 0 0 0 0 0 0 0 0 0 0 0 0 0 0 0 0 0 0 0 0 0 0 0 0 0 0 0 0 0 0 0 0 0 0 0 0 0 0 0 0 0 0 0 0 0.157802808411957 0.245869537322945 0.351782706489923 0.467639043476522 0.583879880290187 0.691585506795639 0.784213372567573 0.858357400416313 0.91358800332705 0.951714996072475 0.97585862499548 0.989606968642054 0.996391503473435 0.999096652550435 0.999855409540007 0.999963850424861 0.999855409540007 0.999096652550435 0.996391503473435 0.989606968642054 0.97585862499548 0.951714996072475 0.91358800332705 0.858357400416313 0.784213372567573 0.691585506795639 0.583879880290187 0.467639043476522 0.351782706489923 0.245869537322945 0.157802808411957 0 0 0 0 0 0 0 0 0 0 0 0 0 0 0 
0 0 0 0 0 0 0 0 0 0 0 0 0 0 0 0 0 0 0 0 0 0 0 0 0 0 0 0 0 0 0 0 0 0 0 0 0 0 0 0 0 0 0 0 0 0 0 0 0 0 0 0 0 0 0 0.15020501740057 0.235508295282422 0.338937284468122 0.453012932125387 0.56844692998418 0.676379566235135 0.770138121786953 0.846065366649882 0.903439627393044 0.94380059837805 0.970055160883945 0.985643953597886 0.99390923574253 0.99768905971623 0.999096652550435 0.999421763586342 0.999096652550435 0.99768905971623 0.99390923574253 0.985643953597886 0.970055160883945 0.94380059837805 0.903439627393044 0.846065366649882 0.770138121786953 0.676379566235135 0.56844692998418 0.453012932125387 0.338937284468122 0.235508295282422 0.15020501740057 0 0 0 0 0 0 0 0 0 0 0 0 0 0 0 
0 0 0 0 0 0 0 0 0 0 0 0 0 0 0 0 0 0 0 0 0 0 0 0 0 0 0 0 0 0 0 0 0 0 0 0 0 0 0 0 0 0 0 0 0 0 0 0 0 0 0 0 0 0 0 0.138146313254769 0.218884003289759 0.31810179371863 0.429024736817683 0.542840976714897 0.650833867361082 0.746158786226335 0.824775073546704 0.885494202575771 0.92941101300603 0.959071486423003 0.977659437658666 0.988355652294795 0.99390923574253 0.996391503473435 0.99707611439146 0.996391503473435 0.99390923574253 0.988355652294795 0.977659437658666 0.959071486423003 0.92941101300603 0.885494202575771 0.824775073546704 0.746158786226335 0.650833867361082 0.542840976714897 0.429024736817683 0.31810179371863 0.218884003289759 0.138146313254769 0 0 0 0 0 0 0 0 0 0 0 0 0 0 0 
0 0 0 0 0 0 0 0 0 0 0 0 0 0 0 0 0 0 0 0 0 0 0 0 0 0 0 0 0 0 0 0 0 0 0 0 0 0 0 0 0 0 0 0 0 0 0 0 0 0 0 0 0 0 0 0.122500346009132 0.196963691966266 0.290183565392887 0.396354664594577 0.507375641403699 0.614812783019591 0.711672460764708 0.793452610653627 0.858357400416313 0.906875396615834 0.941041033391122 0.963658949267768 0.977659437658666 0.985643953597886 0.989606968642054 0.990788232197615 0.989606968642054 0.985643953597886 0.977659437658666 0.963658949267768 0.941041033391122 0.906875396615834 0.858357400416313 0.793452610653627 0.711672460764708 0.614812783019591 0.507375641403699 0.396354664594577 0.290183565392887 0.196963691966266 0.122500346009132 0 0 0 0 0 0 0 0 0 0 0 0 0 0 0 
0 0 0 0 0 0 0 0 0 0 0 0 0 0 0 0 0 0 0 0 0 0 0 0 0 0 0 0 0 0 0 0 0 0 0 0 0 0 0 0 0 0 0 0 0 0 0 0 0 0 0 0 0 0 0 0.104414232687483 0.171081827656088 0.25651965189691 0.356120302220687 0.462745398320155 0.56844692998418 0.666187598955666 0.751002753824508 0.820403774867462 0.874139766300504 0.91358800332705 0.941041033391122 0.959071486423003 0.970055160883945 0.97585862499548 0.977659437658666 0.97585862499548 0.970055160883945 0.959071486423003 0.941041033391122 0.91358800332705 0.874139766300504 0.820403774867462 0.751002753824508 0.666187598955666 0.56844692998418 0.462745398320155 0.356120302220687 0.25651965189691 0.171081827656088 0.104414232687483 0 0 0 0 0 0 0 0 0 0 0 0 0 0 0 
0 0 0 0 0 0 0 0 0 0 0 0 0 0 0 0 0 0 0 0 0 0 0 0 0 0 0 0 0 0 0 0 0 0 0 0 0 0 0 0 0 0 0 0 0 0 0 0 0 0 0 0 0 0 0 0 0.142880037199683 0.218884003289759 0.30997382981019 0.410217823497029 0.512407727916729 0.609655961399706 0.696629003925155 0.770138121786953 0.829109716325087 0.874139766300504 0.906875396615834 0.92941101300603 0.94380059837805 0.951714996072475 0.954229857097688 0.951714996072475 0.94380059837805 0.92941101300603 0.906875396615834 0.874139766300504 0.829109716325087 0.770138121786953 0.696629003925155 0.609655961399706 0.512407727916729 0.410217823497029 0.30997382981019 0.218884003289759 0.142880037199683 0.130389024071846 0.136628328733696 0.138757024133062 0.136628328733696 0.130389024071846 0.120471589381824 0.107568789834737 0 0 0 0 0 0 0 0 0 
0 0 0 0 0 0 0 0 0 0 0 0 0 0 0 0 0 0 0 0 0 0 0 0 0 0 0 0 0 0 0 0 0 0 0 0 0 0 0 0 0 0 0 0 0 0 0 0 0 0 0 0 0 0 0 0 0.114187040522402 0.179424017477813 0.260133618342505 0.351782706489923 0.448175122707347 0.542840976714897 0.630272969598577 0.706673312887989 0.770138121786953 0.820403774867462 0.858357400416313 0.885494202575771 0.903439627393044 0.91358800332705 0.916863476178001 0.91358800332705 0.903439627393044 0.885494202575771 0.858357400416313 0.820403774867462 0.770138121786953 0.706673312887989 0.630272969598577 0.542840976714897 0.448175122707347 0.351782706489923 0.260133618342505 0.179424017477813 0.192019457402512 0.205894291721825 0.214540669485641 0.217476526220791 0.214540669485641 0.205894291721825 0.192019457402512 0.17371092711035 0.152051462472023 0.128357753761878 0.104086408283296 0 0 0 0 0 0 
0 0 0 0 0 0 0 0 0 0 0 0 0 0 0 0 0 0 0 0 0 0 0 0 0 0 0 0 0 0 0 0 0 0 0 0 0 0 0 0 0 0 0 0 0 0 0 0 0 0 0 0 0 0 0 0 0 0.140498318567113 0.209296475736806 0.290183565392887 0.378213454956085 0.467639043476522 0.553061902352397 0.630272969598577 0.696629003925155 0.751002753824508 0.793452610653627 0.824775073546704 0.846065366649882 0.858357400416313 0.86236959462745 0.858357400416313 0.846065366649882 0.824775073546704 0.793452610653627 0.751002753824508 0.696629003925155 0.630272969598577 0.553061902352397 0.467639043476522 0.378213454956085 0.290183565392887 0.229488880627965 0.258087023890284 0.281819136938847 0.299553214987056 0.310500262849391 0.314199590913687 0.310500262849391 0.299553214987056 0.281819136938847 0.258087023890284 0.229488880627965 0.197489219894671 0.163826356947972 0.130389024071846 0 0 0 0 0 
0 0 0 0 0 0 0 0 0 0 0 0 0 0 0 0 0 0 0 0 0 0 0 0 0 0 0 0 0 0 0 0 0 0 0 0 0 0 0 0 0 0 0 0 0 0 0 0 0 0 0 0 0 0 0 0 0 0.104414232687483 0.160396673849307 0.228761815026476 0.305954880410522 0.387233813910942 0.467639043476522 0.542840976714897 0.609655961399706 0.666187598955666 0.711672460764708 0.746158786226335 0.770138121786953 0.784213372567573 0.788847981145606 0.784213372567573 0.770138121786953 0.746158786226335 0.711672460764708 0.666187598955666 0.609655961399706 0.542840976714897 0.467639043476522 0.387233813910942 0.305954880410522 0.281819136938847 0.321672824555717 0.356498784522851 0.38487087176446 0.405774496444363 0.418554922794237 0.422852923152662 0.418554922794237 0.405774496444363 0.38487087176446 0.356498784522851 0.321672824555717 0.281819136938847 0.238780436436258 0.194741003851222 0.152051462472023 0.112960953822478 0 0 0 
0 0 0 0 0 0 0 0 0 0 0 0 0 0 0 0 0 0 0 0 0 0 0 0 0 0 0 0 0 0 0 0 0 0 0 0 0 0 0 0 0 0 0 0 0 0 0 0 0 0 0 0 0 0 0 0 0 0 0.116223524466467 0.171081827656088 0.235508295282422 0.305954880410522 0.378213454956085 0.448175122707347 0.512407727916729 0.56844692998418 0.614812783019591 0.650833867361082 0.676379566235135 0.691585506795639 0.696629003925155 0.691585506795639 0.676379566235135 0.650833867361082 0.614812783019591 0.56844692998418 0.512407727916729 0.448175122707347 0.378213454956085 0.305954880410522 0.325446411153877 0.376655165602904 0.422852923152662 0.462320712153103 0.49387778068487 0.516793632755975 0.530666458597096 0.535308468432647 0.530666458597096 0.516793632755975 0.49387778068487 0.462320712153103 0.422852923152662 0.376655165602904 0.325446411153877 0.271490265509849 0.217476526220791 0.166258508204383 0.120471589381824 0 0 
0 0 0 0 0 0 0 0 0 0 0 0 0 0 0 0 0 0 0 0 0 0 0 0 0 0 0 0 0 0 0 0 0 0 0 0 0 0 0 0 0 0 0 0 0 0 0 0 0 0 0 0 0 0 0 0 0 0 0 0.120379986521733 0.171081827656088 0.228761815026476 0.290183565392887 0.351782706489923 0.410217823497029 0.462745398320155 0.507375641403699 0.542840976714897 0.56844692998418 0.583879880290187 0.589031570730014 0.583879880290187 0.56844692998418 0.542840976714897 0.507375641403699 0.462745398320155 0.410217823497029 0.351782706489923 0.292382322920363 0.356498784522851 0.418554922794237 0.475762471354768 0.526032996038429 0.56800022224668 0.600911144741567 0.624449971923118 0.638551559432477 0.643244957486672 0.638551559432477 0.624449971923118 0.600911144741567 0.56800022224668 0.526032996038429 0.475762471354768 0.418554922794237 0.356498784522851 0.292382322920363 0.229488880627965 0.171200710035371 0.120471589381824 0 
0 0 0 0 0 0 0 0 0 0 0 0 0 0 0 0 0 0 0 0 0 0 0 0 0 0 0 0 0 0 0 0 0 0 0 0 0 0 0 0 0 0 0 0 0 0 0 0 0 0 0 0 0 0 0 0 0 0 0 0 0.116223524466467 0.160396673849307 0.209296475736806 0.260133618342505 0.30997382981019 0.356120302220687 0.396354664594577 0.429024736817683 0.453012932125387 0.467639043476522 0.472550273284979 0.467639043476522 0.453012932125387 0.429024736817683 0.396354664594577 0.356120302220687 0.30997382981019 0.299553214987056 0.372579628743931 0.444611925781309 0.512188677362739 0.572692599003071 0.624449971923118 0.666631526507857 0.699036230406395 0.721836046214687 0.735339301191347 0.739807102215433 0.735339301191347 0.721836046214687 0.699036230406395 0.666631526507857 0.624449971923118 0.572692599003071 0.512188677362739 0.444611925781309 0.372579628743931 0.299553214987056 0.229488880627965 0.166258508204383 0.112960953822478 
0 0 0 0 0 0 0 0 0 0 0 0 0 0 0 0 0 0 0 0 0 0 0 0 0 0 0 0 0 0 0 0 0 0 0 0 0 0 0 0 0 0 0 0 0 0 0 0 0 0 0 0 0 0 0 0 0 0 0 0 0 0.104414232687483 0.140498318567113 0.179424017477813 0.218884003289759 0.25651965189691 0.290183565392887 0.31810179371863 0.338937284468122 0.351782706489923 0.356120302220687 0.351782706489923 0.338937284468122 0.31810179371863 0.290183565392887 0.25651965189691 0.292382322920363 0.372579628743931 0.453434521757669 0.530666458597096 0.600911144741567 0.661966953905587 0.712757084008226 0.753101639632532 0.783404355871614 0.804337123300526 0.816573490775908 0.820594582381403 0.816573490775908 0.804337123300526 0.783404355871614 0.753101639632532 0.712757084008226 0.661966953905587 0.600911144741567 0.530666458597096 0.453434521757669 0.372579628743931 0.292382322920363 0.217476526220791 0.152051462472023 
0 0 0 0 0 0 0 0 0 0 0 0 0 0 0 0 0 0 0 0 0 0 0 0 0 0 0 0 0 0 0 0 0 0 0 0 0 0 0 0 0 0 0 0 0 0 0 0 0 0 0 0 0 0 0 0 0 0 0 0 0 0 0 0.114187040522402 0.142880037199683 0.171081827656088 0.196963691966266 0.218884003289759 0.235508295282422 0.245869537322945 0.249387546707287 0.245869537322945 0.235508295282422 0.218884003289759 0.196963691966266 0.271490265509849 0.356498784522851 0.444611925781309 0.530666458597096 0.610328632052709 0.680577219066995 0.739807102215433 0.787641808867241 0.824585773351194 0.851634500239094 0.869922157334966 0.880445675512348 0.883875174657539 0.880445675512348 0.869922157334966 0.851634500239094 0.824585773351194 0.787641808867241 0.739807102215433 0.680577219066995 0.610328632052709 0.530666458597096 0.444611925781309 0.356498784522851 0.271490265509849 0.194741003851222 
0 0 0 0 0 0 0 0 0 0 0 0 0 0 0 0 0 0 0 0 0 0 0 0 0 0 0 0 0 0 0 0 0 0 0 0 0 0 0 0 0 0 0 0 0 0 0 0 0 0 0 0 0 0 0 0 0 0 0 0 0 0 0 0 0 0.104414232687483 0.122500346009132 0.138146313254769 0.15020501740057 0.157802808411957 0.160396673849307 0.157802808411957 0.15020501740057 0.163826356947972 0.238780436436258 0.325446411153877 0.418554922794237 0.512188677362739 0.600911144741567 0.680577219066995 0.748688916294892 0.804337123300526 0.847870038198151 0.880445675512348 0.903590096105259 0.918830463413264 0.927426762519181 0.930197891931954 0.927426762519181 0.918830463413264 0.903590096105259 0.880445675512348 0.847870038198151 0.804337123300526 0.748688916294892 0.680577219066995 0.600911144741567 0.512188677362739 0.418554922794237 0.325446411153877 0.238780436436258 
0 0 0 0 0 0 0 0 0 0 0 0 0 0 0 0 0 0 0 0 0 0 0 0 0 0 0 0 0 0 0 0 0 0 0 0 0 0 0 0 0 0 0 0 0 0 0 0 0 0 0 0 0 0 0 0 0 0 0 0 0 0 0 0 0 0 0 0 0 0 0 0 0.128357753761878 0.197489219894671 0.281819136938847 0.376655165602904 0.475762471354768 0.572692599003071 0.661966953905587 0.739807102215433 0.804337123300526 0.855364119080133 0.893920696629575 0.921742561228659 0.940798238306419 0.952925523498178 0.95958250672086 0.961695883601404 0.95958250672086 0.952925523498178 0.940798238306419 0.921742561228659 0.893920696629575 0.855364119080133 0.804337123300526 0.739807102215433 0.661966953905587 0.572692599003071 0.475762471354768 0.376655165602904 0.281819136938847 
0 0 0 0 0 0 0 0 0 0 0 0 0 0 0 0 0 0 0 0 0 0 0 0 0 0 0 0 0 0 0 0 0 0 0 0 0 0 0 0 0 0 0 0 0 0 0 0 0 0 0 0 0 0 0 0 0 0 0 0 0 0 0 0 0 0 0 0 0 0 0 0 0.152051462472023 0.229488880627965 0.321672824555717 0.422852923152662 0.526032996038429 0.624449971923118 0.712757084008226 0.787641808867241 0.847870038198151 0.893920696629575 0.927426762519181 0.950602209116376 0.965761966701412 0.974973621001397 0.979833785786504 0.981340914492399 0.979833785786504 0.974973621001397 0.965761966701412 0.950602209116376 0.927426762519181 0.893920696629575 0.847870038198151 0.787641808867241 0.712757084008226 0.624449971923118 0.526032996038429 0.422852923152662 0.321672824555717 
0 0 0 0 0 0 0 0 0 0 0 0 0 0 0 0 0 0 0 0 0 0 0 0 0 0 0 0 0 0 0 0 0 0 0 0 0 0 0 0 0 0 0 0 0 0 0 0 0 0 0 0 0 0 0 0 0 0 0 0 0 0 0 0 0 0 0 0 0 0 0 0.107568789834737 0.17371092711035 0.258087023890284 0.356498784522851 0.462320712153103 0.56800022224668 0.666631526507857 0.753101639632532 0.824585773351194 0.880445675512348 0.921742561228659 0.950602209116376 0.969611446974872 0.981340914492399 0.988017734024476 0.991328345973786 0.992314719486584 0.991328345973786 0.988017734024476 0.981340914492399 0.969611446974872 0.950602209116376 0.921742561228659 0.880445675512348 0.824585773351194 0.753101639632532 0.666631526507857 0.56800022224668 0.462320712153103 0.356498784522851 
0 0 0 0 0 0 0 0 0 0 0 0 0 0 0 0 0 0 0 0 0 0 0 0 0 0 0 0 0 0 0 0 0 0 0 0 0 0 0 0 0 0 0 0 0 0 0 0 0 0 0 0 0 0 0 0 0 0 0 0 0 0 0 0 0 0 0 0 0 0 0 0.120471589381824 0.192019457402512 0.281819136938847 0.38487087176446 0.49387778068487 0.600911144741567 0.699036230406395 0.783404355871614 0.851634500239094 0.903590096105259 0.940798238306419 0.965761966701412 0.981340914492399 0.990283263628568 0.994919865740886 0.996990878514479 0.997561913995889 0.996990878514479 0.994919865740886 0.990283263628568 0.981340914492399 0.965761966701412 0.940798238306419 0.903590096105259 0.851634500239094 0.783404355871614 0.699036230406395 0.600911144741567 0.49387778068487 0.38487087176446 
0 0 0 0 0 0 0 0 0 0 0 0 0 0 0 0 0 0 0 0 0 0 0 0 0 0 0 0 0 0 0 0 0 0 0 0 0 0 0 0 0 0 0 0 0 0 0 0 0 0 0 0 0 0 0 0 0 0 0 0 0 0 0 0 0 0 0 0 0 0 0 0.130389024071846 0.205894291721825 0.299553214987056 0.405774496444363 0.516793632755975 0.624449971923118 0.721836046214687 0.804337123300526 0.869922157334966 0.918830463413264 0.952925523498178 0.974973621001397 0.988017734024476 0.994919865740886 0.998073117709431 0.999246869246823 0.999517930953524 0.999246869246823 0.998073117709431 0.994919865740886 0.988017734024476 0.974973621001397 0.952925523498178 0.918830463413264 0.869922157334966 0.804337123300526 0.721836046214687 0.624449971923118 0.516793632755975 0.405774496444363 
0 0 0 0 0 0 0 0 0 0 0 0 0 0 0 0 0 0 0 0 0 0 0 0 0 0 0 0 0 0 0 0 0 0 0 0 0 0 0 0 0 0 0 0 0 0 0 0 0 0 0 0 0 0 0 0 0 0 0 0 0 0 0 0 0 0 0 0 0 0 0 0.136628328733696 0.214540669485641 0.310500262849391 0.418554922794237 0.530666458597096 0.638551559432477 0.735339301191347 0.816573490775908 0.880445675512348 0.927426762519181 0.95958250672086 0.979833785786504 0.991328345973786 0.996990878514479 0.999246869246823 0.999879460945637 0.999969863874158 0.999879460945637 0.999246869246823 0.996990878514479 0.991328345973786 0.979833785786504 0.95958250672086 0.927426762519181 0.880445675512348 0.816573490775908 0.735339301191347 0.638551559432477 0.530666458597096 0.418554922794237 
0 0 0 0 0 0 0 0 0 0 0 0 0 0 0 0 0 0 0 0 0 0 0 0 0 0 0 0 0 0 0 0 0 0 0 0 0 0 0 0 0 0 0 0 0 0 0 0 0 0 0 0 0 0 0 0 0 0 0 0 0 0 0 0 0 0 0 0 0 0 0 0.138757024133062 0.217476526220791 0.314199590913687 0.422852923152662 0.535308468432647 0.643244957486672 0.739807102215433 0.820594582381403 0.883875174657539 0.930197891931954 0.961695883601404 0.981340914492399 0.992314719486584 0.997561913995889 0.999517930953524 0.999969863874158 1 0.999969863874158 0.999517930953524 0.997561913995889 0.992314719486584 0.981340914492399 0.961695883601404 0.930197891931954 0.883875174657539 0.820594582381403 0.739807102215433 0.643244957486672 0.535308468432647 0.422852923152662 
0 0 0 0 0 0 0 0 0 0 0 0 0 0 0 0 0 0 0 0 0 0 0 0 0 0 0 0 0 0 0 0 0 0 0 0 0 0 0 0 0 0 0 0 0 0 0 0 0 0 0 0 0 0 0 0 0 0 0 0 0 0 0 0 0 0 0 0 0 0 0 0.136628328733696 0.214540669485641 0.310500262849391 0.418554922794237 0.530666458597096 0.638551559432477 0.735339301191347 0.816573490775908 0.880445675512348 0.927426762519181 0.95958250672086 0.979833785786504 0.991328345973786 0.996990878514479 0.999246869246823 0.999879460945637 0.999969863874158 0.999879460945637 0.999246869246823 0.996990878514479 0.991328345973786 0.979833785786504 0.95958250672086 0.927426762519181 0.880445675512348 0.816573490775908 0.735339301191347 0.638551559432477 0.530666458597096 0.418554922794237 
0 0 0 0 0 0 0 0 0 0 0 0 0 0 0 0 0 0 0 0 0 0 0 0 0 0 0 0 0 0 0 0 0 0 0 0 0 0 0 0 0 0 0 0 0 0 0 0 0 0 0 0 0 0 0 0 0 0 0 0 0 0 0 0 0 0 0 0 0 0 0 0.130389024071846 0.205894291721825 0.299553214987056 0.405774496444363 0.516793632755975 0.624449971923118 0.721836046214687 0.804337123300526 0.869922157334966 0.918830463413264 0.952925523498178 0.974973621001397 0.988017734024476 0.994919865740886 0.998073117709431 0.999246869246823 0.999517930953524 0.999246869246823 0.998073117709431 0.994919865740886 0.988017734024476 0.974973621001397 0.952925523498178 0.918830463413264 0.869922157334966 0.804337123300526 0.721836046214687 0.624449971923118 0.516793632755975 0.405774496444363 
0 0 0 0 0 0 0 0 0 0 0 0 0 0 0 0 0 0 0 0 0 0 0 0 0 0 0 0 0 0 0 0 0 0 0 0 0 0 0 0 0 0 0 0 0 0 0 0 0 0 0 0 0 0 0 0 0 0 0 0 0 0 0 0 0 0 0 0 0 0 0 0.120471589381824 0.192019457402512 0.281819136938847 0.38487087176446 0.49387778068487 0.600911144741567 0.699036230406395 0.783404355871614 0.851634500239094 0.903590096105259 0.940798238306419 0.965761966701412 0.981340914492399 0.990283263628568 0.994919865740886 0.996990878514479 0.997561913995889 0.996990878514479 0.994919865740886 0.990283263628568 0.981340914492399 0.965761966701412 0.940798238306419 0.903590096105259 0.851634500239094 0.783404355871614 0.699036230406395 0.600911144741567 0.49387778068487 0.38487087176446 
0 0 0 0 0 0 0 0 0 0 0 0 0 0 0 0 0 0 0 0 0 0 0 0 0 0 0 0 0 0 0 0 0 0 0 0 0 0 0 0 0 0 0 0 0 0 0 0 0 0 0 0 0 0 0 0 0 0 0 0 0 0 0 0 0 0 0 0 0 0 0 0.107568789834737 0.17371092711035 0.258087023890284 0.356498784522851 0.462320712153103 0.56800022224668 0.666631526507857 0.753101639632532 0.824585773351194 0.880445675512348 0.921742561228659 0.950602209116376 0.969611446974872 0.981340914492399 0.988017734024476 0.991328345973786 0.992314719486584 0.991328345973786 0.988017734024476 0.981340914492399 0.969611446974872 0.950602209116376 0.921742561228659 0.880445675512348 0.824585773351194 0.753101639632532 0.666631526507857 0.56800022224668 0.462320712153103 0.356498784522851 
0 0 0 0 0 0 0 0 0 0 0 0 0 0 0 0 0 0 0 0 0 0 0 0 0 0 0 0 0 0 0 0 0 0 0 0 0 0 0 0 0 0 0 0 0 0 0 0 0 0 0 0 0 0 0 0 0 0 0 0 0 0 0 0 0 0 0 0 0 0 0 0 0.152051462472023 0.229488880627965 0.321672824555717 0.422852923152662 0.526032996038429 0.624449971923118 0.712757084008226 0.787641808867241 0.847870038198151 0.893920696629575 0.927426762519181 0.950602209116376 0.965761966701412 0.974973621001397 0.979833785786504 0.981340914492399 0.979833785786504 0.974973621001397 0.965761966701412 0.950602209116376 0.927426762519181 0.893920696629575 0.847870038198151 0.787641808867241 0.712757084008226 0.624449971923118 0.526032996038429 0.422852923152662 0.321672824555717 
0 0 0 0 0 0 0 0 0 0 0 0 0 0 0 0 0 0 0 0 0 0 0 0 0 0 0 0 0 0 0 0 0 0 0 0 0 0 0 0 0 0 0 0 0 0 0 0 0 0 0 0 0 0 0 0 0 0 0 0 0 0 0 0 0 0 0 0 0 0 0 0 0.128357753761878 0.197489219894671 0.281819136938847 0.376655165602904 0.475762471354768 0.572692599003071 0.661966953905587 0.739807102215433 0.804337123300526 0.855364119080133 0.893920696629575 0.921742561228659 0.940798238306419 0.952925523498178 0.95958250672086 0.961695883601404 0.95958250672086 0.952925523498178 0.940798238306419 0.921742561228659 0.893920696629575 0.855364119080133 0.804337123300526 0.739807102215433 0.661966953905587 0.572692599003071 0.475762471354768 0.376655165602904 0.281819136938847 
0 0 0 0 0 0 0 0 0 0 0 0 0 0 0 0 0 0 0 0 0 0 0 0 0 0 0 0 0 0 0 0 0 0 0 0 0 0 0 0 0 0 0 0 0 0 0 0 0 0 0 0 0 0 0 0 0 0 0 0 0 0 0 0 0 0 0 0 0 0 0 0 0.104086408283296 0.163826356947972 0.238780436436258 0.325446411153877 0.418554922794237 0.512188677362739 0.600911144741567 0.680577219066995 0.748688916294892 0.804337123300526 0.847870038198151 0.880445675512348 0.903590096105259 0.918830463413264 0.927426762519181 0.930197891931954 0.927426762519181 0.918830463413264 0.903590096105259 0.880445675512348 0.847870038198151 0.804337123300526 0.748688916294892 0.680577219066995 0.600911144741567 0.512188677362739 0.418554922794237 0.325446411153877 0.238780436436258 
0 0 0 0 0 0 0 0 0 0 0 0 0 0 0 0 0 0 0 0 0 0 0 0 0 0 0 0 0 0 0 0 0 0 0 0 0 0 0 0 0 0 0 0 0 0 0 0 0 0 0 0 0 0 0 0 0 0 0 0 0 0 0 0 0 0 0 0 0 0 0 0 0 0.130389024071846 0.194741003851222 0.271490265509849 0.356498784522851 0.444611925781309 0.530666458597096 0.610328632052709 0.680577219066995 0.739807102215433 0.787641808867241 0.824585773351194 0.851634500239094 0.869922157334966 0.880445675512348 0.883875174657539 0.880445675512348 0.869922157334966 0.851634500239094 0.824585773351194 0.787641808867241 0.739807102215433 0.680577219066995 0.610328632052709 0.530666458597096 0.444611925781309 0.356498784522851 0.271490265509849 0.194741003851222 
0 0 0 0 0 0 0 0 0 0 0 0 0 0 0 0 0 0 0 0 0 0 0 0 0 0 0 0 0 0 0 0 0 0 0 0 0 0 0 0 0 0 0 0 0 0 0 0 0 0 0 0 0 0 0 0 0 0 0 0 0 0 0 0 0 0 0 0 0 0 0 0 0 0 0.152051462472023 0.217476526220791 0.292382322920363 0.372579628743931 0.453434521757669 0.530666458597096 0.600911144741567 0.661966953905587 0.712757084008226 0.753101639632532 0.783404355871614 0.804337123300526 0.816573490775908 0.820594582381403 0.816573490775908 0.804337123300526 0.783404355871614 0.753101639632532 0.712757084008226 0.661966953905587 0.600911144741567 0.530666458597096 0.453434521757669 0.372579628743931 0.292382322920363 0.217476526220791 0.152051462472023 
0 0 0 0 0 0 0 0 0 0 0 0 0 0 0 0 0 0 0 0 0 0 0 0 0 0 0 0 0 0 0 0 0 0 0 0 0 0 0 0 0 0 0 0 0 0 0 0 0 0 0 0 0 0 0 0 0 0 0 0 0 0 0 0 0 0 0 0 0 0 0 0 0 0 0.112960953822478 0.166258508204383 0.250936757141985 0.349085762251729 0.451499039895303 0.549864440847394 0.637671088448717 0.71104844980095 0.768657791966943 0.810996825403251 0.839516760521633 0.855827841442142 0.861120461442727 0.855827841442142 0.839516760521633 0.810996825403251 0.768657791966943 0.71104844980095 0.637671088448717 0.572692599003071 0.512188677362739 0.444611925781309 0.372579628743931 0.299553214987056 0.229488880627965 0.166258508204383 0.112960953822478 
0 0 0 0 0 0 0 0 0 0 0 0 0 0 0 0 0 0 0 0 0 0 0 0 0 0 0 0 0 0 0 0 0 0 0 0 0 0 0 0 0 0 0 0 0 0 0 0 0 0 0 0 0 0 0 0 0 0 0 0 0 0 0 0 0 0 0 0 0 0 0 0 0 0 0.132962105062322 0.215455236911485 0.316058606295582 0.42635860272545 0.536470249431084 0.637671088448717 0.724096521486238 0.793165715556541 0.845024190708666 0.881521669663235 0.905164062264459 0.918279308438654 0.92246333913879 0.918279308438654 0.905164062264459 0.881521669663235 0.845024190708666 0.793165715556541 0.724096521486238 0.637671088448717 0.536470249431084 0.42635860272545 0.316058606295582 0.229488880627965 0.171200710035371 0.120471589381824 0 
0 0 0 0 0 0 0 0 0 0 0 0 0 0 0 0 0 0 0 0 0 0 0 0 0 0 0 0 0 0 0 0 0 0 0 0 0 0 0 0 0 0 0 0 0 0 0 0 0 0 0 0 0 0 0 0 0 0 0 0 0 0 0 0 0 0 0 0 0 0 0 0 0 0 0.168871091339326 0.265154799099778 0.377933219110864 0.496726676365684 0.610622922614268 0.71104844980095 0.793165715556541 0.855827841442142 0.9006097048128 0.930540921193931 0.948975037403326 0.958776289579179 0.961826199230024 0.958776289579179 0.948975037403326 0.930540921193931 0.9006097048128 0.855827841442142 0.793165715556541 0.71104844980095 0.610622922614268 0.496726676365684 0.377933219110864 0.265154799099778 0.168871091339326 0 0 
0 0 0 0 0 0 0 0 0 0 0 0 0 0 0 0 0 0 0 0 0 0 0 0 0 0 0 0 0 0 0 0 0 0 0 0 0 0 0 0 0 0 0 0 0 0 0 0 0 0 0 0 0 0 0 0 0 0 0 0 0 0 0 0 0 0 0 0 0 0 0 0 0 0.118677929830109 0.203065827506706 0.310730738161097 0.432590140412183 0.556582433376556 0.671288506280403 0.768657791966943 0.845024190708666 0.9006097048128 0.938221700746449 0.961826199230024 0.975397921274272 0.982163677756887 0.984184154270883 0.982163677756887 0.975397921274272 0.961826199230024 0.938221700746449 0.9006097048128 0.845024190708666 0.768657791966943 0.671288506280403 0.556582433376556 0.432590140412183 0.310730738161097 0.203065827506706 0.118677929830109 0 
0 0 0 0 0 0 0 0 0 0 0 0 0 0 0 0 0 0 0 0 0 0 0 0 0 0 0 0 0 0 0 0 0 0 0 0 0 0 0 0 0 0 0 0 0 0 0 0 0 0 0 0 0 0 0 0 0 0 0 0 0 0 0 0 0 0 0 0 0 0 0 0 0 0.139024843303116 0.23275198576861 0.349085762251729 0.477170051191942 0.603854032122282 0.717587513321982 0.810996825403251 0.881521669663235 0.930540921193931 0.961826199230024 0.980025280563354 0.9895308109775 0.993791908611513 0.994968472963602 0.993791908611513 0.9895308109775 0.980025280563354 0.961826199230024 0.930540921193931 0.881521669663235 0.810996825403251 0.717587513321982 0.603854032122282 0.477170051191942 0.349085762251729 0.23275198576861 0.139024843303116 0 
0 0 0 0 0 0 0 0 0 0 0 0 0 0 0 0 0 0 0 0 0 0 0 0 0 0 0 0 0 0 0 0 0 0 0 0 0 0 0 0 0 0 0 0 0 0 0 0 0 0 0 0 0 0 0 0 0 0 0 0 0 0 0 0 0 0 0 0 0 0 0 0 0 0.155080486216545 0.255621144923586 0.377933219110864 0.509890085097244 0.637671088448717 0.749793903980324 0.839516760521633 0.905164062264459 0.948975037403326 0.975397921274272 0.9895308109775 0.996022369116245 0.998444350849736 0.99900410555794 0.998444350849736 0.996022369116245 0.9895308109775 0.975397921274272 0.948975037403326 0.905164062264459 0.839516760521633 0.749793903980324 0.637671088448717 0.509890085097244 0.377933219110864 0.255621144923586 0.155080486216545 0 
0 0 0 0 0 0 0 0 0 0 0 0 0 0 0 0 0 0 0 0 0 0 0 0 0 0 0 0 0 0 0 0 0 0 0 0 0 0 0 0 0 0 0 0 0 0 0 0 0 0 0 0 0 0 0 0 0 0 0 0 0 0 0 0 0 0 0 0 0 0 0 0 0 0.165343416535862 0.270003698857246 0.395781722747518 0.529797018709162 0.657879706706407 0.768657791966943 0.855827841442142 0.918279308438654 0.958776289579179 0.982163677756887 0.993791908611513 0.998444350849736 0.999750933353643 0.99993772752186 0.999750933353643 0.998444350849736 0.993791908611513 0.982163677756887 0.958776289579179 0.918279308438654 0.855827841442142 0.768657791966943 0.657879706706407 0.529797018709162 0.395781722747518 0.270003698857246 0.165343416535862 0 
0 0 0 0 0 0 0 0 0 0 0 0 0 0 0 0 0 0 0 0 0 0 0 0 0 0 0 0 0 0 0 0 0 0 0 0 0 0 0 0 0 0 0 0 0 0 0 0 0 0 0 0 0 0 0 0 0 0 0 0 0 0 0 0 0 0 0 0 0 0 0 0 0 0.168871091339326 0.274907029217262 0.401816508327864 0.536470249431084 0.664591674031008 0.774857596741818 0.861120461442727 0.92246333913879 0.961826199230024 0.984184154270883 0.994968472963602 0.99900410555794 0.99993772752186 1 0.99993772752186 0.99900410555794 0.994968472963602 0.984184154270883 0.961826199230024 0.92246333913879 0.861120461442727 0.774857596741818 0.664591674031008 0.536470249431084 0.401816508327864 0.274907029217262 0.168871091339326 0 
0 0 0 0 0 0 0 0 0 0 0 0 0 0 0 0 0 0 0 0 0 0 0 0 0 0 0 0 0 0 0 0 0 0 0 0 0 0 0 0 0 0 0 0 0 0 0 0 0 0 0 0 0 0 0 0 0 0 0 0 0 0 0 0 0 0 0 0 0 0 0 0 0 0.165343416535862 0.270003698857246 0.395781722747518 0.529797018709162 0.657879706706407 0.768657791966943 0.855827841442142 0.918279308438654 0.958776289579179 0.982163677756887 0.993791908611513 0.998444350849736 0.999750933353643 0.99993772752186 0.999750933353643 0.998444350849736 0.993791908611513 0.982163677756887 0.958776289579179 0.918279308438654 0.855827841442142 0.768657791966943 0.657879706706407 0.529797018709162 0.395781722747518 0.270003698857246 0.165343416535862 0 
