0 0 0 0 0 0 0 0 0 0 0 0 0 0 0 0 0.109894159073899 0.203065827506707 0.326029135000313 0.465754762636727 0.604895398733175 0.728086302591349 0.826112752157697 0.896686686167781 0.942746337207875 0.969898510069849 0.984184154270883 0.990611069359524 0.992388157489868 0.990611069359524 0.984184154270883 0.969898510069849 0.942746337207875 0.896686686167781 0.826112752157697 0.728086302591349 0.604895398733175 0.465754762636727 0.326029135000313 0.203065827506707 0.109894159073899 0 0 0 0 0 0 0 0 0 0 0 0 0 0 0 0 0 0 0 0 0 0 0 0 0 0 0 0 0 0 0 0 0 0 0 0 0 0 0 0 0 0 0 0 0 0 0 0 0 0 0 0 0 0 0 0 0 0 0 0 
0 0 0 0 0 0 0 0 0 0 0 0 0 0 0 0 0.126657759766995 0.229018910140102 0.360485317728838 0.50582991401344 0.64649159935633 0.767220556666722 0.85990569573878 0.923731418166495 0.962969886707551 0.984184154270883 0.99398088581324 0.99764445753162 0.998491812940271 0.99764445753162 0.99398088581324 0.984184154270883 0.962969886707551 0.923731418166495 0.85990569573878 0.767220556666722 0.64649159935633 0.50582991401344 0.360485317728838 0.229018910140102 0.126657759766995 0 0 0 0 0 0 0 0 0 0 0 0 0 0 0 0 0 0 0 0 0 0 0 0 0 0 0 0 0 0 0 0 0 0 0 0 0 0 0 0 0 0 0 0 0 0 0 0 0 0 0 0 0 0 0 0 0 0 0 0 
0 0 0 0 0 0 0 0 0 0 0 0 0 0 0 0 0.137607745602626 0.245600250262948 0.382017312399871 0.53030972877502 0.671288506280403 0.789913279533464 0.878849454791316 0.938221700746449 0.973106067271712 0.990611069359524 0.99764445753162 0.999622739800869 0.999905671604287 0.999622739800869 0.99764445753162 0.990611069359524 0.973106067271712 0.938221700746449 0.878849454791316 0.789913279533464 0.671288506280403 0.53030972877502 0.382017312399871 0.245600250262948 0.137607745602626 0 0 0 0 0 0 0 0 0 0 0 0 0 0 0 0 0 0 0 0 0 0 0 0 0 0 0 0 0 0 0 0 0 0 0 0 0 0 0 0 0 0 0 0 0 0 0 0 0 0 0 0 0 0 0 0 0 0 0 0 
0 0 0 0 0 0 0 0 0 0 0 0 0 0 0 0 0.141410839199098 0.251295137900506 0.389329811870575 0.538526918615456 0.67950727926201 0.797324795483783 0.884922359668643 0.942746337207875 0.976140050695452 0.992388157489868 0.998491812940271 0.999905671604287 1 0.999905671604287 0.998491812940271 0.992388157489868 0.976140050695452 0.942746337207875 0.884922359668643 0.797324795483783 0.67950727926201 0.538526918615456 0.389329811870575 0.251295137900506 0.141410839199098 0 0 0 0 0 0 0 0 0 0 0 0 0 0 0 0 0 0 0 0 0 0 0 0 0 0 0 0 0 0 0 0 0 0 0 0 0 0 0 0 0 0 0 0 0 0 0 0 0 0 0 0 0 0 0 0 0 0 0 0 
0 0 0 0 0 0 0 0 0 0 0 0 0 0 0 0 0.137607745602626 0.245600250262948 0.382017312399871 0.53030972877502 0.671288506280403 0.789913279533464 0.878849454791316 0.938221700746449 0.973106067271712 0.990611069359524 0.99764445753162 0.999622739800869 0.999905671604287 0.999622739800869 0.99764445753162 0.990611069359524 0.973106067271712 0.938221700746449 0.878849454791316 0.789913279533464 0.671288506280403 0.53030972877502 0.382017312399871 0.245600250262948 0.137607745602626 0 0 0 0 0 0 0 0 0 0 0 0 0 0 0 0 0 0 0 0 0 0 0 0 0 0 0 0 0 0 0 0 0 0 0 0 0 0 0 0 0 0 0 0 0 0 0 0 0 0 0 0 0 0 0 0 0 0 0 0 
0 0 0 0 0 0 0 0 0 0 0 0 0 0 0 0 0.126657759766995 0.229018910140102 0.360485317728838 0.50582991401344 0.64649159935633 0.767220556666722 0.85990569573878 0.923731418166495 0.962969886707551 0.984184154270883 0.99398088581324 0.99764445753162 0.998491812940271 0.99764445753162 0.99398088581324 0.984184154270883 0.962969886707551 0.923731418166495 0.85990569573878 0.767220556666722 0.64649159935633 0.50582991401344 0.360485317728838 0.229018910140102 0.126657759766995 0 0 0 0 0 0 0 0 0 0 0 0 0 0 0 0 0 0 0 0 0 0 0 0 0 0 0 0 0 0 0 0 0 0 0 0 0 0 0 0 0 0 0 0 0 0 0 0 0 0 0 0 0 0 0 0 0 0 0 0 
0 0 0 0 0 0 0 0 0 0 0 0 0 0 0 0 0.109894159073899 0.203065827506707 0.326029135000313 0.465754762636727 0.604895398733175 0.728086302591349 0.826112752157697 0.896686686167781 0.942746337207875 0.969898510069849 0.984184154270883 0.990611069359524 0.992388157489868 0.990611069359524 0.984184154270883 0.969898510069849 0.942746337207875 0.896686686167781 0.826112752157697 0.728086302591349 0.604895398733175 0.465754762636727 0.326029135000313 0.203065827506707 0.109894159073899 0 0 0 0 0 0 0 0 0 0 0 0 0 0 0 0 0 0 0 0 0 0 0 0 0 0 0 0 0 0 0 0 0 0 0 0 0 0 0 0 0 0 0 0 0 0 0 0 0 0 0 0 0 0 0 0 0 0 0 0 
0 0 0 0 0 0 0 0 0 0 0 0 0 0 0 0 0 0.170242197235133 0.281016255888607 0.411651674359674 0.546768268297297 0.671288506280403 0.774857596741818 0.853360229009251 0.907921976358488 0.942746337207875 0.962969886707551 0.973106067271712 0.976140050695452 0.973106067271712 0.962969886707551 0.942746337207875 0.907921976358488 0.853360229009251 0.774857596741818 0.671288506280403 0.546768268297297 0.411651674359674 0.281016255888607 0.170242197235133 0 0 0 0 0 0 0 0 0 0 0 0 0 0 0 0 0 0 0 0 0 0 0 0 0 0 0 0 0 0 0 0 0 0 0 0 0 0 0 0 0 0 0 0 0 0 0 0 0 0 0 0 0 0 0 0 0 0 0 0 0 
0 0 0 0 0 0 0 0 0 0 0 0 0 0 0 0 0 0.133881670888812 0.229018910140102 0.346482195513557 0.47368607554494 0.59656524795472 0.70397494289872 0.789913279533464 0.853360229009251 0.896686686167781 0.923731418166495 0.938221700746449 0.942746337207875 0.938221700746449 0.923731418166495 0.896686686167781 0.853360229009251 0.789913279533464 0.70397494289872 0.59656524795472 0.47368607554494 0.346482195513557 0.229018910140102 0.133881670888812 0 0 0 0 0 0 0 0 0 0 0 0 0 0 0 0 0 0 0 0 0 0 0 0 0 0 0 0 0 0 0 0 0 0 0 0 0 0 0 0 0 0 0 0 0 0 0 0 0 0 0 0 0 0 0 0 0 0 0 0 0 
0 0 0 0 0 0 0 0 0 0 0 0 0 0 0 0 0 0 0.174683362763146 0.274907029217262 0.389329811870575 0.50582991401344 0.613226162087338 0.70397494289872 0.774857596741818 0.826112752157697 0.85990569573878 0.878849454791316 0.884922359668643 0.878849454791316 0.85990569573878 0.826112752157697 0.774857596741818 0.70397494289872 0.613226162087338 0.50582991401344 0.389329811870575 0.274907029217262 0.174683362763146 0 0 0 0 0 0 0 0 0 0 0 0 0 0 0 0 0 0 0 0 0 0 0 0 0 0 0 0 0 0 0 0 0 0 0 0 0 0 0 0 0 0.110080880969932 0.117556033730823 0.120132386710025 0.117556033730823 0.110080880969932 0 0 0 0 0 0 0 0 0 0 0 0 0 0 0 0 
0 0 0 0 0 0 0 0 0 0 0 0 0 0 0 0 0 0 0.123158456316655 0.203065827506707 0.299831059865423 0.404148601737547 0.50582991401344 0.59656524795472 0.671288506280403 0.728086302591349 0.767220556666722 0.789913279533464 0.797324795483783 0.789913279533464 0.767220556666722 0.728086302591349 0.671288506280403 0.59656524795472 0.50582991401344 0.404148601737547 0.299831059865423 0.203065827506707 0.123158456316655 0 0 0 0 0 0 0 0 0 0 0 0 0 0 0 0 0 0 0 0 0 0 0 0 0 0 0 0 0 0 0 0 0 0 0 0 0 0 0.125414203250862 0.151378689599261 0.174156622341455 0.19186019599356 0.203065827506706 0.206898973949258 0.203065827506706 0.19186019599356 0.174156622341455 0.151378689599261 0.125414203250862 0 0 0 0 0 0 0 0 0 0 0 0 0 
0 0 0 0 0 0 0 0 0 0 0 0 0 0 0 0 0 0 0 0.137607745602626 0.213194724557767 0.299831059865423 0.389329811870575 0.47368607554494 0.546768268297297 0.604895398733175 0.64649159935633 0.671288506280403 0.67950727926201 0.671288506280403 0.64649159935633 0.604895398733175 0.546768268297297 0.47368607554494 0.389329811870575 0.299831059865423 0.213194724557767 0.137607745602626 0 0 0 0 0 0 0 0 0 0 0 0 0 0 0 0 0 0 0 0 0 0 0 0 0 0 0 0 0 0 0 0 0 0 0 0 0 0.128120363112805 0.167412019825651 0.206898973949258 0.243610281592228 0.274907029217263 0.298704272491057 0.313544953795974 0.318583623232847 0.313544953795974 0.298704272491057 0.274907029217263 0.243610281592228 0.206898973949258 0.167412019825651 0.128120363112805 0 0 0 0 0 0 0 0 0 0 0 
0 0 0 0 0 0 0 0 0 0 0 0 0 0 0 0 0 0 0 0 0.137607745602626 0.203065827506707 0.274907029217262 0.346482195513557 0.411651674359674 0.465754762636727 0.50582991401344 0.53030972877502 0.538526918615456 0.53030972877502 0.50582991401344 0.465754762636727 0.411651674359674 0.346482195513557 0.274907029217262 0.203065827506707 0.137607745602626 0 0 0 0 0 0 0 0 0 0 0 0 0 0 0 0 0 0 0 0 0 0 0 0 0 0 0 0 0 0 0 0 0 0 0 0 0.105305318414363 0.151378689599261 0.203065827506706 0.256731355278157 0.308551931692217 0.355097213752874 0.393661802129732 0.422346315289189 0.439967905193794 0.445905261553246 0.439967905193794 0.422346315289189 0.393661802129732 0.355097213752874 0.308551931692217 0.256731355278157 0.203065827506706 0.151378689599261 0.105305318414363 0 0 0 0 0 0 0 0 0 
0 0 0 0 0 0 0 0 0 0 0 0 0 0 0 0 0 0 0 0 0 0.123158456316655 0.174683362763146 0.229018910140102 0.281016255888607 0.326029135000313 0.360485317728838 0.382017312399871 0.389329811870575 0.382017312399871 0.360485317728838 0.326029135000313 0.281016255888607 0.229018910140102 0.174683362763146 0.123158456316655 0 0 0 0 0 0 0 0 0 0 0 0 0 0 0 0 0 0 0 0 0 0 0 0 0 0 0 0 0 0 0 0 0 0 0 0 0.110080880969932 0.164111148969758 0.226802104064376 0.293850304695931 0.360485317728838 0.422346315289189 0.476027324028859 0.519235617952595 0.550654124888253 0.569655869346852 0.576007282315115 0.569655869346852 0.550654124888253 0.519235617952595 0.476027324028859 0.422346315289189 0.360485317728838 0.293850304695931 0.226802104064376 0.164111148969758 0.110080880969932 0 0 0 0 0 0 0 0 
0 0 0 0 0 0 0 0 0 0 0 0 0 0 0 0 0 0 0 0 0 0 0 0.133881670888812 0.170242197235133 0.203065827506707 0.229018910140102 0.245600250262948 0.251295137900506 0.245600250262948 0.229018910140102 0.203065827506707 0.170242197235133 0.133881670888812 0 0 0 0 0 0 0 0 0 0 0 0 0 0 0 0 0 0 0 0 0 0 0 0 0 0 0 0 0 0 0 0 0 0 0 0 0 0.105305318414363 0.164111148969758 0.235107874534642 0.313544953795974 0.393661802129732 0.469948052066643 0.538042858999982 0.59509552005819 0.639656266744516 0.671288506280403 0.690099590672575 0.696332705725389 0.690099590672575 0.671288506280403 0.639656266744516 0.59509552005819 0.538042858999982 0.469948052066643 0.393661802129732 0.313544953795974 0.235107874534642 0.164111148969758 0.105305318414363 0 0 0 0 0 0 0 
0 0 0 0 0 0 0 0 0 0 0 0 0 0 0 0 0 0 0 0 0 0 0 0 0 0.109894159073899 0.126657759766995 0.137607745602626 0.141410839199098 0.137607745602626 0.126657759766995 0.109894159073899 0 0 0 0 0 0 0 0 0 0 0 0 0 0 0 0 0 0 0 0 0 0 0 0 0 0 0 0 0 0 0 0 0 0 0 0 0 0 0 0.151378689599261 0.226802104064376 0.313544953795974 0.405028135551773 0.494413681560494 0.576007282315115 0.646003689406503 0.70254460558656 0.745301623766704 0.774857596741818 0.792101469648579 0.797758239105781 0.792101469648579 0.774857596741818 0.745301623766704 0.70254460558656 0.646003689406503 0.576007282315115 0.494413681560494 0.405028135551773 0.313544953795974 0.226802104064376 0.151378689599261 0 0 0 0 0 0 0 
0 0 0 0 0 0 0 0 0 0 0 0 0 0 0 0 0 0 0 0 0 0 0 0 0 0 0 0 0 0 0 0 0 0 0 0 0 0 0 0 0 0 0 0 0 0 0 0 0 0 0 0 0 0 0 0 0 0 0 0 0 0 0 0 0 0 0 0 0 0 0.128120363112805 0.203065827506706 0.293850304695931 0.393661802129732 0.494413681560494 0.588728454041014 0.671288506280403 0.739282385543279 0.792101469648579 0.830630684626376 0.856454346864764 0.871178188473277 0.875948869756177 0.871178188473277 0.856454346864764 0.830630684626376 0.792101469648579 0.739282385543279 0.671288506280403 0.588728454041014 0.494413681560494 0.393661802129732 0.293850304695931 0.203065827506706 0.128120363112805 0 0 0 0 0 0 
0 0 0 0 0 0 0 0 0 0 0 0 0 0 0 0 0 0 0 0 0 0 0 0 0 0 0 0 0 0 0 0 0 0 0 0 0 0 0 0 0 0 0 0 0 0 0 0 0 0 0 0 0 0 0 0 0 0 0 0 0 0 0 0 0 0 0 0 0 0 0.167412019825651 0.256731355278157 0.360485317728838 0.469948052066643 0.576007282315115 0.671288506280403 0.751286978828872 0.814432787441337 0.861429468135161 0.894307071347273 0.915521348605088 0.927262271745589 0.93100382538046 0.927262271745589 0.915521348605088 0.894307071347273 0.861429468135161 0.814432787441337 0.751286978828872 0.671288506280403 0.576007282315115 0.469948052066643 0.360485317728838 0.256731355278157 0.167412019825651 0 0 0 0 0 0 
0 0 0 0 0 0 0 0 0 0 0 0 0 0 0 0 0 0 0 0 0 0 0 0 0 0 0 0 0 0 0 0 0 0 0 0 0 0 0 0 0 0 0 0 0 0 0 0 0 0 0 0 0 0 0 0 0 0 0 0 0 0 0 0 0 0 0 0 0 0.125414203250862 0.206898973949258 0.308551931692217 0.422346315289189 0.538042858999982 0.646003689406503 0.739282385543279 0.814432787441337 0.871178188473277 0.911439702157671 0.938221700746449 0.954667180405105 0.963396204640244 0.966110380310017 0.963396204640244 0.954667180405105 0.938221700746449 0.911439702157671 0.871178188473277 0.814432787441337 0.739282385543279 0.646003689406503 0.538042858999982 0.422346315289189 0.308551931692217 0.206898973949258 0.125414203250862 0 0 0 0 0 
0 0 0 0 0 0 0 0 0 0 0 0 0 0 0 0 0 0 0 0 0 0 0 0 0 0 0 0 0 0 0 0 0 0 0 0 0 0 0 0 0 0 0 0 0 0 0 0 0 0 0 0 0 0 0 0 0 0 0 0 0 0 0 0 0 0 0 0 0 0.151378689599261 0.243610281592228 0.355097213752874 0.476027324028859 0.59509552005819 0.70254460558656 0.792101469648579 0.861429468135161 0.911439702157671 0.945078372101069 0.966110380310017 0.978176261192094 0.984184154270883 0.985977390300901 0.984184154270883 0.978176261192094 0.966110380310017 0.945078372101069 0.911439702157671 0.861429468135161 0.792101469648579 0.70254460558656 0.59509552005819 0.476027324028859 0.355097213752874 0.243610281592228 0.151378689599261 0 0 0 0 0 
0 0 0 0 0 0 0 0 0 0 0 0 0 0 0 0 0 0 0 0 0 0 0 0 0 0 0 0 0 0 0 0 0 0 0 0 0 0 0 0 0 0 0 0 0 0 0 0 0 0 0 0 0 0 0 0 0 0 0 0 0 0 0 0 0 0 0 0 0 0.174156622341455 0.274907029217263 0.393661802129732 0.519235617952595 0.639656266744516 0.745301623766704 0.830630684626376 0.894307071347273 0.938221700746449 0.966110380310017 0.982285801050889 0.990720689913518 0.994498837364076 0.995541724446256 0.994498837364076 0.990720689913518 0.982285801050889 0.966110380310017 0.938221700746449 0.894307071347273 0.830630684626376 0.745301623766704 0.639656266744516 0.519235617952595 0.393661802129732 0.274907029217263 0.174156622341455 0 0 0 0 0 
0 0 0 0 0 0 0 0 0 0 0 0 0 0 0 0 0 0 0 0 0 0 0 0 0 0 0 0 0 0 0 0 0 0 0 0 0 0 0 0 0 0 0 0 0 0 0 0 0 0 0 0 0 0 0 0 0 0 0 0 0 0 0 0 0 0 0 0 0.110080880969932 0.19186019599356 0.298704272491057 0.422346315289189 0.550654124888253 0.671288506280403 0.774857596741818 0.856454346864764 0.915521348605088 0.954667180405105 0.978176261192094 0.990720689913518 0.996475760916957 0.998621863065444 0.999117773430165 0.998621863065444 0.996475760916957 0.990720689913518 0.978176261192094 0.954667180405105 0.915521348605088 0.856454346864764 0.774857596741818 0.671288506280403 0.550654124888253 0.422346315289189 0.298704272491057 0.19186019599356 0.110080880969932 0 0 0 0 
0 0 0 0 0 0 0 0 0 0 0 0 0 0 0 0 0 0 0 0 0 0 0 0 0 0 0 0 0 0 0 0 0 0 0 0 0 0 0 0 0 0 0 0 0 0 0 0 0 0 0 0 0 0 0 0 0 0 0 0 0 0 0 0 0 0 0 0 0.117556033730823 0.203065827506706 0.313544953795974 0.439967905193794 0.569655869346852 0.690099590672575 0.792101469648579 0.871178188473277 0.927262271745589 0.963396204640244 0.984184154270883 0.994498837364076 0.998621863065444 0.999779370352118 0.999944838023932 0.999779370352118 0.998621863065444 0.994498837364076 0.984184154270883 0.963396204640244 0.927262271745589 0.871178188473277 0.792101469648579 0.690099590672575 0.569655869346852 0.439967905193794 0.313544953795974 0.203065827506706 0.117556033730823 0 0 0 0 
0 0 0 0 0 0 0 0 0 0 0 0 0 0 0 0 0 0 0 0 0 0 0 0 0 0 0 0 0 0 0 0 0 0 0 0 0 0 0 0 0 0 0 0 0 0 0 0 0 0 0 0 0 0 0 0 0 0 0 0 0 0 0 0 0 0 0 0 0.120132386710025 0.206898973949258 0.318583623232847 0.445905261553246 0.576007282315115 0.696332705725389 0.797758239105781 0.875948869756177 0.93100382538046 0.966110380310017 0.985977390300901 0.995541724446256 0.999117773430165 0.999944838023932 1 0.999944838023932 0.999117773430165 0.995541724446256 0.985977390300901 0.966110380310017 0.93100382538046 0.875948869756177 0.797758239105781 0.696332705725389 0.576007282315115 0.445905261553246 0.318583623232847 0.206898973949258 0.120132386710025 0 0 0 0 
0 0 0 0 0 0 0 0 0 0 0 0 0 0 0 0 0 0 0 0 0 0 0 0 0 0 0 0 0 0 0 0 0 0 0 0 0 0 0 0 0 0 0 0 0 0 0 0 0 0 0 0 0 0 0 0 0 0 0 0 0 0 0 0 0 0 0 0 0.117556033730823 0.203065827506706 0.313544953795974 0.439967905193794 0.569655869346852 0.690099590672575 0.792101469648579 0.871178188473277 0.927262271745589 0.963396204640244 0.984184154270883 0.994498837364076 0.998621863065444 0.999779370352118 0.999944838023932 0.999779370352118 0.998621863065444 0.994498837364076 0.984184154270883 0.963396204640244 0.927262271745589 0.871178188473277 0.792101469648579 0.690099590672575 0.569655869346852 0.439967905193794 0.313544953795974 0.203065827506706 0.117556033730823 0 0 0 0 
0 0 0 0 0 0 0 0 0 0 0 0 0 0 0 0 0 0 0 0 0 0 0 0 0 0 0 0 0 0 0 0 0 0 0 0 0 0 0 0 0 0 0 0 0 0 0 0 0 0 0 0 0 0 0 0 0 0 0 0 0 0 0 0 0 0 0 0 0.110080880969932 0.19186019599356 0.298704272491057 0.422346315289189 0.550654124888253 0.671288506280403 0.774857596741818 0.856454346864764 0.915521348605088 0.954667180405105 0.978176261192094 0.990720689913518 0.996475760916957 0.998621863065444 0.999117773430165 0.998621863065444 0.996475760916957 0.990720689913518 0.978176261192094 0.954667180405105 0.915521348605088 0.856454346864764 0.774857596741818 0.671288506280403 0.550654124888253 0.422346315289189 0.298704272491057 0.19186019599356 0.110080880969932 0 0 0 0 
0 0 0 0 0 0 0 0 0 0 0 0 0 0 0 0 0 0 0 0 0 0 0 0 0 0 0 0 0 0 0 0 0 0 0 0 0 0 0 0 0 0 0 0 0 0 0 0 0 0 0 0 0 0 0 0 0 0 0 0 0 0 0 0 0 0 0 0 0 0.174156622341455 0.274907029217263 0.393661802129732 0.519235617952595 0.639656266744516 0.745301623766704 0.830630684626376 0.894307071347273 0.938221700746449 0.966110380310017 0.982285801050889 0.990720689913518 0.994498837364076 0.995541724446256 0.994498837364076 0.990720689913518 0.982285801050889 0.966110380310017 0.938221700746449 0.894307071347273 0.830630684626376 0.745301623766704 0.639656266744516 0.519235617952595 0.393661802129732 0.274907029217263 0.174156622341455 0 0 0 0 0 
0 0 0 0 0 0.109894159073899 0.126657759766995 0.137607745602626 0.141410839199098 0.137607745602626 0.126657759766995 0.109894159073899 0 0 0 0 0 0 0 0 0 0 0 0 0 0 0 0 0 0 0 0 0 0 0 0 0 0 0 0 0 0 0 0 0 0 0 0 0 0 0 0 0 0 0 0 0 0 0 0 0 0 0 0 0 0 0 0 0 0.151378689599261 0.243610281592228 0.355097213752874 0.476027324028859 0.59509552005819 0.70254460558656 0.792101469648579 0.861429468135161 0.911439702157671 0.945078372101069 0.966110380310017 0.978176261192094 0.984184154270883 0.985977390300901 0.984184154270883 0.978176261192094 0.966110380310017 0.945078372101069 0.911439702157671 0.861429468135161 0.792101469648579 0.70254460558656 0.59509552005819 0.476027324028859 0.355097213752874 0.243610281592228 0.151378689599261 0 0 0 0 0 
0 0 0 0.133881670888812 0.170242197235133 0.203065827506707 0.229018910140102 0.245600250262948 0.251295137900506 0.245600250262948 0.229018910140102 0.203065827506707 0.170242197235133 0.133881670888812 0 0 0 0 0 0 0 0 0 0 0 0 0 0 0 0 0 0 0 0 0 0 0 0 0 0 0 0 0 0 0 0 0 0 0 0 0 0 0 0 0 0 0 0 0 0 0 0 0 0 0 0 0 0 0 0.125414203250862 0.206898973949258 0.308551931692217 0.422346315289189 0.538042858999982 0.646003689406503 0.739282385543279 0.814432787441337 0.871178188473277 0.911439702157671 0.938221700746449 0.954667180405105 0.963396204640244 0.966110380310017 0.963396204640244 0.954667180405105 0.938221700746449 0.911439702157671 0.871178188473277 0.814432787441337 0.739282385543279 0.646003689406503 0.538042858999982 0.422346315289189 0.308551931692217 0.206898973949258 0.125414203250862 0 0 0 0 0 
0 0.123158456316655 0.174683362763146 0.229018910140102 0.281016255888607 0.326029135000313 0.360485317728838 0.382017312399871 0.389329811870575 0.382017312399871 0.360485317728838 0.326029135000313 0.281016255888607 0.229018910140102 0.174683362763146 0.123158456316655 0 0 0 0 0 0 0 0 0 0 0 0 0 0 0 0 0 0 0 0 0 0 0 0 0 0 0 0 0 0 0 0 0 0 0 0 0 0 0 0 0 0 0 0 0 0 0 0 0 0 0 0 0 0 0.167412019825651 0.256731355278157 0.360485317728838 0.469948052066643 0.576007282315115 0.671288506280403 0.751286978828872 0.814432787441337 0.861429468135161 0.894307071347273 0.915521348605088 0.927262271745589 0.93100382538046 0.927262271745589 0.915521348605088 0.894307071347273 0.861429468135161 0.814432787441337 0.751286978828872 0.671288506280403 0.576007282315115 0.469948052066643 0.360485317728838 0.256731355278157 0.167412019825651 0 0 0 0 0 0 
0.137607745602626 0.203065827506707 0.274907029217262 0.346482195513557 0.411651674359674 0.465754762636727 0.50582991401344 0.53030972877502 0.538526918615456 0.53030972877502 0.50582991401344 0.465754762636727 0.411651674359674 0.346482195513557 0.274907029217262 0.203065827506707 0.137607745602626 0 0 0 0 0 0 0 0 0 0 0 0 0 0 0 0 0 0 0 0 0 0 0 0 0 0 0 0 0 0 0 0 0 0 0 0 0 0 0 0 0 0 0 0 0 0 0 0 0 0 0 0 0 0.128120363112805 0.203065827506706 0.293850304695931 0.393661802129732 0.494413681560494 0.588728454041014 0.671288506280403 0.739282385543279 0.792101469648579 0.830630684626376 0.856454346864764 0.871178188473277 0.875948869756177 0.871178188473277 0.856454346864764 0.830630684626376 0.792101469648579 0.739282385543279 0.671288506280403 0.588728454041014 0.494413681560494 0.393661802129732 0.293850304695931 0.203065827506706 0.128120363112805 0 0 0 0 0 0 
0.213194724557767 0.299831059865423 0.389329811870575 0.47368607554494 0.546768268297297 0.604895398733175 0.64649159935633 0.671288506280403 0.67950727926201 0.671288506280403 0.64649159935633 0.604895398733175 0.546768268297297 0.47368607554494 0.389329811870575 0.299831059865423 0.213194724557767 0.137607745602626 0 0 0 0 0 0 0 0 0 0 0 0 0 0 0 0 0 0 0 0 0 0 0 0 0 0 0 0 0 0 0 0 0 0 0 0 0 0 0 0 0 0 0 0 0 0 0 0 0 0 0 0 0 0.151378689599261 0.226802104064376 0.313544953795974 0.405028135551773 0.494413681560494 0.576007282315115 0.646003689406503 0.70254460558656 0.745301623766704 0.774857596741818 0.792101469648579 0.797758239105781 0.792101469648579 0.774857596741818 0.745301623766704 0.70254460558656 0.646003689406503 0.576007282315115 0.494413681560494 0.405028135551773 0.313544953795974 0.226802104064376 0.151378689599261 0 0 0 0 0 0 0 
0.299831059865423 0.404148601737547 0.50582991401344 0.59656524795472 0.671288506280403 0.728086302591349 0.767220556666722 0.789913279533464 0.797324795483783 0.789913279533464 0.767220556666722 0.728086302591349 0.671288506280403 0.59656524795472 0.50582991401344 0.404148601737547 0.299831059865423 0.203065827506707 0.123158456316655 0 0 0 0 0 0 0 0 0 0 0 0 0 0 0 0 0 0 0 0 0 0 0 0 0 0 0 0 0 0 0 0 0 0 0 0 0 0 0 0 0 0 0 0 0 0 0 0 0 0 0 0 0.105305318414363 0.164111148969758 0.235107874534642 0.313544953795974 0.393661802129732 0.469948052066643 0.538042858999982 0.59509552005819 0.639656266744516 0.671288506280403 0.690099590672575 0.696332705725389 0.690099590672575 0.671288506280403 0.639656266744516 0.59509552005819 0.538042858999982 0.469948052066643 0.393661802129732 0.313544953795974 0.235107874534642 0.164111148969758 0.105305318414363 0 0 0 0 0 0 0 
0.389329811870575 0.50582991401344 0.613226162087338 0.70397494289872 0.774857596741818 0.826112752157697 0.85990569573878 0.878849454791316 0.884922359668643 0.878849454791316 0.85990569573878 0.826112752157697 0.774857596741818 0.70397494289872 0.613226162087338 0.50582991401344 0.389329811870575 0.274907029217262 0.174683362763146 0 0 0 0 0 0 0 0 0 0 0 0 0 0 0 0 0 0 0 0 0 0 0 0 0 0 0 0 0 0 0 0 0 0 0 0 0 0 0 0 0 0 0 0 0 0 0 0 0 0 0 0 0 0.110080880969932 0.164111148969758 0.226802104064376 0.293850304695931 0.360485317728838 0.422346315289189 0.476027324028859 0.519235617952595 0.550654124888253 0.569655869346852 0.576007282315115 0.569655869346852 0.550654124888253 0.519235617952595 0.476027324028859 0.422346315289189 0.360485317728838 0.293850304695931 0.226802104064376 0.164111148969758 0.110080880969932 0 0 0 0 0 0 0 0 
0.47368607554494 0.59656524795472 0.70397494289872 0.789913279533464 0.853360229009251 0.896686686167781 0.923731418166495 0.938221700746449 0.942746337207875 0.938221700746449 0.923731418166495 0.896686686167781 0.853360229009251 0.789913279533464 0.70397494289872 0.59656524795472 0.47368607554494 0.346482195513557 0.229018910140102 0.133881670888812 0 0 0 0 0 0 0 0 0 0 0 0 0 0 0 0 0 0 0 0 0 0 0 0 0 0 0 0 0 0 0 0 0 0 0 0 0 0 0 0 0 0 0 0 0 0 0 0 0 0 0 0 0 0.105305318414363 0.151378689599261 0.203065827506706 0.256731355278157 0.308551931692217 0.355097213752874 0.393661802129732 0.422346315289189 0.439967905193794 0.445905261553246 0.439967905193794 0.422346315289189 0.393661802129732 0.355097213752874 0.308551931692217 0.256731355278157 0.203065827506706 0.151378689599261 0.105305318414363 0 0 0 0 0 0 0 0 0 
0.546768268297297 0.671288506280403 0.774857596741818 0.853360229009251 0.907921976358488 0.942746337207875 0.962969886707551 0.973106067271712 0.976140050695452 0.973106067271712 0.962969886707551 0.942746337207875 0.907921976358488 0.853360229009251 0.774857596741818 0.671288506280403 0.546768268297297 0.411651674359674 0.281016255888607 0.170242197235133 0 0 0 0 0 0 0 0 0 0 0 0 0 0 0 0 0 0 0 0 0 0 0 0 0 0 0 0 0 0 0 0 0 0 0 0 0 0 0 0 0 0 0 0 0 0 0 0 0 0 0 0 0 0 0 0.128120363112805 0.167412019825651 0.206898973949258 0.243610281592228 0.274907029217263 0.298704272491057 0.313544953795974 0.318583623232847 0.313544953795974 0.298704272491057 0.274907029217263 0.243610281592228 0.206898973949258 0.167412019825651 0.128120363112805 0 0 0 0 0 0 0 0 0 0 0 
0.604895398733175 0.728086302591349 0.826112752157697 0.896686686167781 0.942746337207875 0.969898510069849 0.984184154270883 0.990611069359524 0.992388157489868 0.990611069359524 0.984184154270883 0.969898510069849 0.942746337207875 0.896686686167781 0.826112752157697 0.728086302591349 0.604895398733175 0.465754762636727 0.326029135000313 0.203065827506707 0.109894159073899 0 0 0 0 0 0 0 0 0 0 0 0 0 0 0 0 0 0 0 0 0 0 0 0 0 0 0 0 0 0 0 0 0 0 0 0 0 0 0 0 0 0 0 0 0 0 0 0 0 0 0 0 0 0 0 0 0.125414203250862 0.151378689599261 0.174156622341455 0.19186019599356 0.203065827506706 0.206898973949258 0.203065827506706 0.19186019599356 0.174156622341455 0.151378689599261 0.125414203250862 0 0 0 0 0 0 0 0 0 0 0 0 0 
0.64649159935633 0.767220556666722 0.85990569573878 0.923731418166495 0.962969886707551 0.984184154270883 0.99398088581324 0.99764445753162 0.998491812940271 0.99764445753162 0.99398088581324 0.984184154270883 0.962969886707551 0.923731418166495 0.85990569573878 0.767220556666722 0.64649159935633 0.50582991401344 0.360485317728838 0.229018910140102 0.126657759766995 0 0 0 0 0 0 0 0 0 0 0 0 0 0 0 0 0 0 0 0 0 0 0 0 0 0 0 0 0 0 0 0 0 0 0 0 0 0 0 0 0 0 0 0 0 0 0 0 0 0 0 0 0 0 0 0 0 0 0 0.110080880969932 0.117556033730823 0.120132386710025 0.117556033730823 0.110080880969932 0 0 0 0 0 0 0 0 0 0 0 0 0 0 0 0 
0.671288506280403 0.789913279533464 0.878849454791316 0.938221700746449 0.973106067271712 0.990611069359524 0.99764445753162 0.999622739800869 0.999905671604287 0.999622739800869 0.99764445753162 0.990611069359524 0.973106067271712 0.938221700746449 0.878849454791316 0.789913279533464 0.671288506280403 0.53030972877502 0.382017312399871 0.245600250262948 0.137607745602626 0 0 0 0 0 0 0 0 0 0 0 0 0 0 0 0 0 0 0 0 0 0 0 0 0 0 0 0 0 0 0 0 0 0 0 0 0 0 0 0 0 0 0 0 0 0 0 0 0 0 0 0 0 0 0 0 0 0 0 0 0 0 0 0 0 0 0 0 0 0 0 0 0 0 0 0 0 0 0 0 
0.67950727926201 0.797324795483783 0.884922359668643 0.942746337207875 0.976140050695452 0.992388157489868 0.998491812940271 0.999905671604287 1 0.999905671604287 0.998491812940271 0.992388157489868 0.976140050695452 0.942746337207875 0.884922359668643 0.797324795483783 0.67950727926201 0.538526918615456 0.389329811870575 0.251295137900506 0.141410839199098 0 0 0 0 0 0 0 0 0 0 0 0 0 0 0 0 0 0 0 0 0 0 0 0 0 0 0 0 0 0 0 0 0 0 0 0 0 0 0 0 0 0 0 0 0 0 0 0 0 0 0 0 0 0 0 0 0 0 0 0 0 0 0 0 0 0 0 0 0 0 0 0 0 0 0 0 0 0 0 0 
0.671288506280403 0.789913279533464 0.878849454791316 0.938221700746449 0.973106067271712 0.990611069359524 0.99764445753162 0.999622739800869 0.999905671604287 0.999622739800869 0.99764445753162 0.990611069359524 0.973106067271712 0.938221700746449 0.878849454791316 0.789913279533464 0.671288506280403 0.53030972877502 0.382017312399871 0.245600250262948 0.137607745602626 0 0 0 0 0 0 0 0 0 0 0 0 0 0 0 0 0 0 0 0 0 0 0 0 0 0 0 0 0 0 0 0 0 0 0 0 0 0 0 0 0 0 0 0 0.118677929830109 0.139024843303116 0.155080486216545 0.165343416535862 0.168871091339326 0.165343416535862 0.155080486216545 0.139024843303116 0.118677929830109 0 0 0 0 0 0 0 0 0 0 0 0 0 0 0 0 0 0 0 0 0 0 0 0 0 0 0 
0.64649159935633 0.767220556666722 0.85990569573878 0.923731418166495 0.962969886707551 0.984184154270883 0.99398088581324 0.99764445753162 0.998491812940271 0.99764445753162 0.99398088581324 0.984184154270883 0.962969886707551 0.923731418166495 0.85990569573878 0.767220556666722 0.64649159935633 0.50582991401344 0.360485317728838 0.229018910140102 0.126657759766995 0 0 0 0 0 0 0 0 0 0 0 0 0 0 0 0 0 0 0 0 0 0 0 0 0 0 0 0 0 0 0 0 0 0 0 0 0 0 0 0 0 0 0.132962105062322 0.168871091339326 0.203065827506706 0.23275198576861 0.255621144923586 0.270003698857246 0.274907029217262 0.270003698857246 0.255621144923586 0.23275198576861 0.203065827506706 0.168871091339326 0.132962105062322 0 0 0 0 0 0 0 0 0 0 0 0 0 0 0 0 0 0 0 0 0 0 0 0 0 
0.604895398733175 0.728086302591349 0.826112752157697 0.896686686167781 0.942746337207875 0.969898510069849 0.984184154270883 0.990611069359524 0.992388157489868 0.990611069359524 0.984184154270883 0.969898510069849 0.942746337207875 0.896686686167781 0.826112752157697 0.728086302591349 0.604895398733175 0.465754762636727 0.326029135000313 0.203065827506707 0.109894159073899 0 0 0 0 0 0 0 0 0 0 0 0 0 0 0 0 0 0 0 0 0 0 0 0 0 0 0 0 0 0 0 0 0 0 0 0 0 0 0 0 0.118677929830109 0.165343416535862 0.215455236911485 0.265154799099778 0.310730738161097 0.349085762251729 0.377933219110864 0.395781722747518 0.401816508327864 0.395781722747518 0.377933219110864 0.349085762251729 0.310730738161097 0.265154799099778 0.215455236911485 0.165343416535862 0.118677929830109 0 0 0 0 0 0 0 0 0 0 0 0 0 0 0 0 0 0 0 0 0 0 0 
0.546768268297297 0.671288506280403 0.774857596741818 0.853360229009251 0.907921976358488 0.942746337207875 0.962969886707551 0.973106067271712 0.976140050695452 0.973106067271712 0.962969886707551 0.942746337207875 0.907921976358488 0.853360229009251 0.774857596741818 0.671288506280403 0.546768268297297 0.411651674359674 0.281016255888607 0.170242197235133 0 0 0 0 0 0 0 0 0 0 0 0 0 0 0 0 0 0 0 0 0 0 0 0 0 0 0 0 0 0 0 0 0 0 0 0 0 0 0 0 0.130006324424054 0.187320781306818 0.250936757141985 0.316058606295582 0.377933219110864 0.432590140412183 0.477170051191942 0.509890085097244 0.529797018709162 0.536470249431084 0.529797018709162 0.509890085097244 0.477170051191942 0.432590140412183 0.377933219110864 0.316058606295582 0.250936757141985 0.187320781306818 0.130006324424054 0 0 0 0 0 0 0 0 0 0 0 0 0 0 0 0 0 0 0 0 0 0 
0.47368607554494 0.59656524795472 0.70397494289872 0.789913279533464 0.853360229009251 0.896686686167781 0.923731418166495 0.938221700746449 0.942746337207875 0.938221700746449 0.923731418166495 0.896686686167781 0.853360229009251 0.789913279533464 0.70397494289872 0.59656524795472 0.47368607554494 0.346482195513557 0.229018910140102 0.133881670888812 0 0 0 0 0 0 0 0 0 0 0 0 0 0 0 0 0 0 0 0 0 0 0 0 0 0 0 0 0 0 0 0 0 0 0 0 0 0 0 0.130006324424054 0.195083071445882 0.270003698857246 0.349085762251729 0.42635860272545 0.496726676365684 0.556582433376556 0.603854032122282 0.637671088448717 0.657879706706407 0.664591674031008 0.657879706706407 0.637671088448717 0.603854032122282 0.556582433376556 0.496726676365684 0.42635860272545 0.349085762251729 0.270003698857246 0.195083071445882 0.130006324424054 0 0 0 0 0 0 0 0 0 0 0 0 0 0 0 0 0 0 0 0 0 
0.389329811870575 0.50582991401344 0.613226162087338 0.70397494289872 0.774857596741818 0.826112752157697 0.85990569573878 0.878849454791316 0.884922359668643 0.878849454791316 0.85990569573878 0.826112752157697 0.774857596741818 0.70397494289872 0.613226162087338 0.50582991401344 0.389329811870575 0.274907029217262 0.174683362763146 0 0 0 0 0 0 0 0 0 0 0 0 0 0 0 0 0 0 0 0 0 0 0 0 0 0 0 0 0 0 0 0 0 0 0 0 0 0 0 0.118677929830109 0.187320781306818 0.270003698857246 0.360485317728838 0.451499039895303 0.536470249431084 0.610622922614268 0.671288506280403 0.717587513321982 0.749793903980324 0.768657791966943 0.774857596741818 0.768657791966943 0.749793903980324 0.717587513321982 0.671288506280403 0.610622922614268 0.536470249431084 0.451499039895303 0.360485317728838 0.270003698857246 0.187320781306818 0.118677929830109 0 0 0 0 0 0 0 0 0 0 0 0 0 0 0 0 0 0 0 0 
0.299831059865423 0.404148601737547 0.50582991401344 0.59656524795472 0.671288506280403 0.728086302591349 0.767220556666722 0.789913279533464 0.797324795483783 0.789913279533464 0.767220556666722 0.728086302591349 0.671288506280403 0.59656524795472 0.50582991401344 0.404148601737547 0.299831059865423 0.203065827506707 0.123158456316655 0 0 0 0 0 0 0 0 0 0 0 0 0 0 0 0 0 0 0 0 0 0 0 0 0 0 0 0 0 0 0 0 0 0 0 0 0 0 0 0.165343416535862 0.250936757141985 0.349085762251729 0.451499039895303 0.549864440847394 0.637671088448717 0.71104844980095 0.768657791966943 0.810996825403251 0.839516760521633 0.855827841442142 0.861120461442727 0.855827841442142 0.839516760521633 0.810996825403251 0.768657791966943 0.71104844980095 0.637671088448717 0.549864440847394 0.451499039895303 0.349085762251729 0.250936757141985 0.165343416535862 0 0 0 0 0 0 0 0 0 0 0 0 0 0 0 0 0 0 0 0 
0.213194724557767 0.299831059865423 0.389329811870575 0.47368607554494 0.546768268297297 0.604895398733175 0.64649159935633 0.671288506280403 0.67950727926201 0.671288506280403 0.64649159935633 0.604895398733175 0.546768268297297 0.47368607554494 0.389329811870575 0.299831059865423 0.213194724557767 0.137607745602626 0 0 0 0 0 0 0 0 0 0 0 0 0 0 0 0 0 0 0 0 0 0 0 0 0 0 0 0 0 0 0 0 0 0 0 0 0 0 0 0.132962105062322 0.215455236911485 0.316058606295582 0.42635860272545 0.536470249431084 0.637671088448717 0.724096521486238 0.793165715556541 0.845024190708666 0.881521669663235 0.905164062264459 0.918279308438654 0.92246333913879 0.918279308438654 0.905164062264459 0.881521669663235 0.845024190708666 0.793165715556541 0.724096521486238 0.637671088448717 0.536470249431084 0.42635860272545 0.316058606295582 0.215455236911485 0.132962105062322 0 0 0 0 0 0 0 0 0 0 0 0 0 0 0 0 0 0 0 
0.137607745602626 0.203065827506707 0.274907029217262 0.346482195513557 0.411651674359674 0.465754762636727 0.50582991401344 0.53030972877502 0.538526918615456 0.53030972877502 0.50582991401344 0.465754762636727 0.411651674359674 0.346482195513557 0.274907029217262 0.203065827506707 0.137607745602626 0 0 0 0 0 0 0 0 0 0 0 0 0 0 0 0 0 0 0 0 0 0 0 0 0 0 0 0 0 0 0 0 0 0 0 0 0 0 0 0 0.168871091339326 0.265154799099778 0.377933219110864 0.496726676365684 0.610622922614268 0.71104844980095 0.793165715556541 0.855827841442142 0.9006097048128 0.930540921193931 0.948975037403326 0.958776289579179 0.961826199230024 0.958776289579179 0.948975037403326 0.930540921193931 0.9006097048128 0.855827841442142 0.793165715556541 0.71104844980095 0.610622922614268 0.496726676365684 0.377933219110864 0.265154799099778 0.168871091339326 0 0 0 0 0 0 0 0 0 0 0 0 0 0 0 0 0 0 0 
0 0.123158456316655 0.174683362763146 0.229018910140102 0.281016255888607 0.326029135000313 0.360485317728838 0.382017312399871 0.389329811870575 0.382017312399871 0.360485317728838 0.326029135000313 0.281016255888607 0.229018910140102 0.174683362763146 0.123158456316655 0 0 0 0 0 0 0 0 0 0 0 0 0 0 0 0 0 0 0 0 0 0 0 0 0 0 0 0 0 0 0 0 0 0 0 0 0 0 0 0 0.118677929830109 0.203065827506706 0.310730738161097 0.432590140412183 0.556582433376556 0.671288506280403 0.768657791966943 0.845024190708666 0.9006097048128 0.938221700746449 0.961826199230024 0.975397921274272 0.982163677756887 0.984184154270883 0.982163677756887 0.975397921274272 0.961826199230024 0.938221700746449 0.9006097048128 0.845024190708666 0.768657791966943 0.671288506280403 0.556582433376556 0.432590140412183 0.310730738161097 0.203065827506706 0.118677929830109 0 0 0 0 0 0 0 0 0 0 0 0 0 0 0 0 0 0 
0 0 0 0.133881670888812 0.170242197235133 0.203065827506707 0.229018910140102 0.245600250262948 0.251295137900506 0.245600250262948 0.229018910140102 0.203065827506707 0.170242197235133 0.133881670888812 0 0 0 0 0 0 0 0 0 0 0 0 0 0 0 0 0 0 0 0 0 0 0 0 0 0 0 0 0 0 0 0 0 0 0 0 0 0 0 0 0 0 0.139024843303116 0.23275198576861 0.349085762251729 0.477170051191942 0.603854032122282 0.717587513321982 0.810996825403251 0.881521669663235 0.930540921193931 0.961826199230024 0.980025280563354 0.9895308109775 0.993791908611513 0.994968472963602 0.993791908611513 0.9895308109775 0.980025280563354 0.961826199230024 0.930540921193931 0.881521669663235 0.810996825403251 0.717587513321982 0.603854032122282 0.477170051191942 0.349085762251729 0.23275198576861 0.139024843303116 0 0 0 0 0 0 0 0 0 0 0 0 0 0 0 0 0 0 
0 0 0 0 0 0.109894159073899 0.126657759766995 0.137607745602626 0.141410839199098 0.137607745602626 0.126657759766995 0.109894159073899 0 0 0 0 0 0 0 0 0 0 0 0 0 0 0 0 0 0 0 0 0 0 0 0 0 0 0 0 0 0 0 0 0 0 0 0 0 0 0 0 0 0 0 0 0.155080486216545 0.255621144923586 0.377933219110864 0.509890085097244 0.637671088448717 0.749793903980324 0.839516760521633 0.905164062264459 0.948975037403326 0.975397921274272 0.9895308109775 0.996022369116245 0.998444350849736 0.99900410555794 0.998444350849736 0.996022369116245 0.9895308109775 0.975397921274272 0.948975037403326 0.905164062264459 0.839516760521633 0.749793903980324 0.637671088448717 0.509890085097244 0.377933219110864 0.255621144923586 0.155080486216545 0 0 0 0 0 0 0 0 0 0 0 0 0 0 0 0 0 0 
0 0 0 0 0 0 0 0 0 0 0 0 0 0 0 0 0 0 0 0 0 0 0 0 0 0 0 0 0 0 0 0 0 0 0 0 0 0 0 0 0 0 0 0 0 0 0 0 0 0 0 0 0 0 0 0 0.165343416535862 0.270003698857246 0.395781722747518 0.529797018709162 0.657879706706407 0.768657791966943 0.855827841442142 0.918279308438654 0.958776289579179 0.982163677756887 0.993791908611513 0.998444350849736 0.999750933353643 0.99993772752186 0.999750933353643 0.998444350849736 0.993791908611513 0.982163677756887 0.958776289579179 0.918279308438654 0.855827841442142 0.768657791966943 0.657879706706407 0.529797018709162 0.395781722747518 0.270003698857246 0.165343416535862 0 0 0 0 0 0 0 0 0.118677929830109 0.139024843303116 0.155080486216545 0.165343416535862 0.168871091339326 0.165343416535862 0.155080486216545 0.139024843303116 0.118677929830109 0 
0 0 0 0 0 0 0 0 0 0 0 0 0 0 0 0 0 0 0 0 0 0 0 0 0 0 0 0 0 0 0 0 0 0 0 0 0 0 0 0 0 0 0 0 0 0 0 0 0 0 0 0 0 0 0 0 0.168871091339326 0.274907029217262 0.401816508327864 0.536470249431084 0.664591674031008 0.774857596741818 0.861120461442727 0.92246333913879 0.961826199230024 0.984184154270883 0.994968472963602 0.99900410555794 0.99993772752186 1 0.99993772752186 0.99900410555794 0.994968472963602 0.984184154270883 0.961826199230024 0.92246333913879 0.861120461442727 0.774857596741818 0.664591674031008 0.536470249431084 0.401816508327864 0.274907029217262 0.168871091339326 0 0 0 0 0 0 0.132962105062322 0.168871091339326 0.203065827506706 0.23275198576861 0.255621144923586 0.270003698857246 0.274907029217262 0.270003698857246 0.255621144923586 0.23275198576861 0.203065827506706 0.168871091339326 
0 0 0 0 0 0 0 0 0 0 0 0 0 0 0 0 0 0 0 0 0 0 0 0 0 0 0 0 0 0 0 0 0 0 0 0 0 0 0 0 0 0 0 0 0 0 0 0 0 0 0 0 0 0 0 0 0.165343416535862 0.270003698857246 0.395781722747518 0.529797018709162 0.657879706706407 0.768657791966943 0.855827841442142 0.918279308438654 0.958776289579179 0.982163677756887 0.993791908611513 0.998444350849736 0.999750933353643 0.99993772752186 0.999750933353643 0.998444350849736 0.993791908611513 0.982163677756887 0.958776289579179 0.918279308438654 0.855827841442142 0.768657791966943 0.657879706706407 0.529797018709162 0.395781722747518 0.270003698857246 0.165343416535862 0 0 0 0 0.118677929830109 0.165343416535862 0.215455236911485 0.265154799099778 0.310730738161097 0.349085762251729 0.377933219110864 0.395781722747518 0.401816508327864 0.395781722747518 0.377933219110864 0.349085762251729 0.310730738161097 0.265154799099778 
