0 0 0 0 0 0 0 0 0 0 0 0 0 0 0 0 0 0 0 0 0 0 0 0 0 0 0 0 0 0 0 0 0 0 0 0 0 0 0 0 0 0 0 0 0 0 0 0 0 0 0 0 0 0 0 0 0 0 0 0 0 0 0 0 0 0 0 0 0 0 0 0 0 0 0 0 0 0 0.165343416535862 0.270003698857246 0.395781722747518 0.529797018709162 0.657879706706407 0.768657791966943 0.855827841442142 0.918279308438654 0.958776289579179 0.982163677756887 0.993791908611513 0.998444350849736 0.999750933353643 0.99993772752186 0.999750933353643 0.998444350849736 0.993791908611513 0.982163677756887 0.958776289579179 0.918279308438654 0.855827841442142 0.768657791966943 0.657879706706407 
0 0 0 0 0 0 0 0 0 0 0 0 0 0 0 0 0 0 0 0 0 0 0 0 0 0 0 0 0 0 0 0 0 0 0 0 0 0 0 0 0 0 0 0 0 0 0 0 0 0 0 0 0 0 0 0 0 0 0 0 0 0 0 0 0 0 0 0 0 0 0 0 0 0 0 0 0 0 0.168871091339326 0.274907029217262 0.401816508327864 0.536470249431084 0.664591674031008 0.774857596741818 0.861120461442727 0.92246333913879 0.961826199230024 0.984184154270883 0.994968472963602 0.99900410555794 0.99993772752186 1 0.99993772752186 0.99900410555794 0.994968472963602 0.984184154270883 0.961826199230024 0.92246333913879 0.861120461442727 0.774857596741818 0.664591674031008 
0 0 0 0 0 0 0 0 0 0 0 0 0 0 0 0 0 0 0 0 0 0 0 0 0 0 0 0 0 0 0 0 0 0 0 0 0 0 0 0 0 0 0 0 0 0 0 0 0 0 0 0 0 0 0 0 0 0 0 0 0 0 0 0 0 0 0 0 0 0 0 0 0 0 0 0.104414232687483 0.122500346009132 0.138146313254769 0.165343416535862 0.270003698857246 0.395781722747518 0.529797018709162 0.657879706706407 0.768657791966943 0.855827841442142 0.918279308438654 0.958776289579179 0.982163677756887 0.993791908611513 0.998444350849736 0.999750933353643 0.99993772752186 0.999750933353643 0.998444350849736 0.993791908611513 0.982163677756887 0.958776289579179 0.918279308438654 0.855827841442142 0.768657791966943 0.657879706706407 
0 0 0 0 0 0 0 0 0 0 0 0 0 0 0 0 0 0 0 0 0 0 0 0 0 0 0 0 0 0 0 0 0 0 0 0 0 0 0 0 0 0 0 0 0 0 0 0 0 0 0 0 0 0 0 0 0 0 0 0 0 0 0 0 0 0 0 0 0 0 0 0 0 0.114187040522402 0.142880037199683 0.171081827656088 0.196963691966266 0.218884003289759 0.235508295282422 0.255621144923586 0.377933219110864 0.509890085097244 0.637671088448717 0.749793903980324 0.839516760521633 0.905164062264459 0.948975037403326 0.975397921274272 0.9895308109775 0.996022369116245 0.998444350849736 0.99900410555794 0.998444350849736 0.996022369116245 0.9895308109775 0.975397921274272 0.948975037403326 0.905164062264459 0.839516760521633 0.749793903980324 0.637671088448717 
0 0 0 0 0 0 0 0 0 0 0 0 0 0 0 0 0 0 0 0 0 0 0 0 0 0 0 0 0 0 0 0 0 0 0 0 0 0 0 0 0 0 0 0 0 0 0 0 0 0 0 0 0 0 0 0 0 0 0 0 0 0 0 0 0 0 0 0 0 0 0 0.104414232687483 0.140498318567113 0.179424017477813 0.218884003289759 0.25651965189691 0.290183565392887 0.31810179371863 0.338937284468122 0.351782706489923 0.356120302220687 0.477170051191942 0.603854032122282 0.717587513321982 0.810996825403251 0.881521669663235 0.930540921193931 0.961826199230024 0.980025280563354 0.9895308109775 0.993791908611513 0.994968472963602 0.993791908611513 0.9895308109775 0.980025280563354 0.961826199230024 0.930540921193931 0.881521669663235 0.810996825403251 0.717587513321982 0.603854032122282 
0 0 0 0 0 0 0 0 0 0 0 0 0 0 0 0 0 0 0 0 0 0 0 0 0 0 0 0 0 0 0 0 0 0 0 0 0 0 0 0 0 0 0 0 0 0 0 0 0 0 0 0 0 0 0 0 0 0 0 0 0 0 0 0 0 0 0 0 0 0 0.116223524466467 0.160396673849307 0.209296475736806 0.260133618342505 0.30997382981019 0.356120302220687 0.396354664594577 0.429024736817683 0.453012932125387 0.467639043476522 0.472550273284979 0.467639043476522 0.556582433376556 0.671288506280403 0.768657791966943 0.845024190708666 0.9006097048128 0.938221700746449 0.961826199230024 0.975397921274272 0.982163677756887 0.984184154270883 0.982163677756887 0.975397921274272 0.961826199230024 0.938221700746449 0.9006097048128 0.845024190708666 0.768657791966943 0.671288506280403 0.556582433376556 
0 0 0 0 0 0 0 0 0 0 0 0 0 0 0 0 0 0 0 0 0 0 0 0 0 0 0 0 0 0 0 0 0 0 0 0 0 0 0 0 0 0 0 0 0 0 0 0 0 0 0 0 0 0 0 0 0 0 0 0 0 0 0 0 0 0 0 0 0 0.120379986521733 0.171081827656088 0.228761815026476 0.290183565392887 0.351782706489923 0.410217823497029 0.462745398320155 0.507375641403699 0.542840976714897 0.56844692998418 0.583879880290187 0.589031570730014 0.583879880290187 0.56844692998418 0.610622922614268 0.71104844980095 0.793165715556541 0.855827841442142 0.9006097048128 0.930540921193931 0.948975037403326 0.958776289579179 0.961826199230024 0.958776289579179 0.948975037403326 0.930540921193931 0.9006097048128 0.855827841442142 0.793165715556541 0.71104844980095 0.610622922614268 0.496726676365684 
0 0 0 0 0 0 0 0 0 0 0 0 0 0 0 0 0 0 0 0 0 0 0 0 0 0 0 0 0 0 0 0 0 0 0 0 0 0 0 0 0 0 0 0 0 0 0 0 0 0 0 0 0 0 0 0 0 0 0 0 0 0 0 0 0 0 0 0 0.116223524466467 0.171081827656088 0.235508295282422 0.305954880410522 0.378213454956085 0.448175122707347 0.512407727916729 0.56844692998418 0.614812783019591 0.650833867361082 0.676379566235135 0.691585506795639 0.696629003925155 0.691585506795639 0.676379566235135 0.650833867361082 0.637671088448717 0.724096521486238 0.793165715556541 0.845024190708666 0.881521669663235 0.905164062264459 0.918279308438654 0.92246333913879 0.918279308438654 0.905164062264459 0.881521669663235 0.845024190708666 0.793165715556541 0.724096521486238 0.637671088448717 0.536470249431084 0.42635860272545 
0 0 0 0 0 0 0 0 0 0 0 0 0 0 0 0 0 0 0 0 0 0 0 0 0 0 0 0 0 0 0 0 0 0 0 0 0 0 0 0 0 0 0 0 0 0 0 0 0 0 0 0 0 0 0 0 0 0 0 0 0 0 0 0 0 0 0 0.104414232687483 0.160396673849307 0.228761815026476 0.305954880410522 0.387233813910942 0.467639043476522 0.542840976714897 0.609655961399706 0.666187598955666 0.711672460764708 0.746158786226335 0.770138121786953 0.784213372567573 0.788847981145606 0.784213372567573 0.770138121786953 0.746158786226335 0.711672460764708 0.666187598955666 0.71104844980095 0.768657791966943 0.810996825403251 0.839516760521633 0.855827841442142 0.861120461442727 0.855827841442142 0.839516760521633 0.810996825403251 0.768657791966943 0.71104844980095 0.637671088448717 0.549864440847394 0.451499039895303 0.349085762251729 
0 0 0 0 0 0 0 0 0 0 0 0 0 0 0 0 0 0 0 0 0 0 0 0 0 0 0 0 0 0 0 0 0 0 0 0 0 0 0 0 0 0 0 0 0 0 0 0 0 0 0 0 0 0 0 0 0 0 0 0 0 0 0 0 0 0 0 0.140498318567113 0.209296475736806 0.290183565392887 0.378213454956085 0.467639043476522 0.553061902352397 0.630272969598577 0.696629003925155 0.751002753824508 0.793452610653627 0.824775073546704 0.846065366649882 0.858357400416313 0.86236959462745 0.858357400416313 0.846065366649882 0.824775073546704 0.793452610653627 0.751002753824508 0.696629003925155 0.671288506280403 0.717587513321982 0.749793903980324 0.768657791966943 0.774857596741818 0.768657791966943 0.749793903980324 0.717587513321982 0.671288506280403 0.610622922614268 0.536470249431084 0.451499039895303 0.360485317728838 0.270003698857246 
0 0 0 0 0 0 0 0 0 0 0 0 0 0 0 0 0 0 0 0 0 0 0 0 0 0 0 0 0 0 0 0 0 0 0 0 0 0 0 0 0 0 0 0 0 0 0 0 0 0 0 0 0 0 0 0 0 0 0 0 0 0 0 0 0 0 0.114187040522402 0.179424017477813 0.260133618342505 0.351782706489923 0.448175122707347 0.542840976714897 0.630272969598577 0.706673312887989 0.770138121786953 0.820403774867462 0.858357400416313 0.885494202575771 0.903439627393044 0.91358800332705 0.916863476178001 0.91358800332705 0.903439627393044 0.885494202575771 0.858357400416313 0.820403774867462 0.770138121786953 0.706673312887989 0.630272969598577 0.637671088448717 0.657879706706407 0.664591674031008 0.657879706706407 0.637671088448717 0.603854032122282 0.556582433376556 0.496726676365684 0.42635860272545 0.349085762251729 0.270003698857246 0.195083071445882 
0 0 0 0 0 0 0 0 0 0 0 0 0 0 0 0 0 0 0 0 0 0 0 0 0 0 0 0 0 0 0 0 0 0 0 0 0 0 0 0 0 0 0 0 0 0 0 0 0 0 0 0 0 0 0 0 0 0 0 0 0 0 0 0 0 0 0.142880037199683 0.218884003289759 0.30997382981019 0.410217823497029 0.512407727916729 0.609655961399706 0.696629003925155 0.770138121786953 0.829109716325087 0.874139766300504 0.906875396615834 0.92941101300603 0.94380059837805 0.951714996072475 0.954229857097688 0.951714996072475 0.94380059837805 0.92941101300603 0.906875396615834 0.874139766300504 0.829109716325087 0.770138121786953 0.696629003925155 0.609655961399706 0.529797018709162 0.536470249431084 0.529797018709162 0.509890085097244 0.477170051191942 0.432590140412183 0.377933219110864 0.316058606295582 0.250936757141985 0.187320781306818 0.130006324424054 
0 0 0 0 0 0 0 0 0 0 0 0 0 0 0 0 0 0 0 0 0 0 0.104812147829233 0.106920594631704 0.104812147829233 0 0 0 0 0 0 0 0 0 0 0 0 0 0 0 0 0 0 0 0 0 0 0 0 0 0 0 0 0 0 0 0 0 0 0 0 0 0 0 0 0.104414232687483 0.171081827656088 0.25651965189691 0.356120302220687 0.462745398320155 0.56844692998418 0.666187598955666 0.751002753824508 0.820403774867462 0.874139766300504 0.91358800332705 0.941041033391122 0.959071486423003 0.970055160883945 0.97585862499548 0.977659437658666 0.97585862499548 0.970055160883945 0.959071486423003 0.941041033391122 0.91358800332705 0.874139766300504 0.820403774867462 0.751002753824508 0.666187598955666 0.56844692998418 0.462745398320155 0.395781722747518 0.377933219110864 0.349085762251729 0.310730738161097 0.265154799099778 0.215455236911485 0.165343416535862 0.118677929830109 0 
0 0 0 0 0 0 0 0 0 0 0 0 0 0 0 0 0 0 0.115684923412261 0.137409722277032 0.15631514733855 0.170937996594823 0.180169320275932 0.183323525569634 0.180169320275932 0.170937996594823 0.15631514733855 0.137409722277032 0.115684923412261 0 0 0 0 0 0 0 0 0 0 0 0 0 0 0 0 0 0 0 0 0 0 0 0 0 0 0 0 0 0 0 0 0 0 0 0 0.122500346009132 0.196963691966266 0.290183565392887 0.396354664594577 0.507375641403699 0.614812783019591 0.711672460764708 0.793452610653627 0.858357400416313 0.906875396615834 0.941041033391122 0.963658949267768 0.977659437658666 0.985643953597886 0.989606968642054 0.990788232197615 0.989606968642054 0.985643953597886 0.977659437658666 0.963658949267768 0.941041033391122 0.906875396615834 0.858357400416313 0.793452610653627 0.711672460764708 0.614812783019591 0.507375641403699 0.396354664594577 0.290183565392887 0.23275198576861 0.203065827506706 0.168871091339326 0.132962105062322 0 0 0 
0 0 0 0 0 0 0 0 0 0 0 0 0 0 0 0 0.122612727168629 0.15631514733855 0.189748279998623 0.220595950308704 0.246792218905345 0.2666801364936 0.279078188626429 0.283287615124852 0.279078188626429 0.2666801364936 0.246792218905345 0.220595950308704 0.189748279998623 0.15631514733855 0.122612727168629 0 0 0 0 0 0 0 0 0 0 0 0 0 0 0 0 0 0 0 0 0 0 0 0 0 0 0 0 0 0 0 0 0 0 0.138146313254769 0.218884003289759 0.31810179371863 0.429024736817683 0.542840976714897 0.650833867361082 0.746158786226335 0.824775073546704 0.885494202575771 0.92941101300603 0.959071486423003 0.977659437658666 0.988355652294795 0.99390923574253 0.996391503473435 0.99707611439146 0.996391503473435 0.99390923574253 0.988355652294795 0.977659437658666 0.959071486423003 0.92941101300603 0.885494202575771 0.824775073546704 0.746158786226335 0.650833867361082 0.542840976714897 0.429024736817683 0.31810179371863 0.218884003289759 0.138146313254769 0 0 0 0 0 
0 0 0 0 0 0 0 0 0 0 0 0 0 0 0.106920594631704 0.147992000292804 0.193019032456538 0.239110844796065 0.283287615124852 0.32286183457838 0.355662416861082 0.380103984919807 0.395148915389532 0.400224375161453 0.395148915389532 0.380103984919807 0.355662416861082 0.32286183457838 0.283287615124852 0.239110844796065 0.193019032456538 0.147992000292804 0.106920594631704 0 0 0 0 0 0 0 0 0 0 0 0 0 0 0 0 0 0 0 0 0 0 0 0 0 0 0 0 0 0 0 0 0.15020501740057 0.235508295282422 0.338937284468122 0.453012932125387 0.56844692998418 0.676379566235135 0.770138121786953 0.846065366649882 0.903439627393044 0.94380059837805 0.970055160883945 0.985643953597886 0.99390923574253 0.99768905971623 0.999096652550435 0.999421763586342 0.999096652550435 0.99768905971623 0.99390923574253 0.985643953597886 0.970055160883945 0.94380059837805 0.903439627393044 0.846065366649882 0.770138121786953 0.676379566235135 0.56844692998418 0.453012932125387 0.338937284468122 0.235508295282422 0.15020501740057 0 0 0 0 0 
0 0 0 0 0 0 0 0 0 0 0 0 0 0.115684923412261 0.16497520084146 0.220595950308704 0.279078188626429 0.336709967050833 0.390103363731369 0.436544676604533 0.474104756668249 0.501565414362398 0.518249923508899 0.523841320028272 0.518249923508899 0.501565414362398 0.474104756668249 0.436544676604533 0.390103363731369 0.336709967050833 0.279078188626429 0.220595950308704 0.16497520084146 0.115684923412261 0 0 0 0 0 0 0 0 0 0 0 0 0 0 0 0 0 0 0 0 0 0 0 0 0 0 0 0 0 0 0 0.157802808411957 0.245869537322945 0.351782706489923 0.467639043476522 0.583879880290187 0.691585506795639 0.784213372567573 0.858357400416313 0.91358800332705 0.951714996072475 0.97585862499548 0.989606968642054 0.996391503473435 0.999096652550435 0.999855409540007 0.999963850424861 0.999855409540007 0.999096652550435 0.996391503473435 0.989606968642054 0.97585862499548 0.951714996072475 0.91358800332705 0.858357400416313 0.784213372567573 0.691585506795639 0.583879880290187 0.467639043476522 0.351782706489923 0.245869537322945 0.157802808411957 0 0 0 0 0 
0 0 0 0 0 0 0 0 0 0 0 0 0.115684923412261 0.170937996594823 0.235329104562611 0.304902286465511 0.375151121715154 0.441839534964326 0.501565414362398 0.551984532544251 0.591744034005843 0.620239698800861 0.637315772149669 0.642998044918572 0.637315772149669 0.620239698800861 0.591744034005843 0.551984532544251 0.501565414362398 0.441839534964326 0.375151121715154 0.304902286465511 0.235329104562611 0.170937996594823 0.115684923412261 0 0 0 0 0 0 0 0 0 0 0 0 0 0 0 0 0 0 0 0 0 0 0 0 0 0 0 0 0 0 0.160396673849307 0.249387546707287 0.356120302220687 0.472550273284979 0.589031570730014 0.696629003925155 0.788847981145606 0.86236959462745 0.916863476178001 0.954229857097688 0.977659437658666 0.990788232197615 0.99707611439146 0.999421763586342 0.999963850424861 1 0.999963850424861 0.999421763586342 0.99707611439146 0.990788232197615 0.977659437658666 0.954229857097688 0.916863476178001 0.86236959462745 0.788847981145606 0.696629003925155 0.589031570730014 0.472550273284979 0.356120302220687 0.249387546707287 0.160396673849307 0 0 0 0 0 
0 0 0 0 0 0 0 0 0 0 0 0.106920594631704 0.16497520084146 0.235329104562611 0.313809012198177 0.395148915389532 0.474104756668249 0.546333955216652 0.608841665714828 0.660000800008478 0.699277924895135 0.726827706033418 0.743087867008543 0.748456135621549 0.743087867008543 0.726827706033418 0.699277924895135 0.660000800008478 0.608841665714828 0.546333955216652 0.474104756668249 0.395148915389532 0.313809012198177 0.235329104562611 0.16497520084146 0.106920594631704 0 0 0 0 0 0 0 0 0 0 0 0 0 0 0 0 0 0 0 0 0 0 0 0 0 0 0 0 0 0.157802808411957 0.245869537322945 0.351782706489923 0.467639043476522 0.583879880290187 0.691585506795639 0.784213372567573 0.858357400416313 0.91358800332705 0.951714996072475 0.97585862499548 0.989606968642054 0.996391503473435 0.999096652550435 0.999855409540007 0.999963850424861 0.999855409540007 0.999096652550435 0.996391503473435 0.989606968642054 0.97585862499548 0.951714996072475 0.91358800332705 0.858357400416313 0.784213372567573 0.691585506795639 0.583879880290187 0.467639043476522 0.351782706489923 0.245869537322945 0.157802808411957 0 0 0 0 0 
0 0 0 0 0 0 0 0 0 0 0 0.147992000292804 0.220595950308704 0.304902286465511 0.395148915389532 0.485032337719083 0.568987735338826 0.642998044918572 0.704827540960449 0.753796605759244 0.790305353375862 0.815297561312005 0.82979072874981 0.834531383832544 0.82979072874981 0.815297561312005 0.790305353375862 0.753796605759244 0.704827540960449 0.642998044918572 0.568987735338826 0.485032337719083 0.395148915389532 0.304902286465511 0.220595950308704 0.147992000292804 0 0 0 0 0 0 0 0 0 0 0 0 0 0 0 0 0 0 0 0 0 0 0 0 0 0 0 0 0 0.15020501740057 0.235508295282422 0.338937284468122 0.453012932125387 0.56844692998418 0.676379566235135 0.770138121786953 0.846065366649882 0.903439627393044 0.94380059837805 0.970055160883945 0.985643953597886 0.99390923574253 0.99768905971623 0.999096652550435 0.999421763586342 0.999096652550435 0.99768905971623 0.99390923574253 0.985643953597886 0.970055160883945 0.94380059837805 0.903439627393044 0.846065366649882 0.770138121786953 0.676379566235135 0.56844692998418 0.453012932125387 0.338937284468122 0.235508295282422 0.15020501740057 0 0 0 0 0 
0 0 0 0 0 0 0 0 0 0 0.122612727168629 0.193019032456538 0.279078188626429 0.375151121715154 0.474104756668249 0.568987735338826 0.654341628001101 0.726827706033418 0.785191529141158 0.82979072874981 0.861949311456039 0.883336327614971 0.895472829736457 0.899396384789191 0.895472829736457 0.883336327614971 0.861949311456039 0.82979072874981 0.785191529141158 0.726827706033418 0.654341628001101 0.568987735338826 0.474104756668249 0.375151121715154 0.279078188626429 0.193019032456538 0.122612727168629 0 0 0 0 0 0 0 0 0 0 0 0 0 0 0 0 0 0 0 0 0 0 0 0 0 0 0 0 0.138146313254769 0.218884003289759 0.31810179371863 0.429024736817683 0.542840976714897 0.650833867361082 0.746158786226335 0.824775073546704 0.885494202575771 0.92941101300603 0.959071486423003 0.977659437658666 0.988355652294795 0.99390923574253 0.996391503473435 0.99707611439146 0.996391503473435 0.99390923574253 0.988355652294795 0.977659437658666 0.959071486423003 0.92941101300603 0.885494202575771 0.824775073546704 0.746158786226335 0.650833867361082 0.542840976714897 0.429024736817683 0.31810179371863 0.218884003289759 0.138146313254769 0 0 0 0 0 
0 0 0 0 0 0 0 0 0 0 0.15631514733855 0.239110844796065 0.336709967050833 0.441839534964326 0.546333955216652 0.642998044918572 0.726827706033418 0.795382229689234 0.848466718658151 0.887441818703273 0.91445524372832 0.931780343280334 0.941334338526321 0.944373889418294 0.941334338526321 0.931780343280334 0.91445524372832 0.887441818703273 0.848466718658151 0.795382229689234 0.726827706033418 0.642998044918572 0.546333955216652 0.441839534964326 0.336709967050833 0.239110844796065 0.15631514733855 0 0 0 0 0 0 0 0 0 0 0 0 0 0 0 0 0 0 0 0 0 0 0 0 0 0 0 0 0.122500346009132 0.196963691966266 0.290183565392887 0.396354664594577 0.507375641403699 0.614812783019591 0.711672460764708 0.793452610653627 0.858357400416313 0.906875396615834 0.941041033391122 0.963658949267768 0.977659437658666 0.985643953597886 0.989606968642054 0.990788232197615 0.989606968642054 0.985643953597886 0.977659437658666 0.963658949267768 0.941041033391122 0.906875396615834 0.858357400416313 0.793452610653627 0.711672460764708 0.614812783019591 0.507375641403699 0.396354664594577 0.290183565392887 0.196963691966266 0.122500346009132 0 0 0 0 0 
0 0 0 0 0 0 0 0 0 0.115684923412261 0.189748279998623 0.283287615124852 0.390103363731369 0.501565414362398 0.608841665714828 0.704827540960449 0.785191529141158 0.848466718658151 0.895472829736457 0.928453253817881 0.950230652626895 0.963541515953135 0.970588122809394 0.972776573374041 0.970588122809394 0.963541515953135 0.950230652626895 0.928453253817881 0.895472829736457 0.848466718658151 0.785191529141158 0.704827540960449 0.608841665714828 0.501565414362398 0.390103363731369 0.283287615124852 0.189748279998623 0.115684923412261 0 0 0 0 0 0 0 0 0 0 0 0 0 0 0 0 0 0 0 0 0 0 0 0 0 0 0 0.104414232687483 0.171081827656088 0.25651965189691 0.356120302220687 0.462745398320155 0.56844692998418 0.666187598955666 0.751002753824508 0.820403774867462 0.874139766300504 0.91358800332705 0.941041033391122 0.959071486423003 0.970055160883945 0.97585862499548 0.977659437658666 0.97585862499548 0.970055160883945 0.959071486423003 0.941041033391122 0.91358800332705 0.874139766300504 0.820403774867462 0.751002753824508 0.666187598955666 0.56844692998418 0.462745398320155 0.356120302220687 0.25651965189691 0.171081827656088 0.104414232687483 0 0 0 0 0 
0 0 0 0 0 0 0 0 0 0.137409722277032 0.220595950308704 0.32286183457838 0.436544676604533 0.551984532544251 0.660000800008478 0.753796605759244 0.82979072874981 0.887441818703273 0.928453253817881 0.95578600783865 0.972776573374041 0.982490559621666 0.987318464124346 0.988758356812193 0.987318464124346 0.982490559621666 0.972776573374041 0.95578600783865 0.928453253817881 0.887441818703273 0.82979072874981 0.753796605759244 0.660000800008478 0.551984532544251 0.436544676604533 0.32286183457838 0.220595950308704 0.137409722277032 0 0 0 0 0 0 0 0 0 0 0 0 0 0 0 0 0 0 0 0 0 0 0 0 0 0 0 0 0.142880037199683 0.218884003289759 0.30997382981019 0.410217823497029 0.512407727916729 0.609655961399706 0.696629003925155 0.770138121786953 0.829109716325087 0.874139766300504 0.906875396615834 0.92941101300603 0.94380059837805 0.951714996072475 0.954229857097688 0.951714996072475 0.94380059837805 0.92941101300603 0.906875396615834 0.874139766300504 0.829109716325087 0.770138121786953 0.696629003925155 0.609655961399706 0.512407727916729 0.410217823497029 0.30997382981019 0.218884003289759 0.142880037199683 0 0 0 0 0 0 
0 0 0 0 0 0 0 0 0 0.15631514733855 0.246792218905345 0.355662416861082 0.474104756668249 0.591744034005843 0.699277924895135 0.790305353375862 0.861949311456039 0.91445524372832 0.950230652626895 0.972776573374041 0.98579359648361 0.992564511281568 0.995593600836996 0.996429319971766 0.995593600836996 0.992564511281568 0.98579359648361 0.972776573374041 0.950230652626895 0.91445524372832 0.861949311456039 0.790305353375862 0.699277924895135 0.591744034005843 0.474104756668249 0.355662416861082 0.246792218905345 0.15631514733855 0 0 0 0 0 0 0 0 0 0 0 0 0 0 0 0 0 0 0 0 0 0 0 0 0 0 0 0 0.114187040522402 0.179424017477813 0.260133618342505 0.351782706489923 0.448175122707347 0.542840976714897 0.630272969598577 0.706673312887989 0.770138121786953 0.820403774867462 0.858357400416313 0.885494202575771 0.903439627393044 0.91358800332705 0.916863476178001 0.91358800332705 0.903439627393044 0.885494202575771 0.858357400416313 0.820403774867462 0.770138121786953 0.706673312887989 0.630272969598577 0.542840976714897 0.448175122707347 0.351782706489923 0.260133618342505 0.179424017477813 0.114187040522402 0 0 0 0 0 0 
0 0 0 0 0 0 0 0 0 0.170937996594823 0.2666801364936 0.380103984919807 0.501565414362398 0.620239698800861 0.726827706033418 0.815297561312005 0.883336327614971 0.931780343280334 0.963541515953135 0.982490559621666 0.992564511281568 0.997177663292007 0.998896575233025 0.999293667817605 0.998896575233025 0.997177663292007 0.992564511281568 0.982490559621666 0.963541515953135 0.931780343280334 0.883336327614971 0.815297561312005 0.726827706033418 0.620239698800861 0.501565414362398 0.380103984919807 0.2666801364936 0.170937996594823 0 0 0 0 0 0 0 0 0 0 0 0 0 0 0 0 0 0 0 0 0 0 0 0 0 0 0 0 0 0.140498318567113 0.209296475736806 0.290183565392887 0.378213454956085 0.467639043476522 0.553061902352397 0.630272969598577 0.696629003925155 0.751002753824508 0.793452610653627 0.824775073546704 0.846065366649882 0.858357400416313 0.86236959462745 0.858357400416313 0.846065366649882 0.824775073546704 0.793452610653627 0.751002753824508 0.696629003925155 0.630272969598577 0.553061902352397 0.467639043476522 0.378213454956085 0.290183565392887 0.209296475736806 0.140498318567113 0 0 0 0 0 0 0 
0 0 0 0 0 0 0 0 0.104812147829233 0.180169320275932 0.279078188626429 0.395148915389532 0.518249923508899 0.637315772149669 0.743087867008543 0.82979072874981 0.895472829736457 0.941334338526321 0.970588122809394 0.987318464124346 0.995593600836996 0.998896575233025 0.999823370162762 0.999955839615567 0.999823370162762 0.998896575233025 0.995593600836996 0.987318464124346 0.970588122809394 0.941334338526321 0.895472829736457 0.82979072874981 0.743087867008543 0.637315772149669 0.518249923508899 0.395148915389532 0.279078188626429 0.180169320275932 0.104812147829233 0 0 0 0 0 0 0 0 0 0 0 0 0 0 0 0 0 0 0 0 0 0 0 0 0 0 0 0 0.104414232687483 0.160396673849307 0.228761815026476 0.305954880410522 0.387233813910942 0.467639043476522 0.542840976714897 0.609655961399706 0.666187598955666 0.711672460764708 0.746158786226335 0.770138121786953 0.784213372567573 0.788847981145606 0.784213372567573 0.770138121786953 0.746158786226335 0.711672460764708 0.666187598955666 0.609655961399706 0.542840976714897 0.467639043476522 0.387233813910942 0.305954880410522 0.228761815026476 0.160396673849307 0.104414232687483 0 0 0 0 0 0 0 
0 0 0 0 0 0 0 0 0.106920594631704 0.183323525569634 0.283287615124852 0.400224375161453 0.523841320028272 0.642998044918572 0.748456135621549 0.834531383832544 0.899396384789191 0.944373889418294 0.972776573374041 0.988758356812193 0.996429319971766 0.999293667817605 0.999955839615567 1 0.999955839615567 0.999293667817605 0.996429319971766 0.988758356812193 0.972776573374041 0.944373889418294 0.899396384789191 0.834531383832544 0.748456135621549 0.642998044918572 0.523841320028272 0.400224375161453 0.283287615124852 0.183323525569634 0.106920594631704 0 0 0 0 0 0 0 0 0 0 0 0 0 0 0 0 0 0 0 0 0 0 0 0 0 0 0 0 0 0.116223524466467 0.171081827656088 0.235508295282422 0.305954880410522 0.378213454956085 0.448175122707347 0.512407727916729 0.56844692998418 0.614812783019591 0.650833867361082 0.676379566235135 0.691585506795639 0.696629003925155 0.691585506795639 0.676379566235135 0.650833867361082 0.614812783019591 0.56844692998418 0.512407727916729 0.448175122707347 0.378213454956085 0.305954880410522 0.235508295282422 0.171081827656088 0.116223524466467 0 0 0 0 0 0 0 0 
0 0 0 0 0 0 0 0 0.104812147829233 0.180169320275932 0.279078188626429 0.395148915389532 0.518249923508899 0.637315772149669 0.743087867008543 0.82979072874981 0.895472829736457 0.941334338526321 0.970588122809394 0.987318464124346 0.995593600836996 0.998896575233025 0.999823370162762 0.999955839615567 0.999823370162762 0.998896575233025 0.995593600836996 0.987318464124346 0.970588122809394 0.941334338526321 0.895472829736457 0.82979072874981 0.743087867008543 0.637315772149669 0.518249923508899 0.395148915389532 0.279078188626429 0.180169320275932 0.104812147829233 0 0 0 0 0 0 0 0 0 0 0 0 0 0 0 0 0 0 0 0 0 0 0 0 0 0 0 0 0 0 0.120379986521733 0.171081827656088 0.228761815026476 0.290183565392887 0.351782706489923 0.410217823497029 0.462745398320155 0.507375641403699 0.542840976714897 0.56844692998418 0.583879880290187 0.589031570730014 0.583879880290187 0.56844692998418 0.542840976714897 0.507375641403699 0.462745398320155 0.410217823497029 0.351782706489923 0.290183565392887 0.228761815026476 0.171081827656088 0.120379986521733 0 0 0 0 0 0 0 0 0 
0 0 0 0 0 0 0 0 0 0.170937996594823 0.2666801364936 0.380103984919807 0.501565414362398 0.620239698800861 0.726827706033418 0.815297561312005 0.883336327614971 0.931780343280334 0.963541515953135 0.982490559621666 0.992564511281568 0.997177663292007 0.998896575233025 0.999293667817605 0.998896575233025 0.997177663292007 0.992564511281568 0.982490559621666 0.963541515953135 0.931780343280334 0.883336327614971 0.815297561312005 0.726827706033418 0.620239698800861 0.501565414362398 0.380103984919807 0.2666801364936 0.170937996594823 0 0 0 0 0 0 0 0 0 0 0 0 0 0 0 0 0 0 0 0 0 0 0 0 0 0 0 0 0 0 0 0 0.116223524466467 0.160396673849307 0.209296475736806 0.260133618342505 0.30997382981019 0.356120302220687 0.396354664594577 0.429024736817683 0.453012932125387 0.467639043476522 0.472550273284979 0.467639043476522 0.453012932125387 0.429024736817683 0.396354664594577 0.356120302220687 0.30997382981019 0.260133618342505 0.209296475736806 0.160396673849307 0.116223524466467 0 0 0 0 0 0 0 0 0 0 
0 0 0 0 0 0 0 0 0 0.15631514733855 0.246792218905345 0.355662416861082 0.474104756668249 0.591744034005843 0.699277924895135 0.790305353375862 0.861949311456039 0.91445524372832 0.950230652626895 0.972776573374041 0.98579359648361 0.992564511281568 0.995593600836996 0.996429319971766 0.995593600836996 0.992564511281568 0.98579359648361 0.972776573374041 0.950230652626895 0.91445524372832 0.861949311456039 0.790305353375862 0.699277924895135 0.591744034005843 0.474104756668249 0.355662416861082 0.246792218905345 0.15631514733855 0 0 0 0 0 0 0 0 0 0 0 0 0 0 0 0 0 0 0 0 0 0 0 0 0 0 0 0 0 0 0 0 0 0.104414232687483 0.140498318567113 0.179424017477813 0.218884003289759 0.25651965189691 0.290183565392887 0.31810179371863 0.338937284468122 0.351782706489923 0.356120302220687 0.351782706489923 0.338937284468122 0.31810179371863 0.290183565392887 0.25651965189691 0.218884003289759 0.179424017477813 0.140498318567113 0.104414232687483 0 0 0 0 0 0 0 0 0 0 0 
0 0 0 0 0 0 0 0 0 0.137409722277032 0.220595950308704 0.32286183457838 0.436544676604533 0.551984532544251 0.660000800008478 0.753796605759244 0.82979072874981 0.887441818703273 0.928453253817881 0.95578600783865 0.972776573374041 0.982490559621666 0.987318464124346 0.988758356812193 0.987318464124346 0.982490559621666 0.972776573374041 0.95578600783865 0.928453253817881 0.887441818703273 0.82979072874981 0.753796605759244 0.660000800008478 0.551984532544251 0.436544676604533 0.32286183457838 0.220595950308704 0.137409722277032 0 0 0 0 0 0 0 0 0 0 0 0 0 0 0 0 0 0 0 0 0 0 0 0 0 0 0 0 0 0 0 0 0 0 0 0.114187040522402 0.142880037199683 0.171081827656088 0.196963691966266 0.218884003289759 0.235508295282422 0.245869537322945 0.249387546707287 0.245869537322945 0.235508295282422 0.218884003289759 0.196963691966266 0.171081827656088 0.142880037199683 0.114187040522402 0 0 0 0 0 0 0 0 0 0 0 0 0 
0 0 0 0 0 0 0 0 0 0.115684923412261 0.189748279998623 0.283287615124852 0.390103363731369 0.501565414362398 0.608841665714828 0.704827540960449 0.785191529141158 0.848466718658151 0.895472829736457 0.928453253817881 0.950230652626895 0.963541515953135 0.970588122809394 0.972776573374041 0.970588122809394 0.963541515953135 0.950230652626895 0.928453253817881 0.895472829736457 0.848466718658151 0.785191529141158 0.704827540960449 0.608841665714828 0.501565414362398 0.390103363731369 0.283287615124852 0.189748279998623 0.115684923412261 0 0 0 0 0 0 0 0 0 0 0 0 0 0 0 0 0 0 0 0 0 0 0 0 0 0 0 0 0 0 0 0 0 0 0 0 0 0.104414232687483 0.122500346009132 0.138146313254769 0.15020501740057 0.157802808411957 0.160396673849307 0.157802808411957 0.15020501740057 0.138146313254769 0.122500346009132 0.104414232687483 0 0 0 0 0 0 0 0 0 0 0 0 0 0 0 
0 0 0 0 0 0 0 0 0 0 0.15631514733855 0.239110844796065 0.336709967050833 0.441839534964326 0.546333955216652 0.642998044918572 0.726827706033418 0.795382229689234 0.848466718658151 0.887441818703273 0.91445524372832 0.931780343280334 0.941334338526321 0.944373889418294 0.941334338526321 0.931780343280334 0.91445524372832 0.887441818703273 0.848466718658151 0.795382229689234 0.726827706033418 0.642998044918572 0.546333955216652 0.441839534964326 0.336709967050833 0.239110844796065 0.15631514733855 0 0 0 0 0 0 0 0 0 0 0 0 0 0 0 0 0 0 0 0 0 0 0 0 0 0 0 0 0 0 0 0 0 0 0 0 0 0 0 0 0 0 0 0 0 0 0 0 0 0 0 0 0 0 0 0 0 0 0 0 0 0 0 0 
0 0 0 0 0 0 0 0 0 0 0.122612727168629 0.193019032456538 0.279078188626429 0.375151121715154 0.474104756668249 0.568987735338826 0.654341628001101 0.726827706033418 0.785191529141158 0.82979072874981 0.861949311456039 0.883336327614971 0.895472829736457 0.899396384789191 0.895472829736457 0.883336327614971 0.861949311456039 0.82979072874981 0.785191529141158 0.726827706033418 0.654341628001101 0.568987735338826 0.474104756668249 0.375151121715154 0.279078188626429 0.193019032456538 0.122612727168629 0 0 0 0 0 0 0 0 0 0 0 0 0 0 0 0 0 0 0 0 0 0 0 0 0 0 0 0 0 0 0 0 0 0 0 0 0 0 0 0 0 0 0 0 0 0 0 0 0 0 0 0 0 0 0 0 0 0 0 0 0 0 0 0 
0 0 0 0 0 0 0 0 0 0 0 0.147992000292804 0.220595950308704 0.304902286465511 0.395148915389532 0.485032337719083 0.568987735338826 0.642998044918572 0.704827540960449 0.753796605759244 0.790305353375862 0.815297561312005 0.82979072874981 0.834531383832544 0.82979072874981 0.815297561312005 0.790305353375862 0.753796605759244 0.704827540960449 0.642998044918572 0.568987735338826 0.485032337719083 0.395148915389532 0.304902286465511 0.220595950308704 0.147992000292804 0 0 0 0 0 0 0 0 0 0 0 0 0 0 0 0 0 0 0 0 0 0 0 0 0 0 0 0 0 0 0 0 0 0 0 0 0 0 0 0 0 0 0 0 0 0 0 0 0 0 0 0 0 0 0 0 0 0 0 0 0 0 0 0 0 
0 0 0 0 0 0 0 0 0 0 0 0.106920594631704 0.16497520084146 0.235329104562611 0.313809012198177 0.395148915389532 0.474104756668249 0.546333955216652 0.608841665714828 0.660000800008478 0.699277924895135 0.726827706033418 0.743087867008543 0.748456135621549 0.743087867008543 0.726827706033418 0.699277924895135 0.660000800008478 0.608841665714828 0.546333955216652 0.474104756668249 0.395148915389532 0.313809012198177 0.235329104562611 0.16497520084146 0.106920594631704 0 0 0 0 0 0 0 0 0 0 0 0 0 0 0 0 0 0 0 0 0 0 0 0 0 0 0 0 0 0 0 0 0 0 0 0 0 0 0 0 0 0 0 0 0 0 0 0 0 0 0 0 0 0 0 0 0 0 0 0 0 0 0 0 0 
0 0 0 0 0 0 0 0 0 0 0 0 0.115684923412261 0.170937996594823 0.235329104562611 0.304902286465511 0.375151121715154 0.441839534964326 0.501565414362398 0.551984532544251 0.591744034005843 0.620239698800861 0.637315772149669 0.642998044918572 0.637315772149669 0.620239698800861 0.591744034005843 0.551984532544251 0.501565414362398 0.441839534964326 0.375151121715154 0.304902286465511 0.235329104562611 0.170937996594823 0.115684923412261 0 0 0 0 0 0 0 0 0 0 0 0 0 0 0 0 0 0 0 0 0 0 0 0 0 0 0 0 0 0 0 0 0 0 0 0 0 0 0 0 0 0 0 0 0 0 0 0 0 0 0 0 0 0 0 0 0 0 0 0 0 0 0 0 0 0 
0 0 0 0 0 0 0 0 0 0 0 0 0 0.115684923412261 0.16497520084146 0.220595950308704 0.279078188626429 0.336709967050833 0.390103363731369 0.436544676604533 0.474104756668249 0.501565414362398 0.518249923508899 0.523841320028272 0.518249923508899 0.501565414362398 0.474104756668249 0.436544676604533 0.390103363731369 0.336709967050833 0.279078188626429 0.220595950308704 0.16497520084146 0.115684923412261 0 0 0 0 0 0 0 0 0 0 0 0 0 0 0 0 0 0 0 0 0 0 0 0 0 0 0 0 0 0 0 0 0 0 0 0 0 0 0 0 0 0 0 0 0 0 0 0 0 0 0 0 0 0 0 0 0 0 0 0 0 0 0 0 0 0 0 
0 0 0 0 0 0 0 0 0 0 0 0 0 0 0.106920594631704 0.147992000292804 0.193019032456538 0.239110844796065 0.283287615124852 0.32286183457838 0.355662416861082 0.380103984919807 0.395148915389532 0.400224375161453 0.395148915389532 0.380103984919807 0.355662416861082 0.32286183457838 0.283287615124852 0.239110844796065 0.193019032456538 0.147992000292804 0.106920594631704 0 0 0 0 0 0 0 0 0 0 0 0 0 0 0 0 0 0 0 0 0 0 0 0 0 0 0 0 0 0 0 0 0 0 0 0 0 0 0 0 0 0 0 0 0 0 0 0 0 0 0 0 0 0 0 0 0 0 0 0 0 0 0 0 0 0 0 0 
0 0 0 0 0 0 0 0 0 0 0 0 0 0 0 0 0.122612727168629 0.15631514733855 0.189748279998623 0.220595950308704 0.246792218905345 0.2666801364936 0.279078188626429 0.283287615124852 0.279078188626429 0.2666801364936 0.246792218905345 0.220595950308704 0.189748279998623 0.15631514733855 0.122612727168629 0 0 0 0 0 0 0 0 0 0 0 0 0 0 0 0 0 0 0 0 0 0 0 0 0 0 0 0 0 0 0 0 0 0 0 0 0 0 0 0 0 0 0 0 0 0 0 0 0 0 0 0 0 0 0 0 0 0 0 0 0 0 0 0 0 0 0 0 0 0 
0 0 0 0 0 0 0 0 0 0 0 0 0 0 0 0 0 0 0.115684923412261 0.137409722277032 0.15631514733855 0.170937996594823 0.180169320275932 0.183323525569634 0.180169320275932 0.170937996594823 0.15631514733855 0.137409722277032 0.115684923412261 0 0 0 0 0 0 0 0 0 0 0 0 0 0 0 0 0 0 0 0 0 0 0 0 0 0 0 0 0 0 0 0 0 0 0 0 0.104414232687483 0.122500346009132 0.138146313254769 0.15020501740057 0.157802808411957 0.160396673849307 0.157802808411957 0.15020501740057 0.138146313254769 0.122500346009132 0.104414232687483 0 0 0 0 0 0 0 0 0 0 0 0 0 0 0 0 0 0 0 0 0 0 0 0 0 
0 0 0 0 0 0 0 0 0 0 0 0 0 0 0 0 0 0 0 0 0 0 0.104812147829233 0.106920594631704 0.104812147829233 0 0 0 0 0 0 0 0 0 0 0 0 0 0 0 0 0 0 0 0 0 0 0 0 0 0 0 0 0 0 0 0 0 0 0 0 0 0 0.114187040522402 0.142880037199683 0.171081827656088 0.196963691966266 0.218884003289759 0.235508295282422 0.245869537322945 0.249387546707287 0.245869537322945 0.235508295282422 0.218884003289759 0.196963691966266 0.171081827656088 0.142880037199683 0.114187040522402 0 0 0 0 0 0 0 0 0 0 0 0 0 0 0 0 0 0 0 0 0 0 0 
0 0 0 0 0 0 0 0 0 0 0 0 0 0 0 0 0 0 0 0 0 0 0 0 0 0 0 0 0 0 0 0 0 0 0 0 0 0 0 0 0 0 0 0 0 0 0 0 0 0 0 0 0 0 0 0 0 0 0 0 0 0.104414232687483 0.140498318567113 0.179424017477813 0.218884003289759 0.25651965189691 0.290183565392887 0.31810179371863 0.338937284468122 0.351782706489923 0.356120302220687 0.351782706489923 0.338937284468122 0.31810179371863 0.290183565392887 0.25651965189691 0.218884003289759 0.179424017477813 0.140498318567113 0.104414232687483 0 0 0 0 0 0 0 0 0 0 0 0 0 0 0 0 0 0 0 0 0 
0 0 0 0 0 0 0 0 0 0 0 0 0 0 0 0 0 0 0 0 0 0 0 0 0 0 0 0 0 0 0 0 0 0 0 0 0 0 0 0 0 0 0 0 0 0 0 0 0 0 0 0 0 0 0 0 0 0 0 0 0.116223524466467 0.160396673849307 0.209296475736806 0.260133618342505 0.30997382981019 0.356120302220687 0.396354664594577 0.429024736817683 0.453012932125387 0.467639043476522 0.472550273284979 0.467639043476522 0.453012932125387 0.429024736817683 0.396354664594577 0.356120302220687 0.30997382981019 0.260133618342505 0.209296475736806 0.160396673849307 0.129032167400704 0.132168997898845 0.129032167400704 0.119959298492964 0.105932590152189 0 0 0 0 0 0 0 0 0 0 0 0 0 0 0 0 
0 0 0 0 0 0 0 0 0 0 0 0 0 0 0 0 0 0 0 0 0 0 0 0 0 0 0 0 0 0 0 0 0 0 0 0 0 0 0 0 0 0 0 0 0 0 0 0 0 0 0 0 0 0 0 0 0 0 0 0.120379986521733 0.171081827656088 0.228761815026476 0.290183565392887 0.351782706489923 0.410217823497029 0.462745398320155 0.507375641403699 0.542840976714897 0.56844692998418 0.583879880290187 0.589031570730014 0.583879880290187 0.56844692998418 0.542840976714897 0.507375641403699 0.462745398320155 0.410217823497029 0.351782706489923 0.290183565392887 0.228761815026476 0.225436948126087 0.230100793631598 0.225436948126087 0.211824785804258 0.190399311582767 0.163021388703181 0.132168997898845 0.100692484575402 0 0 0 0 0 0 0 0 0 0 0 0 0 
0 0 0 0 0 0 0 0 0 0 0 0 0 0 0 0 0 0 0 0 0 0 0 0 0 0 0 0 0 0 0 0 0 0 0 0 0 0 0 0 0 0 0 0 0 0 0 0 0 0 0 0 0 0 0 0 0 0 0.116223524466467 0.171081827656088 0.235508295282422 0.305954880410522 0.378213454956085 0.448175122707347 0.512407727916729 0.56844692998418 0.614812783019591 0.650833867361082 0.676379566235135 0.691585506795639 0.696629003925155 0.691585506795639 0.676379566235135 0.650833867361082 0.614812783019591 0.56844692998418 0.512407727916729 0.448175122707347 0.378213454956085 0.330515821523994 0.348332566942387 0.354381957135243 0.348332566942387 0.330515821523994 0.301966205404137 0.264512403739173 0.220836336046566 0.174384737139833 0.129032167400704 0 0 0 0 0 0 0 0 0 0 0 0 
0 0 0 0 0 0 0 0 0 0 0 0 0 0 0 0 0 0 0 0 0 0 0 0 0 0 0 0 0 0 0 0 0 0 0 0 0 0 0 0 0 0 0 0 0 0 0 0 0 0 0 0 0 0 0 0 0 0.104414232687483 0.160396673849307 0.228761815026476 0.305954880410522 0.387233813910942 0.467639043476522 0.542840976714897 0.609655961399706 0.666187598955666 0.711672460764708 0.746158786226335 0.770138121786953 0.784213372567573 0.788847981145606 0.784213372567573 0.770138121786953 0.746158786226335 0.711672460764708 0.666187598955666 0.609655961399706 0.542840976714897 0.467639043476522 0.464700712742793 0.48539794290909 0.492360316662318 0.48539794290909 0.464700712742793 0.4309247939071 0.385421610472514 0.330515821523994 0.269678742919249 0.207413768509558 0.148718319959564 0 0 0 0 0 0 0 0 0 0 0 
0 0 0 0 0 0 0 0 0 0 0 0 0 0 0 0 0 0 0 0 0 0 0 0 0 0 0 0 0 0 0 0 0 0 0 0 0 0 0 0 0 0 0 0 0 0 0 0 0 0 0 0 0 0 0 0 0 0.140498318567113 0.209296475736806 0.290183565392887 0.378213454956085 0.467639043476522 0.553061902352397 0.630272969598577 0.696629003925155 0.751002753824508 0.793452610653627 0.824775073546704 0.846065366649882 0.858357400416313 0.86236959462745 0.858357400416313 0.846065366649882 0.824775073546704 0.793452610653627 0.751002753824508 0.696629003925155 0.630272969598577 0.563312339004762 0.599341703750742 0.620999310052938 0.628212978004615 0.620999310052938 0.599341703750742 0.563312339004762 0.513415663919192 0.451075486675191 0.379110887283382 0.301966205404137 0.225436948126087 0.155749842549783 0 0 0 0 0 0 0 0 0 0 
